START -1.9528205128205127 2.890940170940171 -4.805470085470086 0.34915109236477526 -0.48881152931068533 -0.20949065541886513 END 
START -3.005811965811966 2.1825641025641027 -3.790769230769231 0.20949065541886513 -0.34915109236477526 -0.017457554618238762 END 
START -3.4844444444444442 1.4741880341880342 -3.1398290598290597 -0.06110144116383567 -0.09601655040031319 0.1309316596367907 END 
START -4.690598290598291 1.5124786324786326 -2.4314529914529914 -0.4277100881468497 0.06110144116383567 -0.16584676887326824 END 
START -5.1692307692307695 0.8232478632478633 -1.6082051282051282 -0.7244885166569086 0.24440576465534267 -0.5062690839289241 END 
START -5.667008547008547 0.67008547008547 -0.47863247863247865 -0.8816065082210575 0.4713539746924466 -0.5411841931654017 END 
START -6.222222222222222 0.9764102564102564 0.650940170940171 -1.1172834955672808 0.8903352855301769 -0.6721158528021923 END 
START -6.490256410256411 1.4741880341880342 0.7658119658119658 -1.4402482560046979 1.2656727098223102 -1.0038093905487289 END 
START -6.145641025641026 1.5507692307692307 0.7275213675213675 -1.7282979072056375 1.7282979072056375 -1.0212669451669676 END 
START -4.6523076923076925 2.508034188034188 1.1487179487179486 -2.1560079953524873 2.496430310408143 -0.3578798696738946 END 
START -3.675897435897436 4.154529914529914 0.7849572649572649 -2.583718083499337 2.8717677347002764 -0.28804965120093956 END 
START -2.259145299145299 5.762735042735042 0.11487179487179487 -2.9415979531732313 3.229647604374171 -0.4102525335286109 END 
START -0.9572649572649573 7.581538461538462 0.26803418803418805 -3.2383763816832905 3.4216807051747975 -0.5237266385471628 END 
START 0.5169230769230769 9.993846153846153 -0.3446153846153846 -3.5002397009568718 3.5613411421207077 -0.7070309620386699 END 
START 3.1398290598290597 13.076239316239317 -1.6082051282051282 -3.552612364811588 3.5002397009568718 -0.8117762897481025 END 
START 5.915897435897436 16.292649572649573 -3.2355555555555555 -3.3169353774653647 3.3343929320836034 -0.7855899578207443 END 
START 7.792136752136752 18.59008547008547 -4.6523076923076925 -2.9415979531732313 2.8455814027729183 -1.029995722476087 END 
START 9.151452991452992 19.470769230769232 -5.2841025641025645 -2.5313454196446203 2.3393123188439944 -1.2045712686584746 END 
START 10.338461538461539 20.38974358974359 -5.571282051282052 -2.1560079953524873 1.83304323491507 -1.2744014871314298 END 
START 11.602051282051281 20.60034188034188 -5.896752136752137 -1.69338279796916 1.2744014871314298 -1.1434698274946389 END 
START 12.655042735042736 21.05982905982906 -5.82017094017094 -1.1434698274946389 0.8379626216754605 -0.6895734074204312 END 
START 13.535726495726495 21.07897435897436 -5.456410256410257 -0.4102525335286109 -0.27059209658270084 -0.7855899578207443 END 
START 13.535726495726495 20.35145299145299 -4.8246153846153845 -0.09601655040031319 -0.7594036258933862 -0.7157597393477892 END 
START 13.21025641025641 19.375042735042737 -4.231111111111111 0.2356769873462233 -1.1521986048037582 -0.549912970474521 END 
START 12.559316239316239 18.034871794871794 -3.6376068376068376 0.5848280797109986 -1.536264806405011 -0.30550720581917834 END 
START 11.42974358974359 16.80957264957265 -2.9675213675213676 0.8030475124389831 -1.9552461172427413 -0.2793208738918202 END 
START 10.261880341880342 15.182222222222222 -2.24 0.9514367266940126 -2.382956205389591 -0.3578798696738946 END 
START 8.864273504273504 13.535726495726495 -1.2635897435897436 1.1434698274946389 -2.7844799616090827 -0.30550720581917834 END 
START 7.217777777777778 11.602051282051281 -0.2105982905982906 1.3180453736770266 -3.072529612810022 -0.11347410501855196 END 
START 5.628717948717949 9.821538461538461 0.5552136752136753 1.4227907013864591 -3.229647604374171 0.28804965120093956 END 
START 4.173675213675214 8.73025641025641 1.1104273504273505 1.3878755921499817 -3.38676559593832 0.5324554158562822 END 
START 2.871794871794872 7.9452991452991455 1.6273504273504273 1.213300045967594 -3.5438835875024686 0.5237266385471628 END 
START 0.5169230769230769 6.222222222222222 2.1634188034188035 0.7681324032025055 -3.6486289152119014 0.4277100881468497 END 
START -0.4594871794871795 5.37982905982906 2.2974358974358973 0.6546582981839536 -3.587527474048066 0.7768611805116249 END 
START -1.34017094017094 4.786324786324786 2.1634188034188035 0.5760993024018791 -3.4391382597930362 1.5013496971685336 END 
START -2.4123076923076923 5.303247863247863 1.7996581196581196 0.3578798696738946 -3.38676559593832 1.7195691298965181 END 
START -3.4844444444444442 5.398974358974359 1.9528205128205127 -0.1396604369459101 -3.4915109236477524 1.099825940949042 END 
START -4.5948717948717945 5.016068376068376 2.105982905982906 -0.6110144116383567 -3.412951927865678 0.6895734074204312 END 
START -5.762735042735042 5.322393162393162 1.8188034188034188 -0.9514367266940126 -3.229647604374171 0.5848280797109986 END 
START -6.605128205128205 5.532991452991453 1.4741880341880342 -1.029995722476087 -3.0288857262644253 0.8816065082210575 END 
START -7.638974358974359 6.490256410256411 0.9572649572649573 -0.9950806132396095 -2.662277079281411 1.5013496971685336 END 
START -8.691965811965812 8.117606837606838 0.4403418803418803 -1.1172834955672808 -2.3043972096075165 1.6148238021870855 END 
START -9.342905982905982 10.127863247863248 -0.07658119658119658 -1.4227907013864591 -1.8854158987697864 1.2045712686584746 END 
START -9.534358974358975 11.946666666666667 -0.8232478632478633 -1.6410101341144436 -1.5275360290958917 0.6895734074204312 END 
START -10.338461538461539 16.196923076923078 -2.91008547008547 -1.3616892602226234 -0.8554201762936994 0.45389642007420783 END 
START -10.644786324786324 18.111452991452992 -3.7333333333333334 -0.9950806132396095 -0.5149978612380435 0.3578798696738946 END 
START -10.663931623931624 19.547350427350427 -4.154529914529914 -0.6983021847295505 -0.21821943272798452 0 END 
START -10.778803418803419 20.313162393162393 -4.460854700854701 -0.41898131083773027 0.06983021847295505 -0.4102525335286109 END 
START -10.702222222222222 20.121709401709403 -4.48 0.026186331927358142 0.4277100881468497 -0.6022856343292373 END 
START -9.649230769230769 18.99213675213675 -3.9247863247863246 1.0910971636399227 1.3093165963679072 -0.11347410501855196 END 
START -8.328205128205129 18.41777777777778 -3.9056410256410254 1.4140619240773398 1.7021115752782794 -0.20076187810974577 END 
START -6.834871794871795 17.556239316239317 -3.9247863247863246 1.6584676887326824 1.946517339933622 -0.3316935377465365 END 
START -5.896752136752137 17.00102564102564 -3.5227350427350426 1.83304323491507 2.033805113024816 -0.38406620160125277 END 
START -5.37982905982906 16.52239316239316 -2.9483760683760685 2.059991444952174 2.129821663425129 -0.45389642007420783 END 
START -4.575726495726496 15.871452991452992 -2.622905982905983 2.321854764225755 2.3305835415348746 -0.366608646983014 END 
START -2.3165811965811964 14.454700854700855 -2.01025641025641 2.636090747354053 2.653548301972292 -0.21821943272798452 END 
START -1.1487179487179486 14.167521367521367 -1.837948717948718 2.7146497431361274 2.6710058565905306 -0.3578798696738946 END 
START 0.1723076923076923 13.152820512820513 -1.6273504273504273 2.732107297754366 2.5924468608084563 -0.593556857020118 END 
START 1.3593162393162392 12.023247863247864 -1.3784615384615384 2.9241403985549925 2.5313454196446203 -0.40152375621949155 END 
START 2.1825641025641027 11.008547008547009 -0.9764102564102564 3.1249022766647383 2.4615152011716654 -0.07855899578207443 END 
START 2.9675213675213676 10.338461538461539 -0.8041025641025641 3.2121900497559324 2.374227428080472 -0.04364388654559691 END 
START 4.097094017094017 9.285470085470086 -0.8806837606837606 3.0288857262644253 2.0949065541886513 -0.5760993024018791 END 
START 4.92034188034188 7.332649572649573 -0.7466666666666667 2.81939507084556 1.83304323491507 -0.8205050670572218 END 
START 5.245811965811966 5.532991452991453 -0.7275213675213675 2.6884634112087693 1.69338279796916 -0.8292338443663412 END 
START 5.398974358974359 3.427008547008547 -0.5169230769230769 2.705920965827008 1.7457554618238762 -0.8379626216754605 END 
