START 1.9336752136752138 7.964444444444444 -4.8246153846153845 -0.3578798696738946 -0.2793208738918202 0.1396604369459101 END 
START 1.589059829059829 8.175042735042735 -4.5948717948717945 -0.28804965120093956 -0.44516764276508847 0.3229647604374171 END 
START 0.4403418803418803 9.20888888888889 -3.982222222222222 -0.3316935377465365 -0.48008275200156597 0.3142359831282977 END 
START 0.019145299145299145 9.342905982905982 -4.097094017094017 -0.3229647604374171 -0.39279497891037213 0.21821943272798452 END 
START -1.187008547008547 10.242735042735042 -3.790769230769231 -0.30550720581917834 -0.27059209658270084 0.06110144116383567 END 
START -2.105982905982906 10.836239316239316 -3.7524786324786326 -0.22694821003710391 -0.15711799156414885 -0.052372663854716284 END 
START -3.082393162393162 11.295726495726496 -3.4844444444444442 -0.10474532770943257 -0.034915109236477525 -0.183304323491507 END 
START -3.695042735042735 11.582905982905983 -2.9675213675213676 0 0.17457554618238763 -0.2793208738918202 END 
START -4.116239316239316 11.64034188034188 -2.871794871794872 0 0.45389642007420783 -0.296778428510059 END 
START -4.211965811965812 11.755213675213675 -2.8526495726495726 0.12220288232767133 0.7855899578207443 -0.19203310080062638 END 
START -3.9439316239316238 11.87008547008547 -2.9483760683760685 0.2356769873462233 1.056182054403445 -0.12220288232767133 END 
START -3.292991452991453 11.927521367521367 -2.91008547008547 0.34042231505565584 1.239486377894952 -0.2356769873462233 END 
START -2.756923076923077 11.372307692307693 -2.795213675213675 0.41898131083773027 1.4053331467682204 -0.3316935377465365 END 
START -2.125128205128205 11.027692307692307 -2.7186324786324785 0.4626251973833272 1.5537223610232498 -0.27059209658270084 END 
START -1.6464957264957265 10.95111111111111 -2.5846153846153848 0.4713539746924466 1.7021115752782794 -0.2793208738918202 END 
START -0.7466666666666667 10.778803418803419 -2.68034188034188 0.49754030661980475 1.8417720122241894 -0.38406620160125277 END 
START 1.1104273504273505 10.797948717948717 -2.8526495726495726 0.5149978612380435 1.946517339933622 -0.6721158528021923 END 
START 2.105982905982906 10.702222222222222 -2.871794871794872 0.5062690839289241 1.9028734533880252 -0.8816065082210575 END 
START 2.9292307692307693 10.587350427350428 -2.5463247863247864 0.5411841931654017 1.9203310080062639 -0.9427079493848932 END 
START 3.7141880341880342 10.319316239316239 -2.6994871794871793 0.5237266385471628 1.9028734533880252 -1.0823683863308033 END 
START 4.748034188034188 9.419487179487179 -2.661196581196581 0.5237266385471628 1.8417720122241894 -1.0474532770943257 END 
START 5.762735042735042 9.055726495726496 -2.795213675213675 0.48881152931068533 1.8155856802968313 -0.8030475124389831 END 
START 6.796581196581196 8.825982905982906 -2.8335042735042735 0.45389642007420783 1.7021115752782794 -0.6808446301113117 END 
START 7.5432478632478634 8.577094017094018 -3.005811965811966 0.43643886545596905 1.4751633652411755 -0.5760993024018791 END 
START 7.7729914529914526 8.04102564102564 -3.158974358974359 0.4102525335286109 1.2220288232767134 -0.6284719662565954 END 
START 7.964444444444444 7.256068376068376 -3.273846153846154 0.296778428510059 1.0474532770943257 -0.5848280797109986 END 
START 8.213333333333333 6.815726495726496 -3.407863247863248 0.20076187810974577 0.8903352855301769 -0.39279497891037213 END 
START 7.7155555555555555 6.394529914529914 -3.273846153846154 0.034915109236477525 0.45389642007420783 -0.3316935377465365 END 
START 6.911452991452991 6.030769230769231 -3.005811965811966 -0.034915109236477525 0.22694821003710391 -0.3753374242921334 END 
START 5.456410256410257 5.130940170940171 -2.795213675213675 -0.12220288232767133 0.008728777309119381 -0.48881152931068533 END 
START 4.326837606837607 4.326837606837607 -2.201709401709402 -0.2793208738918202 -0.026186331927358142 -0.2618633192735814 END 
START 3.6184615384615384 4.4225641025641025 -2.01025641025641 -0.45389642007420783 0.04364388654559691 0 END 
START 3.197264957264957 4.977777777777778 -1.8570940170940171 -0.619743188947476 0.10474532770943257 -0.06110144116383567 END 
START 2.8143589743589743 4.996923076923077 -1.7422222222222221 -0.733217293966028 0.04364388654559691 -0.296778428510059 END 
START 2.259145299145299 4.441709401709402 -1.5124786324786326 -0.7943187351298637 -0.008728777309119381 -0.4102525335286109 END 
START 1.4741880341880342 3.58017094017094 -1.1104273504273505 -0.9252503947666544 -0.026186331927358142 -0.366608646983014 END 
START 0.5743589743589743 3.5227350427350426 -0.7466666666666667 -1.1521986048037582 0.026186331927358142 -0.24440576465534267 END 
START 0.15316239316239316 3.8673504273504276 -0.1723076923076923 -1.4053331467682204 0.10474532770943257 -0.2618633192735814 END 
START -0.3254700854700855 4.690598290598291 0.22974358974358974 -1.8679583441515475 0.21821943272798452 -0.5149978612380435 END 
START -0.9955555555555555 4.499145299145299 0.4594871794871795 -2.042533890333935 0.21821943272798452 -0.48008275200156597 END 
START -1.0147008547008547 4.901196581196581 1.0338461538461539 -2.243295768443681 0.4277100881468497 0.052372663854716284 END 
START -0.5169230769230769 6.643418803418803 1.3210256410256411 -2.496430310408143 0.6372007435657149 0.3578798696738946 END 
START 0.057435897435897436 8.615384615384615 1.2827350427350428 -2.7495648523726053 0.6284719662565954 0.11347410501855196 END 
START 0.4403418803418803 10.30017094017094 1.455042735042735 -2.906682843936754 0.5237266385471628 -0.16584676887326824 END 
START 0.5935042735042735 12.176410256410257 1.5124786324786326 -2.932869175864112 0.44516764276508847 -0.22694821003710391 END 
START 0.8232478632478633 13.746324786324786 1.703931623931624 -2.8543101800820376 0.3753374242921334 -0.27059209658270084 END 
START 1.2444444444444445 15.488547008547009 1.837948717948718 -2.767022406990844 0.34042231505565584 -0.2793208738918202 END 
START 1.589059829059829 17.173333333333332 2.201709401709402 -2.636090747354053 0.2618633192735814 -0.4626251973833272 END 
START 1.7805128205128204 18.436923076923076 2.488888888888889 -2.426600091935188 0.15711799156414885 -0.6022856343292373 END 
START 1.8953846153846154 19.394188034188033 2.7377777777777776 -2.0949065541886513 0.1483892142550295 -0.6022856343292373 END 
START 2.4697435897435898 20.0834188034188 2.776068376068376 -1.7544842391329956 0.17457554618238763 -0.4713539746924466 END 
START 3.8290598290598292 20.045128205128204 2.5463247863247864 -0.8205050670572218 0.1483892142550295 -0.20949065541886513 END 
START 4.7671794871794875 19.336752136752136 2.2974358974358973 -0.41898131083773027 0.1483892142550295 -0.1309316596367907 END 
START 5.839316239316239 18.647521367521367 1.9719658119658119 -0.11347410501855196 0.10474532770943257 -0.17457554618238763 END 
START 6.585982905982906 17.51794871794872 1.9528205128205127 0.08728777309119382 -0.026186331927358142 -0.3316935377465365 END 
START 6.988034188034188 16.101196581196582 1.8953846153846154 0.20949065541886513 -0.16584676887326824 -0.49754030661980475 END 
START 7.294358974358975 14.895042735042734 1.6464957264957265 0.39279497891037213 -0.38406620160125277 -0.4713539746924466 END 
START 7.39008547008547 13.803760683760684 1.6847863247863248 0.6022856343292373 -0.6983021847295505 -0.40152375621949155 END 
START 6.930598290598291 12.655042735042736 1.991111111111111 0.7070309620386699 -1.0125381678578482 -0.3753374242921334 END 
START 6.222222222222222 11.697777777777778 2.4505982905982906 0.7070309620386699 -1.239486377894952 -0.4102525335286109 END 
START 5.59042735042735 10.836239316239316 2.8143589743589743 0.6721158528021923 -1.4227907013864591 -0.4277100881468497 END 
START 4.8820512820512825 10.166153846153847 3.2547008547008547 0.6546582981839536 -1.536264806405011 -0.40152375621949155 END 
START 3.8482051282051284 9.304615384615385 3.388717948717949 0.6284719662565954 -1.7282979072056375 -0.20076187810974577 END 
START 3.4461538461538463 8.825982905982906 3.4461538461538463 0.5848280797109986 -1.7981281256785926 -0.12220288232767133 END 
START 2.9675213675213676 8.385641025641025 3.407863247863248 0.5237266385471628 -1.8766871214606669 -0.04364388654559691 END 
START 2.5654700854700856 8.021880341880342 3.312136752136752 0.45389642007420783 -1.9639748945518607 0.026186331927358142 END 
START 2.0485470085470086 7.8304273504273505 3.3312820512820513 0.366608646983014 -1.9814324491700996 0.20076187810974577 END 
START 1.5699145299145298 7.9452991452991455 3.292991452991453 0.25313454196446206 -1.97270367186098 0.24440576465534267 END 
START 1.1295726495726495 7.696410256410257 3.1398290598290597 0.15711799156414885 -1.9814324491700996 0.21821943272798452 END 
START 0.650940170940171 7.562393162393162 2.986666666666667 0.04364388654559691 -2.0250763357156965 0.28804965120093956 END 
START -0.09572649572649572 7.753846153846154 3.005811965811966 -0.052372663854716284 -2.059991444952174 0.43643886545596905 END 
START -0.8423931623931624 8.175042735042735 2.871794871794872 -0.1483892142550295 -2.0512626676430545 0.6022856343292373 END 
START -1.8762393162393163 8.787692307692307 2.91008547008547 -0.2356769873462233 -1.9988900037883384 0.6372007435657149 END 
START -2.986666666666667 9.438632478632478 3.024957264957265 -0.39279497891037213 -1.8679583441515475 0.41898131083773027 END 
START -4.460854700854701 10.663931623931624 2.68034188034188 -0.48881152931068533 -1.4227907013864591 0.39279497891037213 END 
START -4.958632478632478 11.506324786324786 2.259145299145299 -0.4277100881468497 -1.1347410501855195 0.40152375621949155 END 
START -5.092649572649573 12.54017094017094 1.6847863247863248 -0.34915109236477526 -0.8554201762936994 0.3578798696738946 END 
START -4.958632478632478 13.631452991452992 1.2252991452991453 -0.25313454196446206 -0.593556857020118 0.16584676887326824 END 
START -4.211965811965812 14.58871794871795 0.8998290598290598 -0.17457554618238763 -0.30550720581917834 0.026186331927358142 END 
START -3.292991452991453 15.545982905982905 0.3254700854700855 -0.017457554618238762 -0.052372663854716284 0.026186331927358142 END 
START -2.125128205128205 16.637264957264957 -0.057435897435897436 0.16584676887326824 0.1309316596367907 0.09601655040031319 END 
START -0.8232478632478633 17.728547008547007 -0.36376068376068377 0.39279497891037213 0.30550720581917834 0.20949065541886513 END 
START 0.3829059829059829 18.81982905982906 -0.5552136752136753 0.7070309620386699 0.39279497891037213 0.27059209658270084 END 
START 1.34017094017094 19.107008547008547 -0.5935042735042735 1.073639609021684 0.3316935377465365 0.06983021847295505 END 
START 1.837948717948718 18.264615384615386 -0.3063247863247863 1.3878755921499817 0.25313454196446206 -0.08728777309119382 END 
START 1.9528205128205127 17.192478632478633 0.03829059829059829 1.6148238021870855 0.22694821003710391 -0.09601655040031319 END 
START 2.7186324786324785 15.68 0.2105982905982906 1.8679583441515475 0.3142359831282977 0.07855899578207443 END 
START 3.1398290598290597 15.201367521367521 0.07658119658119658 1.9814324491700996 0.25313454196446206 0.07855899578207443 END 
START 3.3504273504273505 14.914188034188035 0.03829059829059829 2.11236410880689 0.10474532770943257 -0.034915109236477525 END 
START 3.3695726495726497 14.186666666666667 0.15316239316239316 2.217109436516323 -0.034915109236477525 -0.22694821003710391 END 
START 3.2547008547008547 13.22940170940171 0.3254700854700855 2.3043972096075165 -0.11347410501855196 -0.21821943272798452 END 
START 3.024957264957265 12.444444444444445 0.3446153846153846 2.3654986507713525 -0.19203310080062638 -0.16584676887326824 END 
START 2.7377777777777776 11.678632478632478 0.5935042735042735 2.4178713146260686 -0.22694821003710391 -0.1483892142550295 END 
START 2.3548717948717948 10.95111111111111 0.5552136752136753 2.3916849826987105 -0.22694821003710391 -0.24440576465534267 END 
START 2.1634188034188035 9.744957264957264 0.5360683760683761 2.374227428080472 -0.24440576465534267 -0.38406620160125277 END 
START 1.7422222222222221 8.28991452991453 0.5169230769230769 2.3916849826987105 -0.30550720581917834 -0.39279497891037213 END 
START 1.2827350427350428 6.72 0.4403418803418803 2.3654986507713525 -0.296778428510059 -0.3578798696738946 END 
START 0.6892307692307692 3.005811965811966 -0.36376068376068377 1.946517339933622 -0.20949065541886513 -0.48008275200156597 END 
START 0.5743589743589743 1.4933333333333334 -0.8615384615384616 1.6148238021870855 -0.17457554618238763 -0.4626251973833272 END 
START 0.5935042735042735 0.6317948717948718 -1.5124786324786326 1.2918590417496685 -0.08728777309119382 -0.28804965120093956 END 
START 0.7275213675213675 0.2105982905982906 -2.220854700854701 1.0212669451669676 -0.04364388654559691 -0.07855899578207443 END 
START 0.67008547008547 0.09572649572649572 -2.5846153846153848 0.8117762897481025 -0.052372663854716284 0.10474532770943257 END 
START 0.7466666666666667 1.5699145299145298 -3.7141880341880342 0.2793208738918202 0.11347410501855196 0.16584676887326824 END 
START 1.052991452991453 2.7377777777777776 -4.671452991452991 0.04364388654559691 0.17457554618238763 0.10474532770943257 END 
START 1.5507692307692307 4.441709401709402 -5.60957264957265 -0.16584676887326824 0.20949065541886513 0.06983021847295505 END 
START 2.4123076923076923 6.758290598290598 -6.222222222222222 -0.3142359831282977 0.20949065541886513 0.15711799156414885 END 
START 2.871794871794872 8.74940170940171 -6.375384615384616 -0.28804965120093956 0.07855899578207443 0.1309316596367907 END 
START 2.7377777777777776 9.821538461538461 -6.222222222222222 -0.16584676887326824 -0.08728777309119382 0.052372663854716284 END 
