START -0.9572649572649573 0.9572649572649573 -6.988034188034188 0.9339791720757737 -0.7768611805116249 -0.2356769873462233 END 
START -0.918974358974359 -0.22974358974358974 -6.624273504273504 0.40152375621949155 -1.0038093905487289 -0.3578798696738946 END 
START -1.2252991452991453 -0.5743589743589743 -6.011623931623932 0.2618633192735814 -1.187113714040236 -0.3142359831282977 END 
START -1.8762393162393163 -0.8232478632478633 -5.111794871794872 0.183304323491507 -1.0823683863308033 -0.07855899578207443 END 
START -2.8143589743589743 -0.3829059829059829 -4.384273504273504 -0.06110144116383567 -0.8292338443663412 0.06983021847295505 END 
START -3.388717948717949 -0.4211965811965812 -3.8482051282051284 -0.34042231505565584 -0.619743188947476 0 END 
START -4.7097435897435895 0.5169230769230769 -2.871794871794872 -1.2482151552040714 -0.4102525335286109 -0.366608646983014 END 
START -5.245811965811966 0.36376068376068377 -1.9145299145299146 -1.763213016442115 -0.3753374242921334 -0.6808446301113117 END 
START -6.030769230769231 0.5935042735042735 -1.34017094017094 -2.1821943272798454 0.034915109236477525 -0.619743188947476 END 
START -6.758290598290598 1.3784615384615384 -0.5169230769230769 -2.6011756381175757 0.5411841931654017 -0.7419460712751474 END 
START -7.045470085470085 2.0485470085470086 0.4403418803418803 -3.3693080413200813 1.0212669451669676 -1.1696561594219972 END 
START -6.566837606837606 2.91008547008547 1.34017094017094 -4.067610226049632 1.4751633652411755 -1.623552579496205 END 
START -5.915897435897436 3.3504273504273505 1.703931623931624 -4.250914549541139 2.042533890333935 -1.4140619240773398 END 
START -5.954188034188034 4.25025641025641 2.393162393162393 -4.250914549541139 2.557531751571979 -0.8379626216754605 END 
START -5.532991452991453 4.996923076923077 3.005811965811966 -4.242185772232019 3.325664154774484 -0.09601655040031319 END 
START -4.1928205128205125 7.102905982905983 3.158974358974359 -4.2334569949229 4.416761318414407 0.6721158528021923 END 
START -1.2827350427350428 10.453333333333333 2.5463247863247864 -4.556421755360317 5.045233284671002 0.6372007435657149 END 
START 2.4314529914529914 13.89948717948718 0.918974358974359 -4.844471406561256 5.280910272017225 0.2356769873462233 END 
START 7.39008547008547 18.41777777777778 -3.6376068376068376 -4.032695116813154 4.3905749864870485 -0.43643886545596905 END 
START 8.021880341880342 18.628376068376067 -4.154529914529914 -3.430409482483917 3.5613411421207077 -0.7768611805116249 END 
START 9.40034188034188 19.355897435897436 -4.097094017094017 -2.993970617027948 3.1336310539738577 -0.84669139898458 END 
START 10.740512820512821 19.71965811965812 -4.5948717948717945 -2.54007419695374 2.636090747354053 -0.916521617457535 END 
START 11.736068376068376 19.834529914529913 -4.862905982905983 -2.086177776879532 1.9988900037883384 -0.8990640628392963 END 
START 12.674188034188035 19.796239316239316 -4.996923076923077 -1.6671964660418017 1.4926209198594143 -0.8379626216754605 END 
START 14.052649572649573 19.585641025641024 -4.958632478632478 -1.1958424913493553 1.1172834955672808 -0.5586417477836404 END 
START 14.971623931623931 19.394188034188033 -4.499145299145299 -0.7070309620386699 0.8030475124389831 -0.19203310080062638 END 
START 15.22051282051282 18.896410256410256 -4.384273504273504 -0.3142359831282977 0.3229647604374171 -0.052372663854716284 END 
START 14.895042735042734 17.51794871794872 -3.8673504273504276 -0.04364388654559691 -0.366608646983014 -0.19203310080062638 END 
START 14.014358974358974 15.814017094017094 -3.3695726495726497 0.183304323491507 -1.0038093905487289 -0.17457554618238763 END 
START 12.846495726495727 14.378119658119658 -2.5463247863247864 0.38406620160125277 -1.5013496971685336 -0.04364388654559691 END 
START 9.974700854700854 12.023247863247864 -0.9955555555555555 0.593556857020118 -2.4178713146260686 0.24440576465534267 END 
START 8.557948717948719 10.98940170940171 -0.03829059829059829 0.6459295208748342 -2.8019375162273215 0.30550720581917834 END 
START 7.39008547008547 10.147008547008546 0.6126495726495726 0.6546582981839536 -3.089987167428261 0.34915109236477526 END 
START 6.471111111111111 9.553504273504274 1.1678632478632478 0.6284719662565954 -3.360579264010962 0.44516764276508847 END 
START 5.532991452991453 9.189743589743589 1.7422222222222221 0.6284719662565954 -3.6311713605936626 0.44516764276508847 END 
START 4.460854700854701 8.538803418803418 2.3165811965811964 0.5673705250927598 -3.9104922344854827 0.3229647604374171 END 
START 3.273846153846154 7.7729914529914526 2.8143589743589743 0.4277100881468497 -4.163626776449945 0.17457554618238763 END 
START 2.220854700854701 6.911452991452991 3.312136752136752 0.30550720581917834 -4.338202322632332 0.17457554618238763 END 
START 1.0721367521367522 6.432820512820513 3.7524786324786326 0.17457554618238763 -4.408032541105287 0.3753374242921334 END 
START -0.019145299145299145 5.877606837606837 4.077948717948718 0.07855899578207443 -4.408032541105287 0.6284719662565954 END 
START -1.0721367521367522 5.475555555555555 4.02051282051282 -0.008728777309119381 -4.312015990704975 1.0474532770943257 END 
START -4.7097435897435895 6.566837606837606 3.388717948717949 -0.7768611805116249 -4.442947650341765 0.06110144116383567 END 
START -5.896752136752137 5.992478632478632 3.005811965811966 -1.2569439325131908 -4.3818462091779296 -0.6546582981839536 END 
START -6.796581196581196 5.935042735042735 2.6420512820512823 -1.352960482913504 -3.8406620160125278 -0.1396604369459101 END 
START -8.232478632478632 8.213333333333333 1.8762393162393163 -1.2045712686584746 -3.089987167428261 0.9688942813122513 END 
START -9.266324786324786 10.98940170940171 0.650940170940171 -1.1609273821128776 -2.609904415426695 1.0649108317125644 END 
START -9.381196581196582 13.861196581196582 -1.9719658119658119 -1.2656727098223102 -1.6846540206600407 0.3229647604374171 END 
START -9.40034188034188 15.411965811965812 -3.2547008547008547 -1.2656727098223102 -1.239486377894952 -0.008728777309119381 END 
START -9.649230769230769 16.464957264957263 -4.02051282051282 -1.1609273821128776 -0.9339791720757737 -0.28804965120093956 END 
START -9.898119658119658 17.345641025641026 -4.633162393162393 -0.7681324032025055 -0.6372007435657149 -0.3316935377465365 END 
START -9.802393162393162 18.034871794871794 -5.0543589743589745 -0.34042231505565584 -0.2793208738918202 -0.30550720581917834 END 
START -9.228034188034188 18.647521367521367 -5.264957264957265 0.38406620160125277 0.5673705250927598 -0.27059209658270084 END 
START -7.7729914529914526 18.685811965811965 -5.15008547008547 1.0474532770943257 1.1609273821128776 -0.549912970474521 END 
START -6.796581196581196 18.494358974358974 -4.92034188034188 1.4489770333138172 1.4227907013864591 -0.5586417477836404 END 
START -6.183931623931624 18.302905982905983 -4.5374358974358975 1.7806705710603539 1.6671964660418017 -0.5673705250927598 END 
START -5.60957264957265 18.226324786324785 -4.077948717948718 2.0774489995704126 1.8417720122241894 -0.619743188947476 END 
START -4.6523076923076925 17.76683760683761 -3.4652991452991455 2.40041376000783 2.0250763357156965 -0.6372007435657149 END 
START -3.6567521367521367 17.42222222222222 -2.9675213675213676 2.67973463389965 2.2520245457528003 -0.5237266385471628 END 
START -2.2974358974358973 17.05846153846154 -2.8526495726495726 2.96778428510059 2.426600091935188 -0.43643886545596905 END 
START -0.6892307692307692 16.35008547008547 -2.795213675213675 3.3343929320836034 2.5313454196446203 -0.2618633192735814 END 
START 0.6317948717948718 15.814017094017094 -2.5271794871794873 3.613713805975424 2.4440576465534267 -0.22694821003710391 END 
START 1.8188034188034188 14.818461538461538 -2.1634188034188035 3.797018129466931 2.1821943272798454 -0.48881152931068533 END 
START 2.5463247863247864 13.152820512820513 -1.7230769230769232 3.9104922344854827 1.8941446760789058 -0.6895734074204312 END 
START 3.2547008547008547 9.687521367521368 -0.9955555555555555 4.119982889904348 1.6322813568053243 -0.48008275200156597 END 
START 3.80991452991453 8.021880341880342 -0.650940170940171 4.076339003358751 1.4926209198594143 -0.4277100881468497 END 
START 3.8864957264957263 6.030769230769231 -0.4403418803418803 3.7184591336848563 1.326774150986146 -0.4102525335286109 END 
START 3.8673504273504276 4.173675213675214 -0.4594871794871795 3.430409482483917 1.1085547182581614 -0.663387075493073 END 
START 3.8290598290598292 2.0294017094017094 -0.15316239316239316 3.142359831282977 1.0910971636399227 -0.8205050670572218 END 
