START 2.91008547008547 6.528547008547009 -4.9394871794871795 0.04364388654559691 -0.1483892142550295 0.21821943272798452 END 
START 2.6994871794871793 5.571282051282052 -5.303247863247863 -0.017457554618238762 -0.017457554618238762 0.34042231505565584 END 
START 1.7613675213675213 4.7097435897435895 -5.016068376068376 0.052372663854716284 0.16584676887326824 0.5411841931654017 END 
START 1.3784615384615384 4.48 -4.958632478632478 0.026186331927358142 0.2356769873462233 0.2793208738918202 END 
START 1.2444444444444445 4.365128205128205 -5.016068376068376 0.034915109236477525 0.34042231505565584 0.06110144116383567 END 
START 0.9955555555555555 4.25025641025641 -4.5948717948717945 -0.008728777309119381 0.4626251973833272 -0.15711799156414885 END 
START 0.7083760683760684 4.077948717948718 -4.5948717948717945 -0.08728777309119382 0.6372007435657149 -0.2793208738918202 END 
START 0.28717948717948716 3.8864957264957263 -4.5948717948717945 -0.052372663854716284 0.7768611805116249 -0.27059209658270084 END 
START -0.40205128205128204 4.001367521367522 -4.25025641025641 -0.017457554618238762 0.9077928401484157 -0.20949065541886513 END 
START -1.0147008547008547 4.001367521367522 -3.427008547008547 -0.08728777309119382 1.1260122728764002 -0.2793208738918202 END 
START -1.3784615384615384 3.8673504273504276 -2.9483760683760685 -0.19203310080062638 1.4402482560046979 -0.3316935377465365 END 
START -1.7422222222222221 3.80991452991453 -2.661196581196581 -0.3753374242921334 1.7370266845147568 -0.4713539746924466 END 
START -1.7805128205128204 3.58017094017094 -2.795213675213675 -0.48881152931068533 2.042533890333935 -0.5324554158562822 END 
START -1.4741880341880342 3.388717948717949 -2.4314529914529914 -0.49754030661980475 2.2782108776801584 -0.40152375621949155 END 
START -1.3210256410256411 3.4461538461538463 -1.455042735042735 -0.5411841931654017 2.4877015330990235 -0.2356769873462233 END 
START -1.0721367521367522 3.982222222222222 -0.40205128205128204 -0.6546582981839536 2.7146497431361274 -0.25313454196446206 END 
START -0.8041025641025641 4.441709401709402 0.09572649572649572 -0.8030475124389831 2.9241403985549925 -0.4626251973833272 END 
START -0.057435897435897436 4.690598290598291 0.40205128205128204 -0.9514367266940126 3.1860037178285743 -0.7244885166569086 END 
START 0.8998290598290598 4.690598290598291 0.9572649572649573 -1.1085547182581614 3.3780368186292007 -0.7768611805116249 END 
START 1.7613675213675213 5.456410256410257 1.8953846153846154 -1.2918590417496685 3.456595814411275 -0.6546582981839536 END 
START 3.197264957264957 7.504957264957265 2.4314529914529914 -1.4402482560046979 3.5176972555751105 -0.7681324032025055 END 
START 4.499145299145299 8.921709401709402 2.8526495726495726 -1.466434587932056 3.4391382597930362 -1.0823683863308033 END 
START 5.264957264957265 9.744957264957264 3.3504273504273505 -1.4577058106229366 3.299477822847126 -1.3791468148408623 END 
START 5.973333333333334 10.338461538461539 4.25025641025641 -1.5275360290958917 3.1860037178285743 -1.510078474477653 END 
START 7.141196581196581 11.716923076923077 4.901196581196581 -1.5624511383323691 3.116173499355619 -1.396604369459101 END 
START 8.615384615384615 13.497435897435897 5.073504273504273 -1.4926209198594143 2.9852418397188285 -1.3616892602226234 END 
START 10.30017094017094 14.914188034188035 5.264957264957265 -1.1696561594219972 2.3480410961531137 -1.4577058106229366 END 
START 10.855384615384615 15.46940170940171 5.973333333333334 -1.099825940949042 2.1385504407342486 -1.5449935837141304 END 
START 11.927521367521367 16.15863247863248 6.222222222222222 -0.9950806132396095 1.9552461172427413 -1.536264806405011 END 
START 13.076239316239317 16.59897435897436 6.241367521367521 -0.84669139898458 1.69338279796916 -1.3878755921499817 END 
START 14.167521367521367 16.752136752136753 5.915897435897436 -0.6459295208748342 1.3704180375317427 -1.056182054403445 END 
START 15.029059829059829 16.503247863247864 5.705299145299145 -0.366608646983014 1.0387244997852063 -0.6284719662565954 END 
START 15.871452991452992 15.948034188034187 5.705299145299145 -0.1309316596367907 0.7244885166569086 -0.2793208738918202 END 
START 16.311794871794874 15.335384615384616 5.532991452991453 0.09601655040031319 0.3316935377465365 -0.15711799156414885 END 
START 16.196923076923078 14.454700854700855 5.303247863247863 0.30550720581917834 -0.1483892142550295 -0.34915109236477526 END 
START 15.718290598290599 13.171965811965812 5.073504273504273 0.48008275200156597 -0.663387075493073 -0.5149978612380435 END 
START 14.684444444444445 11.908376068376068 4.977777777777778 0.6022856343292373 -1.1958424913493553 -0.5411841931654017 END 
START 11.64034188034188 9.85982905982906 5.073504273504273 0.7419460712751474 -2.0687202222612933 -0.593556857020118 END 
START 10.204444444444444 9.362051282051283 5.130940170940171 0.733217293966028 -2.313125986916636 -0.6284719662565954 END 
START 8.883418803418804 9.055726495726496 5.130940170940171 0.7506748485842668 -2.557531751571979 -0.7419460712751474 END 
START 7.581538461538462 8.691965811965812 5.226666666666667 0.7419460712751474 -2.7757511842999634 -0.84669139898458 END 
START 6.337094017094017 8.251623931623932 5.245811965811966 0.733217293966028 -2.9241403985549925 -0.8379626216754605 END 
START 5.437264957264957 7.868717948717949 5.092649572649573 0.733217293966028 -3.0288857262644253 -0.7681324032025055 END 
START 4.614017094017094 7.4858119658119655 4.958632478632478 0.7070309620386699 -3.116173499355619 -0.6546582981839536 END 
START 3.8482051282051284 7.102905982905983 4.748034188034188 0.6022856343292373 -3.142359831282977 -0.48008275200156597 END 
START 3.1206837606837605 7.007179487179487 4.441709401709402 0.5062690839289241 -3.1074447220464996 -0.3578798696738946 END 
START 2.603760683760684 7.007179487179487 4.058803418803419 0.3753374242921334 -3.072529612810022 -0.366608646983014 END 
START 2.105982905982906 6.930598290598291 3.5993162393162392 0.25313454196446206 -3.0376145035735447 -0.38406620160125277 END 
START 1.7422222222222221 6.796581196581196 3.273846153846154 0.1309316596367907 -3.0114281716461866 -0.3316935377465365 END 
START 1.2635897435897436 6.662564102564103 3.063247863247863 -0.008728777309119381 -2.950326730482351 -0.11347410501855196 END 
START -0.03829059829059829 6.834871794871795 2.3165811965811964 -0.366608646983014 -2.767022406990844 0.34042231505565584 END 
START -0.8423931623931624 7.256068376068376 1.9528205128205127 -0.549912970474521 -2.67973463389965 0.296778428510059 END 
START -1.3593162393162392 7.926153846153846 1.6847863247863248 -0.7157597393477892 -2.5138878650263816 0.1396604369459101 END 
START -1.9528205128205127 8.653675213675214 1.3784615384615384 -0.8554201762936994 -2.356769873462233 -0.10474532770943257 END 
START -2.2974358974358973 9.017435897435897 0.9764102564102564 -0.916521617457535 -2.147279218043368 -0.27059209658270084 END 
START -2.7186324786324785 9.132307692307693 0.5552136752136753 -0.9252503947666544 -1.9639748945518607 -0.20949065541886513 END 
START -3.082393162393162 9.591794871794871 -0.07658119658119658 -0.9427079493848932 -1.7282979072056375 -0.034915109236477525 END 
START -3.2164102564102564 10.261880341880342 -0.7275213675213675 -0.9339791720757737 -1.5188072517867723 -0.008728777309119381 END 
START -3.2355555555555555 10.98940170940171 -1.0912820512820514 -0.9077928401484157 -1.3180453736770266 -0.1483892142550295 END 
START -3.024957264957265 11.65948717948718 -1.3976068376068376 -0.8641489536028187 -1.1260122728764002 -0.2793208738918202 END 
START -2.8335042735042735 12.387008547008547 -1.7613675213675213 -0.8379626216754605 -0.9339791720757737 -0.2618633192735814 END 
START -3.0441025641025643 13.842051282051282 -2.756923076923077 -0.663387075493073 -0.5673705250927598 -0.09601655040031319 END 
START -2.986666666666667 14.761025641025642 -2.91008547008547 -0.5237266385471628 -0.38406620160125277 -0.09601655040031319 END 
START -2.622905982905983 15.641709401709402 -3.063247863247863 -0.366608646983014 -0.1396604369459101 -0.19203310080062638 END 
START -2.01025641025641 16.59897435897436 -3.2164102564102564 -0.17457554618238763 0.008728777309119381 -0.40152375621949155 END 
START -1.5699145299145298 17.00102564102564 -3.292991452991453 0.07855899578207443 0.07855899578207443 -0.549912970474521 END 
START -1.5699145299145298 16.943589743589744 -3.2547008547008547 0.3578798696738946 0.16584676887326824 -0.34042231505565584 END 
START -1.589059829059829 17.05846153846154 -3.1398290598290597 0.619743188947476 0.3229647604374171 -0.008728777309119381 END 
START -1.3784615384615384 17.096752136752137 -3.024957264957265 0.8554201762936994 0.4626251973833272 0.07855899578207443 END 
START -0.8232478632478633 16.924444444444443 -2.661196581196581 1.056182054403445 0.6546582981839536 0.15711799156414885 END 
START -0.1723076923076923 16.54153846153846 -2.5654700854700856 1.2569439325131908 0.7681324032025055 0.27059209658270084 END 
START 0.24888888888888888 16.235213675213675 -2.4123076923076923 1.4140619240773398 0.7855899578207443 0.34915109236477526 END 
START 0.5552136752136753 16.005470085470087 -2.220854700854701 1.5886374702597275 0.8030475124389831 0.40152375621949155 END 
START 1.3976068376068376 15.45025641025641 -1.6656410256410257 1.946517339933622 0.8554201762936994 0.45389642007420783 END 
START 1.7230769230769232 14.971623931623931 -1.2061538461538461 2.0774489995704126 0.9077928401484157 0.5673705250927598 END 
START 2.1634188034188035 14.607863247863248 -1.0721367521367522 2.1647367726616067 0.98635183593049 0.7157597393477892 END 
START 2.5271794871794873 14.12923076923077 -0.8423931623931624 2.2782108776801584 0.9601655040031319 0.7157597393477892 END 
START 2.661196581196581 13.401709401709402 -0.650940170940171 2.374227428080472 0.916521617457535 0.619743188947476 END 
START 2.986666666666667 12.693333333333333 -0.40205128205128204 2.4178713146260686 0.9252503947666544 0.48008275200156597 END 
START 3.3312820512820513 11.544615384615385 -0.36376068376068377 2.470243978480785 0.8903352855301769 0.38406620160125277 END 
START 3.5035897435897434 10.453333333333333 -0.2105982905982906 2.4877015330990235 0.916521617457535 0.4713539746924466 END 
START 3.8673504273504276 9.553504273504274 -0.22974358974358974 2.470243978480785 0.9077928401484157 0.48881152931068533 END 
START 4.403418803418804 8.634529914529914 -0.47863247863247865 2.4615152011716654 0.7681324032025055 0.40152375621949155 END 
START 4.786324786324786 7.504957264957265 -0.49777777777777776 2.4178713146260686 0.6459295208748342 0.24440576465534267 END 
START 4.977777777777778 5.073504273504273 -0.5360683760683761 2.199651881898084 0.5149978612380435 0.4277100881468497 END 
START 4.862905982905983 4.211965811965812 -0.7466666666666667 2.016347558406577 0.5411841931654017 0.5324554158562822 END 
START 5.035213675213675 3.388717948717949 -1.0147008547008547 1.8155856802968313 0.5062690839289241 0.3229647604374171 END 
START 5.37982905982906 2.603760683760684 -1.2252991452991453 1.6410101341144436 0.4277100881468497 0.15711799156414885 END 
START 5.552136752136752 1.837948717948718 -1.455042735042735 1.483892142550295 0.34915109236477526 0.052372663854716284 END 
