START 3.158974358974359 4.575726495726496 -6.930598290598291 -0.38406620160125277 0.733217293966028 0.6284719662565954 END 
START 3.273846153846154 4.9394871794871795 -7.351794871794872 -0.3578798696738946 0.5411841931654017 0.6110144116383567 END 
START 3.2355555555555555 4.805470085470086 -7.141196581196581 -0.27059209658270084 0.2618633192735814 0.549912970474521 END 
START 2.603760683760684 4.690598290598291 -6.375384615384616 -0.24440576465534267 0.17457554618238763 0.48008275200156597 END 
START 1.6464957264957265 4.7671794871794875 -6.260512820512821 -0.2618633192735814 0.24440576465534267 0.3753374242921334 END 
START 0.9764102564102564 5.073504273504273 -5.896752136752137 -0.296778428510059 0.3753374242921334 0.22694821003710391 END 
START 0.1723076923076923 5.494700854700855 -5.418119658119658 -0.34042231505565584 0.48881152931068533 0.017457554618238762 END 
START -0.8423931623931624 5.36068376068376 -5.073504273504273 -0.34915109236477526 0.5411841931654017 -0.21821943272798452 END 
START -1.8953846153846154 5.092649572649573 -4.365128205128205 -0.2793208738918202 0.619743188947476 -0.3753374242921334 END 
START -2.986666666666667 4.901196581196581 -3.7333333333333334 -0.3142359831282977 0.84669139898458 -0.5586417477836404 END 
START -3.58017094017094 4.633162393162393 -3.005811965811966 -0.3229647604374171 1.326774150986146 -0.6895734074204312 END 
START -3.5418803418803417 3.8482051282051284 -2.105982905982906 -0.30550720581917834 2.40041376000783 -0.30550720581917834 END 
START -3.2547008547008547 4.097094017094017 -1.5124786324786326 -0.20076187810974577 2.662277079281411 -0.1309316596367907 END 
START -2.374017094017094 4.326837606837607 -0.8041025641025641 -0.10474532770943257 2.8455814027729183 -0.10474532770943257 END 
START -1.0338461538461539 4.575726495726496 0.09572649572649572 -0.06983021847295505 3.203461272446813 -0.1309316596367907 END 
START -0.28717948717948716 4.805470085470086 0.4403418803418803 -0.22694821003710391 3.4740533690295137 -0.366608646983014 END 
START 1.1487179487179486 5.36068376068376 0.6892307692307692 -0.45389642007420783 3.66608646983014 -0.733217293966028 END 
START 3.0441025641025643 5.762735042735042 1.0912820512820514 -0.5586417477836404 3.823204461394289 -0.8990640628392963 END 
START 5.130940170940171 6.566837606837606 1.435897435897436 -0.5848280797109986 3.797018129466931 -0.8816065082210575 END 
START 6.222222222222222 7.8878632478632476 1.34017094017094 -0.6721158528021923 3.5613411421207077 -1.1609273821128776 END 
START 7.504957264957265 8.423931623931624 1.5507692307692307 -0.8030475124389831 3.4391382597930362 -1.4489770333138172 END 
START 8.864273504273504 9.285470085470086 1.7996581196581196 -0.916521617457535 3.482782146338633 -1.396604369459101 END 
START 10.453333333333333 10.644786324786324 2.1825641025641027 -0.98635183593049 3.412951927865678 -1.3704180375317427 END 
START 14.224957264957265 12.846495726495727 2.01025641025641 -0.9688942813122513 3.020156948955306 -1.3704180375317427 END 
START 14.895042735042734 13.305982905982907 1.6656410256410257 -0.8205050670572218 2.5138878650263816 -1.4140619240773398 END 
START 15.622564102564102 13.382564102564103 2.4314529914529914 -0.7244885166569086 2.173465549970726 -1.2482151552040714 END 
START 16.675555555555555 13.937777777777777 2.91008547008547 -0.619743188947476 2.0250763357156965 -0.7943187351298637 END 
START 17.46051282051282 14.665299145299146 2.8335042735042735 -0.4626251973833272 1.7719417937512343 -0.549912970474521 END 
START 17.76683760683761 14.473846153846154 2.3548717948717948 -0.20949065541886513 1.3093165963679072 -0.6721158528021923 END 
START 17.785982905982905 13.095384615384615 2.278290598290598 -0.008728777309119381 0.84669139898458 -0.6808446301113117 END 
START 18.07316239316239 11.774358974358975 2.488888888888889 0.11347410501855196 0.593556857020118 -0.24440576465534267 END 
START 18.475213675213674 11.104273504273504 2.2974358974358973 0.20949065541886513 0.39279497891037213 0.20949065541886513 END 
START 18.41777777777778 10.625641025641025 1.8570940170940171 0.27059209658270084 -0.017457554618238762 0.1483892142550295 END 
START 17.70940170940171 9.534358974358975 1.6847863247863248 0.27059209658270084 -0.5760993024018791 -0.20076187810974577 END 
START 16.618119658119657 7.9452991452991455 1.7230769230769232 0.24440576465534267 -1.1172834955672808 -0.38406620160125277 END 
START 13.382564102564103 5.992478632478632 2.4314529914529914 0.08728777309119382 -1.9203310080062639 -0.19203310080062638 END 
START 11.774358974358975 5.858461538461539 2.68034188034188 -0.06110144116383567 -2.173465549970726 -0.20076187810974577 END 
START 10.568205128205129 5.877606837606837 3.0441025641025643 -0.21821943272798452 -2.40041376000783 -0.3229647604374171 END 
START 9.381196581196582 5.915897435897436 3.312136752136752 -0.3316935377465365 -2.54007419695374 -0.34915109236477526 END 
START 8.309059829059828 6.030769230769231 3.4652991452991455 -0.38406620160125277 -2.636090747354053 -0.34915109236477526 END 
START 7.466666666666667 6.011623931623932 3.5418803418803417 -0.43643886545596905 -2.7146497431361274 -0.30550720581917834 END 
START 6.758290598290598 6.04991452991453 3.6376068376068376 -0.48008275200156597 -2.6710058565905306 -0.183304323491507 END 
START 6.088205128205129 6.107350427350427 3.4461538461538463 -0.549912970474521 -2.6273619700449338 -0.19203310080062638 END 
START 5.628717948717949 6.241367521367521 3.273846153846154 -0.6022856343292373 -2.636090747354053 -0.3753374242921334 END 
START 5.303247863247863 6.088205128205129 3.1015384615384614 -0.6459295208748342 -2.705920965827008 -0.619743188947476 END 
START 4.748034188034188 5.801025641025641 2.871794871794872 -0.6808446301113117 -2.7757511842999634 -0.7943187351298637 END 
START 3.8482051282051284 5.532991452991453 2.986666666666667 -0.8554201762936994 -2.81939507084556 -0.8205050670572218 END 
START 3.292991452991453 5.762735042735042 2.776068376068376 -0.9776230586213707 -2.705920965827008 -0.6721158528021923 END 
START 2.622905982905983 5.935042735042735 2.5654700854700856 -1.0649108317125644 -2.7233785204452468 -0.6983021847295505 END 
START 2.0676923076923077 5.858461538461539 2.2974358974358973 -1.1434698274946389 -2.7844799616090827 -0.6459295208748342 END 
START 1.187008547008547 6.088205128205129 2.105982905982906 -1.2656727098223102 -2.8543101800820376 -0.4626251973833272 END 
START -0.11487179487179487 6.681709401709401 2.01025641025641 -1.4053331467682204 -2.8717677347002764 -0.27059209658270084 END 
START -1.6273504273504273 7.5432478632478634 1.7996581196581196 -1.579908692950608 -2.7495648523726053 -0.06983021847295505 END 
START -3.2164102564102564 8.74940170940171 1.301880341880342 -1.7108403525873987 -2.54007419695374 -0.052372663854716284 END 
START -4.6523076923076925 10.204444444444444 0.9764102564102564 -1.806856902987712 -2.295668432298397 -0.2618633192735814 END 
START -5.418119658119658 11.697777777777778 0.8423931623931624 -1.8155856802968313 -1.8941446760789058 -0.3753374242921334 END 
START -5.398974358974359 13.535726495726495 0.057435897435897436 -1.7457554618238762 -1.3704180375317427 -0.40152375621949155 END 
START -5.130940170940171 14.761025641025642 -1.052991452991453 -1.5449935837141304 -1.0038093905487289 -0.5062690839289241 END 
START -4.326837606837607 16.13948717948718 -2.4697435897435898 -0.9776230586213707 -0.4626251973833272 -0.3578798696738946 END 
START -3.561025641025641 17.03931623931624 -2.9483760683760685 -0.7244885166569086 -0.15711799156414885 -0.2793208738918202 END 
START -2.7186324786324785 17.46051282051282 -2.9483760683760685 -0.49754030661980475 0.08728777309119382 -0.28804965120093956 END 
START -2.086837606837607 17.8817094017094 -3.312136752136752 -0.2618633192735814 0.27059209658270084 -0.25313454196446206 END 
START -1.5699145299145298 18.34119658119658 -3.58017094017094 0.04364388654559691 0.366608646983014 -0.3316935377465365 END 
START -1.0338461538461539 18.39863247863248 -3.5418803418803417 0.3142359831282977 0.4626251973833272 -0.41898131083773027 END 
START -0.40205128205128204 18.264615384615386 -3.3504273504273505 0.5586417477836404 0.619743188947476 -0.3316935377465365 END 
START 0.13401709401709402 18.245470085470085 -3.178119658119658 0.8292338443663412 0.7419460712751474 -0.07855899578207443 END 
START 0.5552136752136753 18.36034188034188 -2.91008547008547 1.1521986048037582 0.7681324032025055 0.09601655040031319 END 
START 0.8806837606837606 18.16888888888889 -2.6420512820512823 1.466434587932056 0.7943187351298637 0.20076187810974577 END 
START 1.301880341880342 17.805128205128206 -2.393162393162393 1.7370266845147568 0.8554201762936994 0.2356769873462233 END 
START 1.9145299145299146 17.077606837606837 -1.9528205128205127 1.9814324491700996 0.8990640628392963 0.3142359831282977 END 
START 2.622905982905983 15.986324786324786 -1.2252991452991453 2.3916849826987105 0.9427079493848932 0.549912970474521 END 
START 2.7186324786324785 15.641709401709402 -0.8806837606837606 2.5051590877172623 0.916521617457535 0.2618633192735814 END 
START 3.273846153846154 14.416410256410256 -0.5935042735042735 2.54007419695374 0.9252503947666544 -0.1309316596367907 END 
START 4.097094017094017 12.96136752136752 -0.36376068376068377 2.6448195246631725 0.9776230586213707 0.026186331927358142 END 
START 4.48 12.329572649572649 -0.47863247863247865 2.7582936296817246 0.98635183593049 0.40152375621949155 END 
START 4.9394871794871795 11.755213675213675 -0.5743589743589743 2.8281238481546795 0.9339791720757737 0.5586417477836404 END 
START 5.303247863247863 11.027692307692307 -0.6126495726495726 2.8979540666276344 0.8379626216754605 0.6022856343292373 END 
START 5.456410256410257 10.185299145299146 -0.650940170940171 2.906682843936754 0.733217293966028 0.48881152931068533 END 
START 5.915897435897436 9.17059829059829 -0.6126495726495726 2.863038957391157 0.6721158528021923 0.4102525335286109 END 
START 6.279658119658119 8.175042735042735 -0.8615384615384616 2.863038957391157 0.593556857020118 0.5062690839289241 END 
START 6.413675213675214 7.3135042735042735 -1.3210256410256411 2.863038957391157 0.44516764276508847 0.593556857020118 END 
START 6.107350427350427 5.647863247863248 -1.4741880341880342 2.705920965827008 0.10474532770943257 0.20076187810974577 END 
START 5.839316239316239 4.5374358974358975 -1.6082051282051282 2.6011756381175757 -0.008728777309119381 0 END 
START 5.418119658119658 3.6376068376068376 -1.7613675213675213 2.478972755789904 -0.10474532770943257 -0.1483892142550295 END 
START 5.111794871794872 2.603760683760684 -1.9145299145299146 2.356769873462233 -0.12220288232767133 -0.1396604369459101 END 
START 5.303247863247863 1.837948717948718 -2.68034188034188 2.2520245457528003 -0.183304323491507 0.034915109236477525 END 
START 5.647863247863248 1.187008547008547 -3.273846153846154 2.0949065541886513 -0.3229647604374171 -0.10474532770943257 END 
