START 1.455042735042735 9.381196581196582 -4.288547008547009 -0.19203310080062638 -0.08728777309119382 0.017457554618238762 END 
START 1.435897435897436 9.438632478632478 -4.058803418803419 -0.10474532770943257 -0.21821943272798452 -0.008728777309119381 END 
START 0.9572649572649573 8.96 -4.135384615384615 -0.11347410501855196 -0.2356769873462233 0.008728777309119381 END 
START 0.2105982905982906 9.094017094017094 -3.8673504273504276 -0.25313454196446206 -0.183304323491507 0.21821943272798452 END 
START -0.09572649572649572 9.572649572649572 -3.80991452991453 -0.2356769873462233 -0.1483892142550295 0.11347410501855196 END 
START -0.4594871794871795 10.032136752136752 -3.695042735042735 -0.1396604369459101 -0.1309316596367907 0 END 
START -0.9572649572649573 10.147008547008546 -3.5993162393162392 -0.034915109236477525 -0.07855899578207443 -0.11347410501855196 END 
START -1.5699145299145298 10.147008547008546 -3.4844444444444442 -0.026186331927358142 0 -0.19203310080062638 END 
START -2.4123076923076923 10.204444444444444 -3.312136752136752 -0.034915109236477525 0.10474532770943257 -0.20949065541886513 END 
START -3.1206837606837605 10.740512820512821 -3.197264957264957 -0.052372663854716284 0.27059209658270084 -0.15711799156414885 END 
START -3.388717948717949 11.391452991452992 -3.2164102564102564 -0.017457554618238762 0.4713539746924466 -0.296778428510059 END 
START -3.273846153846154 11.506324786324786 -3.292991452991453 0.04364388654559691 0.5848280797109986 -0.41898131083773027 END 
START -3.3312820512820513 11.563760683760684 -3.1398290598290597 0.16584676887326824 0.7070309620386699 -0.3753374242921334 END 
START -3.312136752136752 11.563760683760684 -3.0441025641025643 0.27059209658270084 0.8816065082210575 -0.28804965120093956 END 
START -2.890940170940171 11.678632478632478 -3.063247863247863 0.3229647604374171 1.0212669451669676 -0.34042231505565584 END 
START -2.105982905982906 10.893675213675214 -2.986666666666667 0.30550720581917834 1.2220288232767134 -0.7157597393477892 END 
START -1.7805128205128204 10.108717948717949 -3.0441025641025643 0.296778428510059 1.326774150986146 -0.6808446301113117 END 
START -1.3784615384615384 9.706666666666667 -2.91008547008547 0.34042231505565584 1.396604369459101 -0.43643886545596905 END 
START -0.9955555555555555 10.242735042735042 -2.5463247863247864 0.3229647604374171 1.483892142550295 -0.2793208738918202 END 
START -0.49777777777777776 10.912820512820513 -2.4505982905982906 0.28804965120093956 1.5624511383323691 -0.5673705250927598 END 
START 0.19145299145299144 10.625641025641025 -2.5463247863247864 0.2618633192735814 1.5188072517867723 -1.0387244997852063 END 
START 0.7466666666666667 9.304615384615385 -2.4123076923076923 0.28804965120093956 1.5188072517867723 -1.0387244997852063 END 
START 1.435897435897436 9.17059829059829 -2.393162393162393 0.3316935377465365 1.675925243350921 -0.5062690839289241 END 
START 2.8526495726495726 10.281025641025641 -2.5654700854700856 0.27059209658270084 1.8155856802968313 -0.39279497891037213 END 
START 4.518290598290598 11.123418803418803 -3.082393162393162 0.1396604369459101 1.8243144576059507 -0.8903352855301769 END 
START 5.724444444444444 10.395897435897435 -3.5993162393162392 0.12220288232767133 1.623552579496205 -1.3878755921499817 END 
START 6.164786324786324 9.151452991452992 -3.9247863247863246 0.15711799156414885 1.3791468148408623 -1.3616892602226234 END 
START 6.356239316239316 8.07931623931624 -3.9439316239316238 0.20076187810974577 1.1696561594219972 -0.9252503947666544 END 
START 6.222222222222222 8.155897435897437 -3.9056410256410254 0.17457554618238763 1.0125381678578482 -0.5149978612380435 END 
START 6.279658119658119 8.155897435897437 -3.8482051282051284 0.06110144116383567 0.8379626216754605 -0.45389642007420783 END 
START 6.222222222222222 8.021880341880342 -3.790769230769231 0 0.663387075493073 -0.34042231505565584 END 
START 5.915897435897436 7.964444444444444 -3.8290598290598292 -0.026186331927358142 0.45389642007420783 -0.296778428510059 END 
START 5.532991452991453 7.6006837606837605 -3.7141880341880342 -0.06983021847295505 0.27059209658270084 -0.2618633192735814 END 
START 4.862905982905983 7.102905982905983 -3.5035897435897434 -0.10474532770943257 0.08728777309119382 -0.21821943272798452 END 
START 4.02051282051282 6.432820512820513 -3.158974358974359 -0.17457554618238763 -0.04364388654559691 -0.21821943272798452 END 
START 2.8143589743589743 5.532991452991453 -2.622905982905983 -0.27059209658270084 -0.1396604369459101 -0.2356769873462233 END 
START 1.6082051282051282 4.786324786324786 -2.086837606837607 -0.38406620160125277 -0.19203310080062638 -0.15711799156414885 END 
START 0.7849572649572649 4.116239316239316 -1.6656410256410257 -0.5411841931654017 -0.1396604369459101 -0.017457554618238762 END 
START 0.19145299145299144 3.8290598290598292 -1.4933333333333334 -0.733217293966028 -0.017457554618238762 0.19203310080062638 END 
START -0.26803418803418805 4.3076923076923075 -1.2635897435897436 -1.1434698274946389 0.12220288232767133 0.21821943272798452 END 
START -0.40205128205128204 4.499145299145299 -1.2635897435897436 -1.3180453736770266 0.1309316596367907 0.1483892142550295 END 
START -0.8806837606837606 4.365128205128205 -0.8998290598290598 -1.4489770333138172 0.1309316596367907 0.183304323491507 END 
START -1.34017094017094 4.7671794871794875 -0.26803418803418805 -1.6584676887326824 0.24440576465534267 0.3578798696738946 END 
START -1.1678632478632478 6.624273504273504 0.11487179487179487 -1.9377885626245026 0.43643886545596905 0.2793208738918202 END 
START -0.9381196581196581 8.021880341880342 0.07658119658119658 -2.217109436516323 0.45389642007420783 -0.27059209658270084 END 
START -0.7275213675213675 8.251623931623932 -0.057435897435897436 -2.3480410961531137 0.4102525335286109 -0.5411841931654017 END 
START -0.5743589743589743 8.73025641025641 0.19145299145299144 -2.321854764225755 0.34915109236477526 -0.27059209658270084 END 
START -0.3063247863247863 10.357606837606838 0.4403418803418803 -2.3305835415348746 0.34915109236477526 -0.09601655040031319 END 
START 0.28717948717948716 12.042393162393163 0.67008547008547 -2.4178713146260686 0.3578798696738946 -0.3142359831282977 END 
START 0.8998290598290598 13.057094017094018 0.918974358974359 -2.452786423862546 0.25313454196446206 -0.5586417477836404 END 
START 0.9955555555555555 15.277948717948718 1.5507692307692307 -2.199651881898084 0.04364388654559691 -0.34042231505565584 END 
START 1.3784615384615384 16.886153846153846 1.9145299145299146 -1.9377885626245026 0.06983021847295505 -0.20076187810974577 END 
START 1.9336752136752138 17.805128205128206 2.01025641025641 -1.7108403525873987 0.08728777309119382 -0.3316935377465365 END 
START 2.871794871794872 17.8817094017094 2.01025641025641 -1.466434587932056 0.06983021847295505 -0.43643886545596905 END 
START 3.4844444444444442 17.288205128205128 1.6082051282051282 -1.1696561594219972 -0.008728777309119381 -0.41898131083773027 END 
START 3.963076923076923 16.752136752136753 1.4167521367521367 -0.916521617457535 -0.08728777309119382 -0.2356769873462233 END 
START 4.441709401709402 16.867008547008545 1.4741880341880342 -0.7244885166569086 -0.15711799156414885 -0.026186331927358142 END 
START 4.862905982905983 17.173333333333332 1.3784615384615384 -0.549912970474521 -0.25313454196446206 -0.06983021847295505 END 
START 5.245811965811966 16.77128205128205 1.301880341880342 -0.34915109236477526 -0.4277100881468497 -0.22694821003710391 END 
START 5.2841025641025645 15.756581196581196 1.455042735042735 -0.1396604369459101 -0.6372007435657149 -0.34915109236477526 END 
START 5.130940170940171 14.492991452991452 1.6847863247863248 0.052372663854716284 -0.7943187351298637 -0.28804965120093956 END 
START 5.1692307692307695 13.822905982905983 1.8188034188034188 0.183304323491507 -0.9077928401484157 -0.11347410501855196 END 
START 4.862905982905983 12.73162393162393 2.1442735042735044 0.2793208738918202 -1.2045712686584746 -0.20949065541886513 END 
START 4.518290598290598 11.946666666666667 2.278290598290598 0.38406620160125277 -1.396604369459101 -0.20076187810974577 END 
START 3.9439316239316238 11.104273504273504 2.5654700854700856 0.48881152931068533 -1.5973662475688468 -0.10474532770943257 END 
START 3.273846153846154 10.434188034188034 2.9292307692307693 0.5324554158562822 -1.6846540206600407 0.052372663854716284 END 
START 2.508034188034188 9.936410256410257 3.1206837606837605 0.49754030661980475 -1.7195691298965181 0.16584676887326824 END 
START 1.703931623931624 9.572649572649572 3.3504273504273505 0.34915109236477526 -1.7370266845147568 0.026186331927358142 END 
START 1.1487179487179486 9.094017094017094 3.312136752136752 0.20949065541886513 -1.675925243350921 -0.008728777309119381 END 
START 0.6317948717948718 8.845128205128205 3.082393162393162 0.20076187810974577 -1.675925243350921 0.1396604369459101 END 
START -0.057435897435897436 8.73025641025641 2.91008547008547 0.2356769873462233 -1.806856902987712 0.296778428510059 END 
START -0.8806837606837606 8.73025641025641 2.9292307692307693 0.21821943272798452 -1.8243144576059507 0.43643886545596905 END 
START -1.7230769230769232 8.672820512820513 2.9675213675213676 0.09601655040031319 -1.7719417937512343 0.40152375621949155 END 
START -2.3357264957264956 8.557948717948719 3.0441025641025643 -0.008728777309119381 -1.623552579496205 0.45389642007420783 END 
START -3.4652991452991455 9.534358974358975 2.4314529914529914 -0.17457554618238763 -1.4140619240773398 0.6110144116383567 END 
START -3.982222222222222 10.147008547008546 2.3548717948717948 -0.08728777309119382 -1.352960482913504 0.7506748485842668 END 
START -4.5374358974358975 10.931965811965812 2.3548717948717948 -0.06110144116383567 -1.1521986048037582 0.6808446301113117 END 
START -4.671452991452991 11.334017094017094 2.1825641025641027 -0.183304323491507 -0.8990640628392963 0.3229647604374171 END 
START -4.231111111111111 12.042393162393163 1.5699145299145298 -0.25313454196446206 -0.6110144116383567 0.1309316596367907 END 
START -3.7716239316239317 13.325128205128205 0.8423931623931624 -0.19203310080062638 -0.43643886545596905 0.09601655040031319 END 
START -2.9675213675213676 14.473846153846154 0.3829059829059829 0 -0.28804965120093956 0.1483892142550295 END 
START -2.1442735042735044 15.565128205128206 0.03829059829059829 0.21821943272798452 -0.19203310080062638 0.2793208738918202 END 
START -1.301880341880342 16.77128205128205 0 0.38406620160125277 -0.06110144116383567 0.28804965120093956 END 
START -0.3063247863247863 17.728547008547007 -0.09572649572649572 0.5411841931654017 0.04364388654559691 0.16584676887326824 END 
START 0.36376068376068377 17.977435897435896 -0.15316239316239316 0.7943187351298637 0.06983021847295505 0.017457554618238762 END 
START 0.8232478632478633 17.47965811965812 -0.057435897435897436 1.1085547182581614 0.026186331927358142 -0.026186331927358142 END 
START 1.455042735042735 16.59897435897436 0.3063247863247863 1.5188072517867723 0.08728777309119382 0.04364388654559691 END 
START 1.7996581196581196 15.986324786324786 0.3063247863247863 1.579908692950608 0.07855899578207443 -0.20076187810974577 END 
START 2.1634188034188035 15.086495726495727 0.11487179487179487 1.6846540206600407 0.034915109236477525 -0.2356769873462233 END 
START 2.4123076923076923 14.492991452991452 0.03829059829059829 1.8592295668424281 -0.06983021847295505 -0.20076187810974577 END 
START 2.3548717948717948 13.708034188034189 0.19145299145299144 1.9988900037883384 -0.15711799156414885 -0.17457554618238763 END 
START 2.0485470085470086 12.923076923076923 0.3829059829059829 2.0687202222612933 -0.19203310080062638 -0.20949065541886513 END 
START 1.7996581196581196 12.08068376068376 0.5169230769230769 2.059991444952174 -0.183304323491507 -0.28804965120093956 END 
START 1.6273504273504273 11.353162393162393 0.4211965811965812 2.033805113024816 -0.1483892142550295 -0.30550720581917834 END 
START 1.5124786324786326 10.874529914529914 0.24888888888888888 2.0512626676430545 -0.1483892142550295 -0.296778428510059 END 
START 1.5124786324786326 10.185299145299146 -0.2105982905982906 2.1385504407342486 -0.2356769873462233 -0.28804965120093956 END 
START 1.2827350427350428 9.228034188034188 -0.13401709401709402 2.2083806592072035 -0.28804965120093956 -0.21821943272798452 END 
START 0.8615384615384616 8.328205128205129 0 2.173465549970726 -0.22694821003710391 -0.183304323491507 END 
START 0.3063247863247863 5.59042735042735 -0.36376068376068377 1.9116022306971445 -0.11347410501855196 -0.41898131083773027 END 
START 0.07658119658119658 4.077948717948718 -0.7466666666666667 1.7544842391329956 -0.09601655040031319 -0.41898131083773027 END 
START 0 2.68034188034188 -1.0721367521367522 1.5188072517867723 -0.008728777309119381 -0.3142359831282977 END 
START 0 1.837948717948718 -1.703931623931624 1.239486377894952 0.12220288232767133 -0.1483892142550295 END 
START 0.3063247863247863 1.5507692307692307 -2.105982905982906 0.9776230586213707 0.22694821003710391 0 END 
START 0.5552136752136753 1.435897435897436 -2.5846153846153848 0.7244885166569086 0.22694821003710391 0.07855899578207443 END 
START 0.7466666666666667 1.6082051282051282 -3.1206837606837605 0.48881152931068533 0.19203310080062638 0.183304323491507 END 
START 0.9955555555555555 2.3548717948717948 -3.8290598290598292 0.21821943272798452 0.21821943272798452 0.20076187810974577 END 
START 0.9955555555555555 3.0441025641025643 -4.4225641025641025 0.026186331927358142 0.20949065541886513 0.2356769873462233 END 
START 0.7849572649572649 4.4225641025641025 -4.8246153846153845 -0.04364388654559691 0.28804965120093956 0.4102525335286109 END 
