START -1.34017094017094 5.686153846153847 -4.748034188034188 0.1483892142550295 0.20076187810974577 0.11347410501855196 END 
START -2.125128205128205 5.016068376068376 -4.269401709401709 0.09601655040031319 0.34915109236477526 -0.052372663854716284 END 
START -2.7377777777777776 4.345982905982906 -4.116239316239316 0.008728777309119381 0.44516764276508847 -0.1309316596367907 END 
START -3.388717948717949 4.03965811965812 -3.8290598290598292 0 0.593556857020118 -0.183304323491507 END 
START -4.058803418803419 3.9056410256410254 -3.3695726495726497 -0.04364388654559691 0.8117762897481025 -0.3578798696738946 END 
START -4.441709401709402 3.273846153846154 -2.8526495726495726 -0.10474532770943257 1.0212669451669676 -0.6721158528021923 END 
START -4.728888888888889 2.4314529914529914 -2.3357264957264956 -0.21821943272798452 1.2656727098223102 -0.7594036258933862 END 
START -4.786324786324786 1.7805128205128204 -1.8188034188034188 -0.43643886545596905 1.6148238021870855 -0.6110144116383567 END 
START -4.7097435897435895 1.5507692307692307 -1.7230769230769232 -0.7070309620386699 1.9639748945518607 -0.4713539746924466 END 
START -4.345982905982906 1.435897435897436 -1.4167521367521367 -0.98635183593049 2.1385504407342486 -0.5237266385471628 END 
START -4.633162393162393 1.6273504273504273 -0.6892307692307692 -1.3180453736770266 2.2869396549892778 -0.84669139898458 END 
START -2.4505982905982906 1.8762393162393163 0.4211965811965812 -1.9203310080062639 2.8979540666276344 -0.6459295208748342 END 
START -2.0485470085470086 2.5271794871794873 0.5360683760683761 -2.2345669911345616 3.0288857262644253 -0.7419460712751474 END 
START -1.6082051282051282 3.1015384615384614 1.187008547008547 -2.5051590877172623 3.1074447220464996 -0.7768611805116249 END 
START -0.8806837606837606 4.460854700854701 1.9336752136752138 -2.8804965120093957 3.2383763816832905 -0.7594036258933862 END 
START 0.7083760683760684 6.643418803418803 2.125128205128205 -3.159817385901216 3.351850486701842 -0.6721158528021923 END 
START 2.6994871794871793 9.744957264957264 2.1442735042735044 -3.2820202682288873 3.5176972555751105 -0.49754030661980475 END 
START 4.8246153846153845 13.612307692307692 1.6656410256410257 -3.2820202682288873 3.456595814411275 -0.7157597393477892 END 
START 7.122051282051282 16.943589743589744 1.3784615384615384 -3.142359831282977 2.976513062409709 -1.3442317056043847 END 
START 8.51965811965812 18.436923076923076 1.0721367521367522 -2.863038957391157 2.3480410961531137 -1.675925243350921 END 
START 9.17059829059829 19.738803418803418 1.589059829059829 -2.522616642335501 1.8679583441515475 -1.5449935837141304 END 
START 9.534358974358975 21.27042735042735 2.4314529914529914 -2.199651881898084 1.5449935837141304 -1.4140619240773398 END 
START 9.821538461538461 22.782905982905984 2.795213675213675 -1.8243144576059507 1.2307576005858327 -1.510078474477653 END 
START 11.027692307692307 21.940512820512822 2.488888888888889 -1.073639609021684 0.7070309620386699 -1.466434587932056 END 
START 11.87008547008547 21.05982905982906 2.4505982905982906 -0.6983021847295505 0.5760993024018791 -0.8292338443663412 END 
START 12.903931623931625 20.447179487179486 2.0676923076923077 -0.28804965120093956 0.45389642007420783 -0.08728777309119382 END 
START 13.478290598290599 20.121709401709403 1.455042735042735 0.026186331927358142 0.12220288232767133 0.11347410501855196 END 
START 13.765470085470085 19.164444444444445 1.1487179487179486 0.30550720581917834 -0.34915109236477526 -0.1396604369459101 END 
START 13.305982905982907 17.44136752136752 1.0721367521367522 0.6022856343292373 -0.8728777309119381 -0.30550720581917834 END 
START 12.08068376068376 15.699145299145298 1.3976068376068376 0.84669139898458 -1.352960482913504 -0.27059209658270084 END 
START 10.740512820512821 14.224957264957265 1.7996581196581196 0.9950806132396095 -1.7806705710603539 -0.19203310080062638 END 
START 9.323760683760684 13.076239316239317 2.1825641025641027 1.1521986048037582 -2.147279218043368 -0.12220288232767133 END 
START 8.002735042735043 12.138119658119658 2.5846153846153848 1.2220288232767134 -2.496430310408143 -0.27059209658270084 END 
START 6.758290598290598 10.931965811965812 2.91008547008547 1.2569439325131908 -2.793208738918202 -0.39279497891037213 END 
START 5.437264957264957 9.974700854700854 3.2547008547008547 1.2569439325131908 -2.976513062409709 -0.44516764276508847 END 
START 3.4461538461538463 8.194188034188034 3.5035897435897434 1.1347410501855195 -3.0638008355009028 -0.2618633192735814 END 
START 2.795213675213675 7.868717948717949 3.292991452991453 1.056182054403445 -3.089987167428261 -0.1309316596367907 END 
START 2.2974358974358973 7.562393162393162 2.9675213675213676 0.9514367266940126 -3.142359831282977 -0.07855899578207443 END 
START 2.01025641025641 7.3135042735042735 2.871794871794872 0.8292338443663412 -3.159817385901216 0.06110144116383567 END 
START 1.6656410256410257 7.236923076923077 2.776068376068376 0.7506748485842668 -3.177274940519455 0.296778428510059 END 
START 1.1487179487179486 7.102905982905983 2.6994871794871793 0.6459295208748342 -3.1860037178285743 0.48881152931068533 END 
START 0.3063247863247863 6.873162393162393 2.508034188034188 0.5149978612380435 -3.177274940519455 0.733217293966028 END 
START -0.7658119658119658 7.17948717948718 2.278290598290598 0.34042231505565584 -3.177274940519455 0.6983021847295505 END 
START -1.6082051282051282 7.409230769230769 2.086837606837607 0.08728777309119382 -3.1685461632103356 0.27059209658270084 END 
START -2.01025641025641 6.854017094017094 1.8762393162393163 -0.06983021847295505 -3.1074447220464996 0.12220288232767133 END 
START -2.488888888888889 6.279658119658119 1.6464957264957265 -0.11347410501855196 -2.932869175864112 0.8816065082210575 END 
START -4.748034188034188 8.251623931623932 0.7466666666666667 -0.3316935377465365 -2.653548301972292 1.6846540206600407 END 
START -5.724444444444444 9.20888888888889 0.4403418803418803 -0.5411841931654017 -2.496430310408143 1.1609273821128776 END 
START -6.222222222222222 9.764102564102565 0.15316239316239316 -0.7768611805116249 -2.0949065541886513 0.593556857020118 END 
START -6.222222222222222 10.357606837606838 -0.67008547008547 -0.916521617457535 -1.69338279796916 0.34042231505565584 END 
START -5.992478632478632 10.855384615384615 -1.3593162393162392 -0.8728777309119381 -1.4577058106229366 0.3316935377465365 END 
START -5.858461538461539 11.621196581196582 -2.125128205128205 -0.7244885166569086 -1.187113714040236 0.733217293966028 END 
START -5.494700854700855 12.980512820512821 -3.1398290598290597 -0.5149978612380435 -0.9514367266940126 0.9514367266940126 END 
START -5.035213675213675 14.167521367521367 -3.695042735042735 -0.4626251973833272 -0.7681324032025055 0.7506748485842668 END 
START -4.748034188034188 14.741880341880341 -4.077948717948718 -0.40152375621949155 -0.5062690839289241 0.39279497891037213 END 
START -4.614017094017094 15.316239316239317 -4.211965811965812 -0.34915109236477526 -0.27059209658270084 0.11347410501855196 END 
START -4.173675213675214 16.311794871794874 -4.556581196581196 -0.20076187810974577 -0.10474532770943257 -0.09601655040031319 END 
START -4.135384615384615 17.077606837606837 -4.862905982905983 0.017457554618238762 -0.07855899578207443 -0.38406620160125277 END 
START -4.326837606837607 16.77128205128205 -4.116239316239316 0.5237266385471628 0.2793208738918202 -0.5411841931654017 END 
START -4.5374358974358975 16.828717948717948 -3.7141880341880342 0.7594036258933862 0.5062690839289241 -0.48008275200156597 END 
START -4.288547008547009 16.52239316239316 -3.407863247863248 0.9601655040031319 0.7419460712751474 -0.45389642007420783 END 
START -3.7716239316239317 16.273504273504273 -3.3504273504273505 1.187113714040236 0.9427079493848932 -0.3753374242921334 END 
START -3.407863247863248 16.024615384615384 -3.1206837606837605 1.4140619240773398 1.099825940949042 -0.366608646983014 END 
START -2.9292307692307693 15.603418803418803 -2.776068376068376 1.5537223610232498 1.2656727098223102 -0.44516764276508847 END 
START -2.125128205128205 15.23965811965812 -2.8335042735042735 1.6671964660418017 1.4577058106229366 -0.366608646983014 END 
START -1.187008547008547 15.124786324786324 -2.9675213675213676 1.8243144576059507 1.536264806405011 -0.2793208738918202 END 
START -0.5743589743589743 14.895042735042734 -2.5654700854700856 1.9988900037883384 1.579908692950608 -0.17457554618238763 END 
START -0.15316239316239316 14.837606837606838 -2.220854700854701 2.1210928861160094 1.623552579496205 -0.17457554618238763 END 
START 0.3254700854700855 14.473846153846154 -2.086837606837607 2.217109436516323 1.649738911423563 -0.366608646983014 END 
START 1.2635897435897436 13.765470085470085 -2.105982905982906 2.269482100371039 1.6846540206600407 -0.4626251973833272 END 
START 2.871794871794872 12.425299145299146 -2.1825641025641027 2.5051590877172623 1.5973662475688468 -0.09601655040031319 END 
START 3.3504273504273505 11.525470085470085 -1.9145299145299146 2.583718083499337 1.4751633652411755 -0.052372663854716284 END 
START 3.6567521367521367 10.740512820512821 -1.589059829059829 2.653548301972292 1.4402482560046979 0.026186331927358142 END 
START 4.058803418803419 10.204444444444444 -1.3784615384615384 2.6273619700449338 1.396604369459101 -0.08728777309119382 END 
START 4.633162393162393 9.151452991452992 -1.3210256410256411 2.6186331927358144 1.2569439325131908 -0.27059209658270084 END 
START 4.9394871794871795 7.696410256410257 -1.4741880341880342 2.653548301972292 1.1085547182581614 -0.22694821003710391 END 
START 4.901196581196581 6.164786324786324 -1.5507692307692307 2.6710058565905306 1.0038093905487289 -0.052372663854716284 END 
START 4.786324786324786 4.8246153846153845 -1.4933333333333334 2.557531751571979 0.9339791720757737 0.06983021847295505 END 
START 4.958632478632478 3.388717948717949 -1.7230769230769232 2.295668432298397 0.9339791720757737 -0.08728777309119382 END 
START 5.322393162393162 1.7230769230769232 -2.0294017094017094 1.9290597853153832 0.9252503947666544 -0.3316935377465365 END 
START 5.456410256410257 0.4594871794871795 -2.3548717948717948 1.6322813568053243 0.9077928401484157 -0.28804965120093956 END 
