START -0.8423931623931624 2.3548717948717948 -3.063247863247863 0.30550720581917834 -0.593556857020118 0.49754030661980475 END 
START -1.435897435897436 2.1825641025641027 -3.6567521367521367 0.2356769873462233 -0.4277100881468497 0.2618633192735814 END 
START -1.6273504273504273 1.3976068376068376 -3.1206837606837605 0.19203310080062638 -0.39279497891037213 -0.026186331927358142 END 
START -2.1634188034188035 0.67008547008547 -2.7186324786324785 0.06983021847295505 -0.17457554618238763 -0.017457554618238762 END 
START -2.9292307692307693 0.07658119658119658 -2.7377777777777776 -0.1483892142550295 0.08728777309119382 -0.017457554618238762 END 
START -3.5227350427350426 -0.3254700854700855 -2.8143589743589743 -0.3142359831282977 0.39279497891037213 -0.11347410501855196 END 
START -4.116239316239316 -0.6892307692307692 -2.7377777777777776 -0.5324554158562822 0.7157597393477892 -0.2793208738918202 END 
START -4.460854700854701 -0.7083760683760684 -2.1634188034188035 -0.7681324032025055 1.0910971636399227 -0.366608646983014 END 
START -4.345982905982906 -0.5935042735042735 -1.6464957264957265 -1.056182054403445 1.4140619240773398 -0.4102525335286109 END 
START -4.001367521367522 -0.3446153846153846 -1.052991452991453 -1.3355029282952653 1.7282979072056375 -0.3578798696738946 END 
START -4.077948717948718 0.4594871794871795 -0.5743589743589743 -1.5711799156414885 2.033805113024816 -0.25313454196446206 END 
START -4.5374358974358975 1.703931623931624 0.26803418803418805 -1.7108403525873987 2.321854764225755 -0.3753374242921334 END 
START -5.1692307692307695 2.8143589743589743 1.589059829059829 -1.8854158987697864 2.653548301972292 -0.7855899578207443 END 
START -5.188376068376068 3.675897435897436 3.2355555555555555 -2.199651881898084 3.020156948955306 -1.1783849367311166 END 
START -4.5374358974358975 4.786324786324786 3.9247863247863246 -2.522616642335501 3.38676559593832 -1.1958424913493553 END 
START -2.01025641025641 9.917264957264956 4.92034188034188 -2.793208738918202 3.9541361210310795 -0.733217293966028 END 
START 0.4211965811965812 13.478290598290599 5.494700854700855 -2.8979540666276344 4.1374404445225865 -1.2831302644405491 END 
START 3.292991452991453 16.38837606837607 5.245811965811966 -2.81939507084556 4.102525335286109 -1.7370266845147568 END 
START 6.203076923076923 18.915555555555557 5.15008547008547 -2.6011756381175757 4.0152375621949155 -1.7195691298965181 END 
START 8.634529914529914 20.84923076923077 5.1692307692307695 -2.3393123188439944 3.709730356375737 -1.5886374702597275 END 
START 11.104273504273504 22.725470085470086 5.59042735042735 -2.129821663425129 3.412951927865678 -1.3005878190587878 END 
START 13.956923076923077 25.444102564102565 5.992478632478632 -1.7981281256785926 3.1685461632103356 -0.7157597393477892 END 
START 16.867008547008545 28.296752136752136 6.222222222222222 -1.239486377894952 2.8804965120093957 -0.07855899578207443 END 
START 19.145299145299145 30.038974358974357 6.069059829059829 -0.4713539746924466 2.5051590877172623 0.549912970474521 END 
START 20.715213675213676 30.747350427350426 4.996923076923077 0.34915109236477526 2.1210928861160094 1.0038093905487289 END 
START 20.313162393162393 26.133333333333333 3.082393162393162 2.5662605288810982 0.1396604369459101 1.3180453736770266 END 
START 17.192478632478633 23.127521367521368 3.3312820512820513 3.072529612810022 -0.48881152931068533 1.4315194786955785 END 
START 13.593162393162393 20.064273504273505 3.7524786324786326 3.430409482483917 -0.9252503947666544 1.4053331467682204 END 
START 10.434188034188034 17.03931623931624 4.173675213675214 3.6486289152119014 -1.1347410501855195 1.2831302644405491 END 
START 7.8878632478632476 14.052649572649573 4.5374358974358975 3.639900137902782 -1.239486377894952 1.1696561594219972 END 
START 5.877606837606837 11.295726495726496 4.403418803418804 3.5613411421207077 -1.4053331467682204 1.0038093905487289 END 
START 3.963076923076923 8.787692307692307 4.326837606837607 3.4915109236477524 -1.5188072517867723 0.8903352855301769 END 
START 2.2974358974358973 6.681709401709401 4.288547008547009 3.3780368186292007 -1.5886374702597275 0.84669139898458 END 
START 1.5316239316239315 4.862905982905983 4.097094017094017 3.2209188270650517 -1.5013496971685336 0.8816065082210575 END 
START 1.1295726495726495 2.9675213675213676 3.7141880341880342 2.96778428510059 -1.3878755921499817 0.9252503947666544 END 
START 0.7849572649572649 1.1678632478632478 3.082393162393162 2.6011756381175757 -1.2744014871314298 0.8379626216754605 END 
START 0.5552136752136753 -0.40205128205128204 2.5846153846153848 2.1909231045889648 -1.1085547182581614 0.7681324032025055 END 
START 0.7083760683760684 -1.6464957264957265 1.837948717948718 1.763213016442115 -0.9601655040031319 0.8292338443663412 END 
START 1.34017094017094 -2.8335042735042735 0.67008547008547 1.0649108317125644 -0.8379626216754605 1.0387244997852063 END 
START 1.455042735042735 -3.082393162393162 0.4211965811965812 0.6895734074204312 -0.8554201762936994 0.8030475124389831 END 
START 1.589059829059829 -3.6184615384615384 0.09572649572649572 0.3142359831282977 -0.7506748485842668 0.5062690839289241 END 
START 1.7805128205128204 -4.269401709401709 -0.26803418803418805 -0.04364388654559691 -0.6546582981839536 0.30550720581917834 END 
START 2.0294017094017094 -4.499145299145299 -0.47863247863247865 -0.39279497891037213 -0.5324554158562822 0.25313454196446206 END 
START 2.393162393162393 -4.326837606837607 -0.6126495726495726 -0.733217293966028 -0.5062690839289241 0.16584676887326824 END 
START 2.890940170940171 -4.135384615384615 -0.5743589743589743 -1.056182054403445 -0.5411841931654017 -0.008728777309119381 END 
START 3.1398290598290597 -4.173675213675214 -0.5360683760683761 -1.4140619240773398 -0.5760993024018791 -0.28804965120093956 END 
START 3.388717948717949 -4.288547008547009 -0.15316239316239316 -1.83304323491507 -0.5324554158562822 -0.41898131083773027 END 
START 3.6376068376068376 -4.001367521367522 0.1723076923076923 -2.295668432298397 -0.5062690839289241 -0.4102525335286109 END 
START 3.695042735042735 -3.4461538461538463 0.7658119658119658 -2.705920965827008 -0.6022856343292373 -0.34915109236477526 END 
START 3.2164102564102564 -1.2061538461538461 3.0441025641025643 -3.6049850286663045 -0.7419460712751474 -0.08728777309119382 END 
START 3.1015384615384614 0.4594871794871795 4.25025641025641 -4.119982889904348 -0.6808446301113117 -0.06110144116383567 END 
START 3.1015384615384614 2.220854700854701 5.245811965811966 -4.521506646123839 -0.6895734074204312 0.10474532770943257 END 
START 2.795213675213675 5.0543589743589745 5.743589743589744 -4.835742629252137 -0.6983021847295505 0.4626251973833272 END 
START 2.4697435897435898 9.974700854700854 5.877606837606837 -5.228537608162509 -0.6459295208748342 0.19203310080062638 END 
START 3.063247863247863 17.00102564102564 6.279658119658119 -5.464214595508732 -0.6284719662565954 -0.5586417477836404 END 
START 3.3695726495726497 24.352820512820514 5.935042735042735 -5.1325210577621965 -0.8205050670572218 -1.187113714040236 END 
START 2.3357264957264956 28.985982905982905 5.341538461538462 -4.1985418856864225 -1.2220288232767134 -1.1958424913493553 END 
START 0.5935042735042735 30.421880341880343 4.690598290598291 -3.116173499355619 -1.2307576005858327 -0.7506748485842668 END 
START -0.5552136752136753 30.038974358974357 3.388717948717949 -2.1909231045889648 -0.8205050670572218 -0.7244885166569086 END 
START -0.3446153846153846 27.99042735042735 2.125128205128205 -1.483892142550295 -0.34915109236477526 -1.073639609021684 END 
START 1.0721367521367522 25.09948717948718 0.9764102564102564 -0.9077928401484157 0.034915109236477525 -1.0649108317125644 END 
START 3.9439316239316238 19.872820512820514 -0.5935042735042735 0.017457554618238762 0.34042231505565584 -0.296778428510059 END 
START 4.786324786324786 17.862564102564104 -1.052991452991453 0.3229647604374171 0.296778428510059 -0.1483892142550295 END 
