START -0.8423931623931624 3.561025641025641 -6.796581196581196 0.17457554618238763 -0.5237266385471628 -0.6895734074204312 END 
START -1.1295726495726495 3.158974358974359 -6.547692307692308 0.04364388654559691 -0.8728777309119381 -0.8205050670572218 END 
START -2.661196581196581 2.2974358974358973 -5.092649572649573 -0.15711799156414885 -0.663387075493073 -0.9514367266940126 END 
START -3.3312820512820513 1.9336752136752138 -4.748034188034188 -0.30550720581917834 -0.2618633192735814 -0.7681324032025055 END 
START -3.8482051282051284 1.991111111111111 -4.518290598290598 -0.3578798696738946 -0.026186331927358142 -0.593556857020118 END 
START -4.518290598290598 2.1825641025641027 -4.03965811965812 -0.38406620160125277 0.08728777309119382 -0.44516764276508847 END 
START -5.36068376068376 2.6994871794871793 -3.024957264957265 -0.43643886545596905 0.2356769873462233 -0.549912970474521 END 
START -5.801025641025641 2.8335042735042735 -2.0676923076923077 -0.7157597393477892 0.4102525335286109 -0.8641489536028187 END 
START -5.839316239316239 2.105982905982906 -1.5124786324786326 -0.9776230586213707 0.7855899578207443 -0.8641489536028187 END 
START -6.375384615384616 1.8188034188034188 -1.6847863247863248 -1.2744014871314298 1.2045712686584746 -0.733217293966028 END 
START -6.069059829059829 1.7613675213675213 -1.4741880341880342 -1.6410101341144436 1.6322813568053243 -0.7943187351298637 END 
START -5.111794871794872 2.0676923076923077 -1.2061538461538461 -1.9116022306971445 2.059991444952174 -0.7943187351298637 END 
START -4.403418803418804 2.4314529914529914 -0.6317948717948718 -2.1210928861160094 2.2345669911345616 -0.8641489536028187 END 
START -4.4225641025641025 2.1634188034188035 -0.15316239316239316 -2.3654986507713525 2.2520245457528003 -0.9688942813122513 END 
START -4.4225641025641025 1.3784615384615384 0.09572649572649572 -2.6186331927358144 2.478972755789904 -0.7244885166569086 END 
START -3.5035897435897434 2.125128205128205 0.2105982905982906 -2.889225289318515 2.9415979531732313 -0.2618633192735814 END 
START -2.259145299145299 3.561025641025641 0.6126495726495726 -3.203461272446813 3.1860037178285743 -0.15711799156414885 END 
START -0.8423931623931624 5.954188034188034 1.052991452991453 -3.570069919429827 3.1685461632103356 -0.2618633192735814 END 
START 0.49777777777777776 9.17059829059829 0.1723076923076923 -3.8581195706307665 2.993970617027948 -0.7157597393477892 END 
START 1.6847863247863248 10.415042735042736 -0.8041025641025641 -3.866848347939886 2.67973463389965 -1.0038093905487289 END 
START 2.8335042735042735 12.329572649572649 -1.1295726495726495 -3.7446454656122143 2.5488029742628595 -0.663387075493073 END 
START 4.575726495726496 15.23965811965812 -1.6273504273504273 -3.535154810193349 2.4353288692443074 -0.3578798696738946 END 
START 5.935042735042735 17.862564102564104 -2.201709401709402 -3.1860037178285743 2.086177776879532 -0.28804965120093956 END 
START 5.781880341880342 19.77709401709402 -2.086837606837607 -2.993970617027948 1.5711799156414885 -0.8030475124389831 END 
START 5.686153846153847 20.79179487179487 -1.6464957264957265 -2.976513062409709 1.1783849367311166 -1.5449935837141304 END 
START 6.260512820512821 21.347008547008546 -1.3784615384615384 -2.767022406990844 0.9776230586213707 -1.7195691298965181 END 
START 7.122051282051282 21.72991452991453 -1.703931623931624 -1.8417720122241894 0.6983021847295505 -0.9427079493848932 END 
START 8.136752136752136 21.72991452991453 -2.201709401709402 -1.3878755921499817 0.6983021847295505 -0.44516764276508847 END 
START 9.074871794871795 21.53846153846154 -2.6994871794871793 -0.8903352855301769 0.5673705250927598 0 END 
START 9.572649572649572 21.174700854700856 -2.9483760683760685 -0.43643886545596905 0.3229647604374171 0.25313454196446206 END 
START 9.85982905982906 20.61948717948718 -3.158974358974359 -0.11347410501855196 0.06983021847295505 0.2356769873462233 END 
START 10.032136752136752 19.71965811965812 -3.312136752136752 0.1483892142550295 -0.27059209658270084 0.10474532770943257 END 
START 9.706666666666667 18.513504273504275 -2.9292307692307693 0.48881152931068533 -0.6808446301113117 0.07855899578207443 END 
START 8.883418803418804 17.211623931623933 -2.220854700854701 0.8117762897481025 -1.0212669451669676 0.1396604369459101 END 
START 7.907008547008547 15.890598290598291 -1.5316239316239315 1.073639609021684 -1.326774150986146 0.17457554618238763 END 
START 7.16034188034188 14.378119658119658 -0.8615384615384616 1.3005878190587878 -1.6410101341144436 0.2356769873462233 END 
START 6.337094017094017 13.344273504273504 -0.22974358974358974 1.4577058106229366 -1.8592295668424281 0.34042231505565584 END 
START 4.671452991452991 11.468034188034189 0.7466666666666667 1.4577058106229366 -2.2520245457528003 0.008728777309119381 END 
START 4.116239316239316 10.338461538461539 1.0338461538461539 1.352960482913504 -2.3916849826987105 -0.11347410501855196 END 
START 3.6567521367521367 9.668376068376068 1.1104273504273505 1.3442317056043847 -2.4615152011716654 0 END 
START 3.273846153846154 8.921709401709402 1.2635897435897436 1.3616892602226234 -2.54007419695374 0.22694821003710391 END 
START 2.6420512820512823 8.615384615384615 1.455042735042735 1.3355029282952653 -2.6011756381175757 0.44516764276508847 END 
START 2.086837606837607 8.443076923076923 1.435897435897436 1.2045712686584746 -2.6884634112087693 0.3316935377465365 END 
START 1.5124786324786326 7.907008547008547 1.6082051282051282 1.0387244997852063 -2.81939507084556 0.026186331927358142 END 
START 0.8998290598290598 7.236923076923077 1.703931623931624 0.8903352855301769 -2.8804965120093957 -0.034915109236477525 END 
START 0.3063247863247863 6.873162393162393 1.5124786324786326 0.7681324032025055 -2.8979540666276344 0 END 
START -0.1723076923076923 6.145641025641026 1.2444444444444445 0.6546582981839536 -2.9415979531732313 0.08728777309119382 END 
START -0.7658119658119658 5.60957264957265 0.9764102564102564 0.5586417477836404 -3.020156948955306 0.3142359831282977 END 
START -1.703931623931624 5.667008547008547 1.0338461538461539 0.4102525335286109 -3.116173499355619 0.41898131083773027 END 
START -2.8143589743589743 6.088205128205129 1.2827350427350428 0.183304323491507 -3.1685461632103356 0.183304323491507 END 
START -4.862905982905983 5.60957264957265 1.2635897435897436 -0.1396604369459101 -3.0026993943370672 0.17457554618238763 END 
START -6.126495726495726 6.04991452991453 1.187008547008547 -0.22694821003710391 -2.81939507084556 0.3578798696738946 END 
START -7.275213675213675 6.72 0.918974358974359 -0.366608646983014 -2.5662605288810982 0.3753374242921334 END 
START -8.232478632478632 7.409230769230769 0.650940170940171 -0.5586417477836404 -2.3305835415348746 0.12220288232767133 END 
START -8.921709401709402 7.638974358974359 0.22974358974358974 -0.7943187351298637 -1.990161226479219 -0.06983021847295505 END 
START -9.476923076923077 8.213333333333333 -0.5552136752136753 -0.9252503947666544 -1.5537223610232498 0 END 
START -9.63008547008547 9.40034188034188 -1.5699145299145298 -0.9427079493848932 -1.073639609021684 0.21821943272798452 END 
START -9.247179487179487 10.893675213675214 -2.508034188034188 -0.8816065082210575 -0.7506748485842668 0.30550720581917834 END 
START -8.998290598290598 12.521025641025641 -3.2355555555555555 -0.8117762897481025 -0.5848280797109986 0.25313454196446206 END 
START -8.806837606837608 14.11008547008547 -3.963076923076923 -0.7419460712751474 -0.3753374242921334 -0.034915109236477525 END 
START -8.557948717948719 14.856752136752137 -4.1928205128205125 -0.619743188947476 -0.20076187810974577 -0.296778428510059 END 
START -8.404786324786325 16.196923076923078 -4.499145299145299 -0.20076187810974577 0.183304323491507 -0.48008275200156597 END 
START -8.73025641025641 16.618119658119657 -4.269401709401709 0 0.21821943272798452 -0.7681324032025055 END 
START -8.902564102564103 16.273504273504273 -3.9247863247863246 0.2356769873462233 0.38406620160125277 -0.9688942813122513 END 
START -8.768547008547008 15.660854700854701 -3.6184615384615384 0.5324554158562822 0.6895734074204312 -0.8205050670572218 END 
START -8.672820512820513 15.622564102564102 -3.427008547008547 0.7943187351298637 0.98635183593049 -0.6721158528021923 END 
START -8.309059829059828 15.182222222222222 -3.178119658119658 0.9427079493848932 1.2045712686584746 -0.7070309620386699 END 
START -7.926153846153846 14.531282051282052 -2.871794871794872 1.0823683863308033 1.4140619240773398 -0.663387075493073 END 
START -7.677264957264957 14.167521367521367 -2.603760683760684 1.1958424913493553 1.579908692950608 -0.6546582981839536 END 
START -7.122051282051282 13.765470085470085 -2.4314529914529914 1.2831302644405491 1.806856902987712 -0.6284719662565954 END 
START -6.413675213675214 13.401709401709402 -2.5846153846153848 1.4053331467682204 1.9988900037883384 -0.5324554158562822 END 
START -5.60957264957265 13.171965811965812 -2.5271794871794873 1.5188072517867723 2.147279218043368 -0.43643886545596905 END 
START -4.633162393162393 12.942222222222222 -2.4314529914529914 1.5973662475688468 2.2607533230619197 -0.38406620160125277 END 
START -2.7186324786324785 12.54017094017094 -2.4505982905982906 1.763213016442115 2.3480410961531137 -0.19203310080062638 END 
START -1.6847863247863248 12.482735042735042 -2.4697435897435898 1.8505007895333088 2.374227428080472 -0.15711799156414885 END 
START -0.4594871794871795 12.11897435897436 -2.374017094017094 1.9988900037883384 2.374227428080472 -0.052372663854716284 END 
START 0.6892307692307692 11.582905982905983 -2.3357264957264956 2.1647367726616067 2.321854764225755 0.034915109236477525 END 
START 1.7230769230769232 10.472478632478632 -2.5271794871794873 2.2869396549892778 2.199651881898084 0.09601655040031319 END 
START 2.5654700854700856 9.496068376068376 -2.488888888888889 2.374227428080472 2.016347558406577 0.1396604369459101 END 
START 3.273846153846154 8.672820512820513 -2.622905982905983 2.382956205389591 1.7370266845147568 -0.026186331927358142 END 
START 3.695042735042735 7.122051282051282 -2.5654700854700856 2.2520245457528003 1.4315194786955785 -0.3753374242921334 END 
START 3.8673504273504276 5.456410256410257 -2.508034188034188 2.086177776879532 1.2045712686584746 -0.5411841931654017 END 
START 3.9247863247863246 3.7141880341880342 -2.4505982905982906 1.8941446760789058 1.056182054403445 -0.5062690839289241 END 
START 4.001367521367522 2.374017094017094 -2.603760683760684 1.6846540206600407 0.9339791720757737 -0.34042231505565584 END 
START 3.963076923076923 1.2827350427350428 -2.6994871794871793 1.4402482560046979 0.8816065082210575 -0.11347410501855196 END 
START 3.6184615384615384 0.5169230769230769 -3.5418803418803417 0.8728777309119381 0.8641489536028187 -0.08728777309119382 END 
