START 0.28717948717948716 6.681709401709401 -3.80991452991453 -0.5760993024018791 -0.45389642007420783 0.07855899578207443 END 
START -0.3063247863247863 6.509401709401709 -4.001367521367522 -0.39279497891037213 -0.43643886545596905 0.49754030661980475 END 
START -1.1295726495726495 7.409230769230769 -3.695042735042735 -0.40152375621949155 -0.5062690839289241 0.7244885166569086 END 
START -2.374017094017094 8.021880341880342 -3.6376068376068376 -0.366608646983014 -0.34042231505565584 0.7244885166569086 END 
START -3.2164102564102564 8.28991452991453 -3.9439316239316238 -0.3753374242921334 -0.20949065541886513 0.6546582981839536 END 
START -4.288547008547009 9.132307692307693 -3.80991452991453 -0.3753374242921334 -0.17457554618238763 0.6284719662565954 END 
START -5.705299145299145 10.95111111111111 -3.388717948717949 -0.38406620160125277 0 0.6546582981839536 END 
START -7.3135042735042735 12.884786324786324 -2.8526495726495726 -0.10474532770943257 0.6721158528021923 -0.3316935377465365 END 
START -7.102905982905983 12.57846153846154 -3.1206837606837605 0.08728777309119382 1.1347410501855195 -0.3142359831282977 END 
START -6.432820512820513 12.712478632478632 -3.2547008547008547 0.38406620160125277 1.396604369459101 -0.017457554618238762 END 
START -5.513846153846154 13.248547008547009 -2.986666666666667 0.593556857020118 1.579908692950608 -0.017457554618238762 END 
START -1.3210256410256411 11.602051282051281 -2.1825641025641027 0.8641489536028187 2.1821943272798454 -1.0649108317125644 END 
START 0.8806837606837606 11.085128205128205 -2.5654700854700856 0.9077928401484157 2.3305835415348746 -0.9950806132396095 END 
START 3.312136752136752 10.52991452991453 -2.871794871794872 0.84669139898458 2.295668432298397 -1.056182054403445 END 
START 5.475555555555555 10.395897435897435 -3.2355555555555555 0.7244885166569086 2.1560079953524873 -1.1609273821128776 END 
START 6.911452991452991 9.898119658119658 -3.2547008547008547 0.663387075493073 1.9290597853153832 -1.2482151552040714 END 
START 8.232478632478632 8.251623931623932 -3.082393162393162 0.6808446301113117 1.4751633652411755 -0.8379626216754605 END 
START 8.443076923076923 7.447521367521367 -3.082393162393162 0.6372007435657149 1.2918590417496685 -0.6808446301113117 END 
START 8.634529914529914 6.356239316239316 -3.3312820512820513 0.5237266385471628 1.0649108317125644 -0.5848280797109986 END 
START 8.462222222222222 5.494700854700855 -3.312136752136752 0.39279497891037213 0.7594036258933862 -0.41898131083773027 END 
START 7.6006837606837605 5.245811965811966 -2.9483760683760685 0.30550720581917834 0.44516764276508847 -0.3578798696738946 END 
START 6.126495726495726 4.403418803418804 -2.374017094017094 0.20076187810974577 0.183304323491507 -0.49754030661980475 END 
START 4.25025641025641 3.427008547008547 -1.8570940170940171 0.034915109236477525 0.07855899578207443 -0.5673705250927598 END 
START 2.8143589743589743 2.871794871794872 -1.3784615384615384 -0.20076187810974577 0.16584676887326824 -0.5324554158562822 END 
START 2.278290598290598 2.8526495726495726 -1.3593162393162392 -0.41898131083773027 0.366608646983014 -0.296778428510059 END 
START 2.105982905982906 3.158974358974359 -1.3593162393162392 -0.593556857020118 0.366608646983014 -0.3142359831282977 END 
START 1.9145299145299146 3.0441025641025643 -1.2827350427350428 -0.8117762897481025 0.3316935377465365 -0.5062690839289241 END 
START 1.1678632478632478 2.5654700854700856 -1.2444444444444445 -1.056182054403445 0.20076187810974577 -0.6983021847295505 END 
START -0.057435897435897436 2.776068376068376 -0.4403418803418803 -1.5973662475688468 0.41898131083773027 -0.2793208738918202 END 
START -0.19145299145299144 4.460854700854701 0.03829059829059829 -1.8941446760789058 0.5411841931654017 -0.3753374242921334 END 
START -0.057435897435897436 5.341538461538462 0.3254700854700855 -2.147279218043368 0.549912970474521 -0.6372007435657149 END 
START 0.057435897435897436 5.896752136752137 0.3063247863247863 -2.2869396549892778 0.5586417477836404 -0.5411841931654017 END 
START -0.3063247863247863 7.926153846153846 0.918974358974359 -2.54007419695374 0.5760993024018791 -0.017457554618238762 END 
START 0.5935042735042735 10.166153846153847 0.650940170940171 -2.732107297754366 0.7244885166569086 -0.017457554618238762 END 
START 1.6082051282051282 11.984957264957265 0.5935042735042735 -2.7844799616090827 0.6983021847295505 -0.06983021847295505 END 
START 1.9719658119658119 14.224957264957265 0.5743589743589743 -2.7582936296817246 0.6546582981839536 -0.052372663854716284 END 
START 2.795213675213675 16.52239316239316 0.6317948717948718 -2.662277079281411 0.663387075493073 -0.1309316596367907 END 
START 3.7716239316239317 18.302905982905983 0.36376068376068377 -2.4353288692443074 0.549912970474521 -0.27059209658270084 END 
START 3.8290598290598292 19.48991452991453 0.7466666666666667 -1.83304323491507 0.2618633192735814 -0.44516764276508847 END 
START 4.25025641025641 19.96854700854701 0.8806837606837606 -1.5973662475688468 0.27059209658270084 -0.4277100881468497 END 
START 5.1692307692307695 20.40888888888889 0.8615384615384616 -1.2656727098223102 0.24440576465534267 -0.39279497891037213 END 
START 6.126495726495726 20.064273504273505 0.8998290598290598 -0.8554201762936994 0.11347410501855196 -0.43643886545596905 END 
START 6.815726495726496 18.666666666666668 0.7275213675213675 -0.4626251973833272 -0.06983021847295505 -0.39279497891037213 END 
START 7.17948717948718 16.80957264957265 0.3063247863247863 -0.183304323491507 -0.30550720581917834 -0.39279497891037213 END 
START 7.6006837606837605 14.933333333333334 0 -0.052372663854716284 -0.5760993024018791 -0.24440576465534267 END 
START 7.696410256410257 14.186666666666667 0.15316239316239316 0.026186331927358142 -0.8903352855301769 -0.07855899578207443 END 
START 7.332649572649573 13.88034188034188 0.7083760683760684 0.09601655040031319 -1.2220288232767134 -0.1483892142550295 END 
START 6.662564102564103 12.99965811965812 1.2635897435897436 0.19203310080062638 -1.5013496971685336 -0.28804965120093956 END 
START 5.667008547008547 11.946666666666667 1.9719658119658119 0.2618633192735814 -1.7021115752782794 -0.20076187810974577 END 
START 4.690598290598291 11.276581196581196 2.5654700854700856 0.3142359831282977 -1.8155856802968313 -0.034915109236477525 END 
START 2.9675213675213676 10.242735042735042 3.024957264957265 0.22694821003710391 -1.9203310080062639 -0.052372663854716284 END 
START 2.2974358974358973 9.936410256410257 3.1206837606837605 0.19203310080062638 -1.9552461172427413 -0.07855899578207443 END 
START 1.589059829059829 9.687521367521368 3.2547008547008547 0.20076187810974577 -1.9552461172427413 -0.026186331927358142 END 
START 1.052991452991453 9.20888888888889 3.3312820512820513 0.16584676887326824 -1.8679583441515475 0.06983021847295505 END 
START 0.650940170940171 8.73025641025641 3.0441025641025643 0.12220288232767133 -1.806856902987712 0.20076187810974577 END 
START 0.057435897435897436 8.653675213675214 2.8143589743589743 0.07855899578207443 -1.7195691298965181 0.366608646983014 END 
START -0.4211965811965812 8.96 2.5846153846153848 0.052372663854716284 -1.7370266845147568 0.296778428510059 END 
START -0.8615384615384616 8.653675213675214 2.488888888888889 -0.017457554618238762 -1.763213016442115 0.17457554618238763 END 
START -1.6464957264957265 8.175042735042735 2.393162393162393 -0.08728777309119382 -1.7195691298965181 0.21821943272798452 END 
START -2.890940170940171 7.9452991452991455 2.3548717948717948 -0.20949065541886513 -1.6060950248779662 0.44516764276508847 END 
START -3.9056410256410254 8.806837606837608 2.0294017094017094 -0.366608646983014 -1.3791468148408623 0.5760993024018791 END 
START -4.6523076923076925 10.970256410256411 1.5316239316239315 -0.49754030661980475 -1.0474532770943257 0.44516764276508847 END 
START -4.958632478632478 12.482735042735042 1.2827350427350428 -0.48881152931068533 -0.8379626216754605 0.40152375621949155 END 
START -4.671452991452991 14.11008547008547 0.7275213675213675 -0.4277100881468497 -0.5848280797109986 0.30550720581917834 END 
START -3.8482051282051284 15.986324786324786 0.03829059829059829 -0.28804965120093956 -0.3316935377465365 0.24440576465534267 END 
START -2.622905982905983 17.785982905982905 -0.4594871794871795 -0.07855899578207443 -0.1483892142550295 0.034915109236477525 END 
START -1.2444444444444445 18.704957264957265 -0.5360683760683761 0.20949065541886513 -0.026186331927358142 0.034915109236477525 END 
START -0.15316239316239316 19.52820512820513 -0.8232478632478633 0.5848280797109986 0.07855899578207443 0.2356769873462233 END 
START 0.8232478632478633 19.834529914529913 -0.7083760683760684 0.9601655040031319 0.10474532770943257 0.34042231505565584 END 
START 1.3593162393162392 19.77709401709402 -0.5743589743589743 1.3180453736770266 0.10474532770943257 0.2793208738918202 END 
START 1.6273504273504273 18.934700854700854 -0.28717948717948716 1.6148238021870855 0.052372663854716284 0.026186331927358142 END 
START 1.991111111111111 17.92 -0.13401709401709402 1.8417720122241894 0.08728777309119382 0.017457554618238762 END 
START 2.374017094017094 17.42222222222222 -0.057435897435897436 2.042533890333935 0.10474532770943257 0.11347410501855196 END 
START 2.776068376068376 16.292649572649573 0.13401709401709402 2.452786423862546 -0.06983021847295505 0.026186331927358142 END 
START 2.508034188034188 15.105641025641026 0.49777777777777776 2.6186331927358144 -0.183304323491507 -0.034915109236477525 END 
START 2.086837606837607 14.033504273504274 0.8041025641025641 2.7146497431361274 -0.20949065541886513 -0.017457554618238762 END 
START 1.7230769230769232 12.884786324786324 1.0721367521367522 2.767022406990844 -0.20076187810974577 -0.026186331927358142 END 
START 1.435897435897436 11.697777777777778 1.2827350427350428 2.8455814027729183 -0.19203310080062638 -0.026186331927358142 END 
START 1.2252991452991453 10.376752136752136 1.2061538461538461 2.889225289318515 -0.22694821003710391 -0.15711799156414885 END 
START 1.0338461538461539 8.443076923076923 1.1104273504273505 2.8979540666276344 -0.27059209658270084 -0.3578798696738946 END 
START 0.5552136752136753 6.203076923076923 1.2061538461538461 2.810666293536441 -0.2356769873462233 -0.38406620160125277 END 
START 0.2105982905982906 4.058803418803419 0.6317948717948718 2.5749893061902176 -0.1309316596367907 -0.366608646983014 END 
START 0.28717948717948716 1.7996581196581196 0.1723076923076923 2.2782108776801584 -0.10474532770943257 -0.43643886545596905 END 
START 0.22974358974358974 -0.47863247863247865 -0.03829059829059829 1.9028734533880252 -0.034915109236477525 -0.3578798696738946 END 
START 0 -1.6847863247863248 -0.6892307692307692 1.4751633652411755 0.11347410501855196 -0.2793208738918202 END 
START 1.052991452991453 -2.8335042735042735 -2.24 0.9427079493848932 0.3753374242921334 -0.17457554618238763 END 
START 1.4167521367521367 -2.105982905982906 -2.68034188034188 0.619743188947476 0.3142359831282977 -0.34042231505565584 END 
