START -0.057435897435897436 5.552136752136752 -6.145641025641026 -0.21821943272798452 0.052372663854716284 -0.34915109236477526 END 
START -0.6317948717948718 5.1692307692307695 -6.279658119658119 -0.16584676887326824 0.2793208738918202 -0.30550720581917834 END 
START -1.6273504273504273 5.36068376068376 -6.164786324786324 -0.183304323491507 0.06983021847295505 0.2356769873462233 END 
START -2.01025641025641 5.437264957264957 -5.992478632478632 -0.22694821003710391 0.034915109236477525 0.1309316596367907 END 
START -2.4314529914529914 5.37982905982906 -5.686153846153847 -0.30550720581917834 0.07855899578207443 0.09601655040031319 END 
START -3.1398290598290597 5.494700854700855 -5.437264957264957 -0.3753374242921334 0.20949065541886513 0.017457554618238762 END 
START -3.9439316239316238 5.532991452991453 -5.15008547008547 -0.39279497891037213 0.28804965120093956 -0.22694821003710391 END 
START -5.245811965811966 4.077948717948718 -3.790769230769231 -0.45389642007420783 0.2793208738918202 -0.6808446301113117 END 
START -5.839316239316239 2.4505982905982906 -2.9292307692307693 -0.6895734074204312 0.41898131083773027 -0.733217293966028 END 
START -6.356239316239316 1.6847863247863248 -2.7377777777777776 -1.0649108317125644 0.8030475124389831 -0.5673705250927598 END 
START -5.858461538461539 1.703931623931624 -2.3357264957264956 -1.4140619240773398 1.1347410501855195 -0.48881152931068533 END 
START -5.322393162393162 2.125128205128205 -1.3593162393162392 -1.6410101341144436 1.4489770333138172 -0.19203310080062638 END 
START -4.996923076923077 2.8335042735042735 -0.13401709401709402 -1.7544842391329956 1.7021115752782794 -0.008728777309119381 END 
START -3.8673504273504276 4.077948717948718 1.0147008547008547 -2.243295768443681 2.269482100371039 -0.366608646983014 END 
START -2.508034188034188 4.614017094017094 1.0721367521367522 -2.6273619700449338 2.522616642335501 -0.6808446301113117 END 
START -1.435897435897436 4.843760683760684 1.6273504273504273 -2.8543101800820376 2.54007419695374 -0.7244885166569086 END 
START -0.9381196581196581 6.145641025641026 2.24 -3.072529612810022 2.5488029742628595 -0.619743188947476 END 
START 0.057435897435897436 8.615384615384615 2.220854700854701 -3.3082066001562453 2.5924468608084563 -0.619743188947476 END 
START 1.8570940170940171 11.621196581196582 1.837948717948718 -3.3780368186292007 2.67973463389965 -0.6284719662565954 END 
START 3.005811965811966 13.66974358974359 1.455042735042735 -3.2820202682288873 2.4877015330990235 -0.8903352855301769 END 
START 3.4461538461538463 15.105641025641026 2.24 -3.1685461632103356 2.217109436516323 -1.1172834955672808 END 
START 4.345982905982906 17.364786324786326 2.374017094017094 -3.09871594473738 2.0687202222612933 -1.213300045967594 END 
START 5.035213675213675 18.551794871794872 2.01025641025641 -2.8455814027729183 1.7893993483694732 -1.3180453736770266 END 
START 6.145641025641026 19.164444444444445 1.9336752136752138 -2.5924468608084563 1.6322813568053243 -1.0387244997852063 END 
START 8.175042735042735 21.825641025641026 2.259145299145299 -1.990161226479219 1.0212669451669676 -0.4626251973833272 END 
START 9.074871794871795 23.376410256410256 2.0485470085470086 -1.5013496971685336 0.7157597393477892 -0.4713539746924466 END 
START 9.898119658119658 23.05094017094017 1.7996581196581196 -0.9776230586213707 0.3578798696738946 -0.6022856343292373 END 
START 10.491623931623932 21.289572649572648 1.6656410256410257 -0.48881152931068533 0.052372663854716284 -0.4713539746924466 END 
START 10.587350427350428 19.221880341880343 1.6273504273504273 -0.07855899578207443 -0.27059209658270084 -0.28804965120093956 END 
START 10.72136752136752 17.537094017094017 1.6847863247863248 0.08728777309119382 -0.619743188947476 -0.30550720581917834 END 
START 10.912820512820513 16.15863247863248 1.6082051282051282 0.28804965120093956 -1.056182054403445 -0.3229647604374171 END 
START 10.453333333333333 14.607863247863248 1.837948717948718 0.5062690839289241 -1.5973662475688468 -0.3578798696738946 END 
START 9.362051282051283 12.73162393162393 2.4697435897435898 0.6895734074204312 -2.0949065541886513 -0.3316935377465365 END 
START 7.926153846153846 11.085128205128205 3.427008547008547 0.7244885166569086 -2.452786423862546 -0.22694821003710391 END 
START 6.279658119658119 10.051282051282051 4.25025641025641 0.6721158528021923 -2.7146497431361274 -0.21821943272798452 END 
START 4.8246153846153845 9.074871794871795 4.977777777777778 0.5760993024018791 -2.8804965120093957 -0.2356769873462233 END 
START 2.7186324786324785 8.213333333333333 5.073504273504273 0.43643886545596905 -3.0638008355009028 -0.28804965120093956 END 
START 1.8953846153846154 7.6581196581196584 5.092649572649573 0.45389642007420783 -3.177274940519455 -0.183304323491507 END 
START 1.0147008547008547 7.102905982905983 5.016068376068376 0.4277100881468497 -3.255833936301529 -0.06110144116383567 END 
START 0.19145299145299144 6.509401709401709 4.8820512820512825 0.366608646983014 -3.3343929320836034 0.06110144116383567 END 
START -1.0338461538461539 6.203076923076923 4.8246153846153845 0.2618633192735814 -3.38676559593832 0.28804965120093956 END 
START -2.488888888888889 6.241367521367521 4.728888888888889 0.06983021847295505 -3.412951927865678 0.296778428510059 END 
START -3.2355555555555555 6.298803418803419 4.365128205128205 -0.10474532770943257 -3.3954943732474394 0.3229647604374171 END 
START -4.269401709401709 7.141196581196581 4.077948717948718 -0.34915109236477526 -3.38676559593832 0.4277100881468497 END 
START -5.915897435897436 8.653675213675214 3.7141880341880342 -0.549912970474521 -3.3343929320836034 0.30550720581917834 END 
START -7.466666666666667 9.668376068376068 3.4844444444444442 -0.5760993024018791 -3.1336310539738577 0.2356769873462233 END 
START -8.251623931623932 10.434188034188034 3.0441025641025643 -0.5149978612380435 -2.7408360750634855 0.45389642007420783 END 
START -8.691965811965812 11.544615384615385 2.4697435897435898 -0.5324554158562822 -2.295668432298397 0.5237266385471628 END 
START -8.634529914529914 13.593162393162393 0.8232478632478633 -0.7419460712751474 -1.5624511383323691 -0.10474532770943257 END 
START -8.481367521367522 15.411965811965812 0 -0.6546582981839536 -1.2045712686584746 -0.20076187810974577 END 
START -8.07931623931624 16.560683760683762 -0.49777777777777776 -0.4102525335286109 -0.8379626216754605 -0.24440576465534267 END 
START -7.638974358974359 17.345641025641026 -1.0338461538461539 -0.1483892142550295 -0.45389642007420783 -0.15711799156414885 END 
START -7.447521367521367 18.188034188034187 -1.1295726495726495 0.11347410501855196 -0.2356769873462233 -0.1309316596367907 END 
START -7.9452991452991455 19.03042735042735 -0.7658119658119658 0.39279497891037213 0.008728777309119381 -0.183304323491507 END 
START -8.423931623931624 19.566495726495727 -0.4403418803418803 0.7244885166569086 0.3753374242921334 -0.17457554618238763 END 
START -8.28991452991453 19.643076923076922 -0.15316239316239316 1.1172834955672808 0.8205050670572218 -0.06983021847295505 END 
START -7.17948717948718 19.43247863247863 -0.19145299145299144 1.5275360290958917 1.326774150986146 0.16584676887326824 END 
START -5.973333333333334 19.394188034188033 -0.24888888888888888 1.9290597853153832 1.675925243350921 0.3753374242921334 END 
START -4.977777777777778 19.298461538461538 -0.07658119658119658 2.2520245457528003 1.7544842391329956 0.08728777309119382 END 
START -3.8290598290598292 18.39863247863248 0.3254700854700855 2.470243978480785 1.8592295668424281 -0.24440576465534267 END 
START -1.187008547008547 16.98188034188034 0.6317948717948718 2.9415979531732313 2.199651881898084 -0.034915109236477525 END 
START -0.13401709401709402 16.38837606837607 0.8615384615384616 3.229647604374171 2.243295768443681 0.10474532770943257 END 
START 0.650940170940171 15.45025641025641 1.187008547008547 3.456595814411275 2.1647367726616067 0.026186331927358142 END 
START 1.1295726495726495 14.033504273504274 1.5124786324786326 3.552612364811588 2.042533890333935 -0.2356769873462233 END 
START 1.7613675213675213 12.34871794871795 1.6273504273504273 3.5002397009568718 1.97270367186098 -0.4102525335286109 END 
START 2.4123076923076923 10.587350427350428 1.6656410256410257 3.535154810193349 1.9552461172427413 -0.24440576465534267 END 
START 2.756923076923077 9.017435897435897 1.703931623931624 3.4653245917203943 1.9116022306971445 -0.017457554618238762 END 
START 3.2547008547008547 7.122051282051282 1.4167521367521367 3.255833936301529 1.83304323491507 -0.06110144116383567 END 
START 3.5993162393162392 4.9394871794871795 1.0721367521367522 2.8543101800820376 1.7021115752782794 -0.3316935377465365 END 
START 4.154529914529914 3.1398290598290597 0.6317948717948718 2.4353288692443074 1.4926209198594143 -0.6459295208748342 END 
START 4.365128205128205 1.8570940170940171 0.3829059829059829 2.1385504407342486 1.3704180375317427 -0.6022856343292373 END 
