START -3.427008547008547 -0.8423931623931624 -2.3165811965811964 -0.2618633192735814 -0.11347410501855196 0.5149978612380435 END 
START -4.077948717948718 -0.7658119658119658 -3.005811965811966 -0.40152375621949155 0.27059209658270084 0.39279497891037213 END 
START -4.671452991452991 -0.4403418803418803 -2.8526495726495726 -0.48881152931068533 0.44516764276508847 0.034915109236477525 END 
START -5.073504273504273 -0.5935042735042735 -2.68034188034188 -0.5411841931654017 0.593556857020118 -0.41898131083773027 END 
START -5.628717948717949 -1.052991452991453 -1.8188034188034188 -0.6546582981839536 0.8205050670572218 -0.6983021847295505 END 
START -6.471111111111111 -0.8423931623931624 -1.2827350427350428 -0.9688942813122513 1.2569439325131908 -0.7681324032025055 END 
START -6.892307692307693 -0.1723076923076923 -1.1487179487179486 -1.3355029282952653 1.7544842391329956 -0.8379626216754605 END 
START -6.624273504273504 2.8335042735042735 0.47863247863247865 -1.7719417937512343 2.67973463389965 -0.7594036258933862 END 
START -5.322393162393162 5.781880341880342 1.2827350427350428 -1.9116022306971445 3.255833936301529 -0.7943187351298637 END 
START -3.4461538461538463 8.232478632478632 1.9719658119658119 -2.033805113024816 3.7010015790666175 -1.0649108317125644 END 
START -1.6082051282051282 10.415042735042736 2.622905982905983 -2.1647367726616067 4.032695116813154 -1.056182054403445 END 
START 0.650940170940171 13.286837606837606 3.024957264957265 -2.147279218043368 4.189813108377303 -1.0474532770943257 END 
START 3.982222222222222 15.967179487179488 3.292991452991453 -1.97270367186098 4.250914549541139 -1.2482151552040714 END 
START 6.873162393162393 17.269059829059827 3.561025641025641 -1.7893993483694732 4.023966339504034 -1.579908692950608 END 
START 8.50051282051282 17.613675213675215 3.7716239316239317 -1.6148238021870855 3.66608646983014 -1.9988900037883384 END 
START 10.30017094017094 17.594529914529915 3.9056410256410254 -1.5624511383323691 3.4740533690295137 -1.8417720122241894 END 
START 13.076239316239317 18.877264957264956 4.135384615384615 -1.483892142550295 3.38676559593832 -1.3180453736770266 END 
START 16.484102564102564 20.696068376068375 4.135384615384615 -1.3093165963679072 3.089987167428261 -0.8117762897481025 END 
START 19.45162393162393 22.993504273504275 3.5993162393162392 -1.0038093905487289 2.7233785204452468 -0.3578798696738946 END 
START 21.53846153846154 25.884444444444444 2.374017094017094 0.04364388654559691 1.5711799156414885 0.15711799156414885 END 
START 21.00239316239316 26.286495726495726 2.0485470085470086 0.6895734074204312 1.1085547182581614 0.8205050670572218 END 
START 19.336752136752136 26.056752136752138 1.5507692307692307 1.2656727098223102 0.6110144116383567 1.2656727098223102 END 
START 16.101196581196582 25.214358974358973 1.455042735042735 1.83304323491507 0.1483892142550295 1.3616892602226234 END 
START 13.325128205128205 23.625299145299145 1.589059829059829 2.269482100371039 -0.12220288232767133 1.2744014871314298 END 
START 11.1808547008547 21.289572649572648 1.837948717948718 2.6710058565905306 -0.296778428510059 1.4751633652411755 END 
START 9.132307692307693 18.80068376068376 2.4505982905982906 3.0114281716461866 -0.48881152931068533 1.8505007895333088 END 
START 7.236923076923077 16.08205128205128 2.8526495726495726 3.229647604374171 -0.6372007435657149 2.042533890333935 END 
START 5.743589743589744 13.401709401709402 3.2355555555555555 3.412951927865678 -0.7681324032025055 1.8679583441515475 END 
START 4.728888888888889 10.52991452991453 3.5993162393162392 3.5438835875024686 -0.8554201762936994 1.3616892602226234 END 
START 4.173675213675214 7.39008547008547 4.001367521367522 3.552612364811588 -0.916521617457535 0.7855899578207443 END 
START 3.9439316239316238 4.748034188034188 4.211965811965812 3.4042231505565588 -0.9077928401484157 0.5760993024018791 END 
START 4.097094017094017 1.3976068376068376 3.58017094017094 3.072529612810022 -1.073639609021684 0.2793208738918202 END 
START 4.211965811965812 -0.7466666666666667 3.407863247863248 2.8281238481546795 -1.1609273821128776 -0.19203310080062638 END 
START 4.345982905982906 -3.0441025641025643 3.1206837606837605 2.496430310408143 -1.1696561594219972 -0.48008275200156597 END 
START 4.231111111111111 -4.748034188034188 2.7377777777777776 2.059991444952174 -1.1434698274946389 -0.49754030661980475 END 
START 3.982222222222222 -5.935042735042735 2.1825641025641027 1.5537223610232498 -1.0649108317125644 -0.3578798696738946 END 
START 3.7716239316239317 -6.700854700854701 1.4167521367521367 1.0823683863308033 -1.073639609021684 -0.21821943272798452 END 
START 3.3504273504273505 -7.064615384615385 1.1295726495726495 0.593556857020118 -1.1260122728764002 -0.1396604369459101 END 
START 2.622905982905983 -7.1986324786324785 1.0721367521367522 0.04364388654559691 -1.1609273821128776 -0.15711799156414885 END 
START 1.8953846153846154 -7.16034188034188 1.0147008547008547 -0.5149978612380435 -1.099825940949042 -0.183304323491507 END 
START 1.2827350427350428 -6.873162393162393 1.0147008547008547 -1.1085547182581614 -0.9514367266940126 -0.15711799156414885 END 
START 0.7849572649572649 -6.394529914529914 0.918974358974359 -1.6671964660418017 -0.7768611805116249 -0.07855899578207443 END 
START 0.5360683760683761 -5.322393162393162 1.589059829059829 -2.6710058565905306 -0.6022856343292373 0.12220288232767133 END 
START 0.7658119658119658 -4.575726495726496 2.0676923076923077 -3.2645627136106485 -0.4277100881468497 0.28804965120093956 END 
START 1.4167521367521367 -3.197264957264957 2.488888888888889 -3.893034679867244 -0.24440576465534267 0.4626251973833272 END 
START 2.756923076923077 -0.8423931623931624 2.795213675213675 -4.416761318414407 -0.10474532770943257 0.6372007435657149 END 
START 4.5948717948717945 2.0676923076923077 3.2355555555555555 -4.861928961179495 -0.12220288232767133 0.8292338443663412 END 
START 5.743589743589744 5.647863247863248 3.561025641025641 -5.202351276235151 -0.3229647604374171 0.8554201762936994 END 
START 6.088205128205129 9.591794871794871 4.211965811965812 -5.3594692677993 -0.5848280797109986 0.6721158528021923 END 
START 5.915897435897436 14.263247863247864 5.513846153846154 -5.438028263581375 -0.6895734074204312 0.4277100881468497 END 
START 6.241367521367521 19.604786324786325 6.337094017094017 -5.237266385471629 -0.6110144116383567 0.366608646983014 END 
START 4.786324786324786 24.754871794871796 6.241367521367521 -4.783369965397421 -0.7768611805116249 -0.48881152931068533 END 
START 3.063247863247863 26.516239316239318 5.494700854700855 -4.119982889904348 -0.8379626216754605 -1.3878755921499817 END 
START 2.3357264957264956 26.8991452991453 3.8673504273504276 -3.343121709392723 -0.7070309620386699 -1.3093165963679072 END 
START 3.5993162393162392 25.367521367521366 1.4933333333333334 -1.8679583441515475 -0.21821943272798452 -0.34042231505565584 END 
START 4.403418803418804 24.142222222222223 0.49777777777777776 -1.2482151552040714 -0.06110144116383567 -0.27059209658270084 END 
START 5.092649572649573 22.4191452991453 0.07658119658119658 -0.6983021847295505 0.008728777309119381 -0.40152375621949155 END 
START 5.724444444444444 20.37059829059829 0.057435897435897436 -0.15711799156414885 0.08728777309119382 -0.3753374242921334 END 
START 6.069059829059829 18.13059829059829 0 0.25313454196446206 0.04364388654559691 -0.2793208738918202 END 
START 4.173675213675214 18.80068376068376 -0.28717948717948716 0.296778428510059 -0.22694821003710391 -0.5586417477836404 END 