START 1.8953846153846154 8.845128205128205 -3.5993162393162392 -0.38406620160125277 -0.20949065541886513 0.24440576465534267 END 
START 1.9336752136752138 8.768547008547008 -3.561025641025641 -0.34042231505565584 -0.19203310080062638 0.48881152931068533 END 
START 1.6656410256410257 9.132307692307693 -3.675897435897436 -0.30550720581917834 -0.17457554618238763 0.6459295208748342 END 
START 1.2827350427350428 9.323760683760684 -3.3695726495726497 -0.366608646983014 -0.183304323491507 0.5062690839289241 END 
START 0.3063247863247863 9.744957264957264 -3.3504273504273505 -0.39279497891037213 -0.16584676887326824 0.43643886545596905 END 
START -0.5935042735042735 10.893675213675214 -3.2547008547008547 -0.27059209658270084 -0.2356769873462233 0.38406620160125277 END 
START -1.301880341880342 11.65948717948718 -3.024957264957265 -0.20076187810974577 -0.17457554618238763 0.08728777309119382 END 
START -1.991111111111111 12.08068376068376 -2.9675213675213676 -0.12220288232767133 -0.06110144116383567 -0.08728777309119382 END 
START -2.776068376068376 12.252991452991452 -2.9483760683760685 0 0.026186331927358142 -0.1396604369459101 END 
START -3.388717948717949 12.176410256410257 -2.8526495726495726 0.10474532770943257 0.1396604369459101 -0.17457554618238763 END 
START -3.8673504273504276 12.34871794871795 -2.6420512820512823 0.17457554618238763 0.3316935377465365 -0.16584676887326824 END 
START -4.499145299145299 12.693333333333333 -2.622905982905983 0.22694821003710391 0.5760993024018791 -0.3316935377465365 END 
START -4.575726495726496 12.195555555555556 -2.488888888888889 0.3142359831282977 0.8292338443663412 -0.48881152931068533 END 
START -4.728888888888889 11.793504273504274 -2.3357264957264956 0.39279497891037213 1.0387244997852063 -0.3753374242921334 END 
START -4.48 11.908376068376068 -1.9528205128205127 0.5237266385471628 1.3005878190587878 -0.3316935377465365 END 
START -2.9483760683760685 12.11897435897436 -2.0676923076923077 0.619743188947476 1.7719417937512343 -0.9514367266940126 END 
START -2.01025641025641 11.104273504273504 -2.0485470085470086 0.6721158528021923 1.8941446760789058 -1.2045712686584746 END 
START -1.1678632478632478 10.08957264957265 -1.9528205128205127 0.7419460712751474 1.990161226479219 -0.9688942813122513 END 
START -0.5743589743589743 10.051282051282051 -1.8188034188034188 0.7855899578207443 2.0774489995704126 -0.619743188947476 END 
START 0.49777777777777776 10.606495726495726 -1.9528205128205127 0.7070309620386699 2.243295768443681 -0.6895734074204312 END 
START 1.8953846153846154 10.702222222222222 -2.105982905982906 0.6284719662565954 2.2520245457528003 -0.98635183593049 END 
START 3.0441025641025643 10.376752136752136 -2.1634188034188035 0.5673705250927598 2.1821943272798454 -1.3180453736770266 END 
START 4.231111111111111 9.247179487179487 -2.3548717948717948 0.549912970474521 2.173465549970726 -1.2918590417496685 END 
START 5.513846153846154 8.577094017094018 -2.488888888888889 0.49754030661980475 2.1036353314977707 -0.9339791720757737 END 
START 6.509401709401709 8.825982905982906 -2.622905982905983 0.41898131083773027 1.9552461172427413 -0.6721158528021923 END 
START 7.409230769230769 9.017435897435897 -2.776068376068376 0.3316935377465365 1.7719417937512343 -0.6808446301113117 END 
START 8.002735042735043 8.845128205128205 -2.8526495726495726 0.296778428510059 1.5275360290958917 -0.6721158528021923 END 
START 8.098461538461539 7.9452991452991455 -2.776068376068376 0.22694821003710391 1.0038093905487289 -0.7070309620386699 END 
START 7.868717948717949 7.447521367521367 -2.871794871794872 0.15711799156414885 0.7681324032025055 -0.6459295208748342 END 
START 7.17948717948718 7.102905982905983 -2.7186324786324785 0.052372663854716284 0.5411841931654017 -0.6808446301113117 END 
START 6.394529914529914 6.432820512820513 -2.5654700854700856 -0.06110144116383567 0.3578798696738946 -0.7855899578207443 END 
START 5.494700854700855 5.82017094017094 -2.4697435897435898 -0.1396604369459101 0.21821943272798452 -0.6895734074204312 END 
START 4.4225641025641025 5.437264957264957 -2.1825641025641027 -0.20949065541886513 0.06983021847295505 -0.6022856343292373 END 
START 3.273846153846154 5.1692307692307695 -1.703931623931624 -0.3578798696738946 0.017457554618238762 -0.5673705250927598 END 
START 2.2974358974358973 4.977777777777778 -1.3976068376068376 -0.5062690839289241 0.034915109236477525 -0.6110144116383567 END 
START 1.3976068376068376 4.3076923076923075 -1.2827350427350428 -0.6372007435657149 0.052372663854716284 -0.593556857020118 END 
START 0.7658119658119658 3.58017094017094 -1.2444444444444445 -0.8117762897481025 0.15711799156414885 -0.2793208738918202 END 
START 0.67008547008547 3.388717948717949 -1.1678632478632478 -0.9950806132396095 0.296778428510059 0.16584676887326824 END 
START 0.8041025641025641 4.173675213675214 -1.1295726495726495 -1.2482151552040714 0.3753374242921334 0.3316935377465365 END 
START -0.1723076923076923 4.7097435897435895 -0.26803418803418805 -1.5886374702597275 0.183304323491507 -0.06110144116383567 END 
START -0.650940170940171 4.7097435897435895 -0.07658119658119658 -1.8243144576059507 0.296778428510059 0.11347410501855196 END 
START -0.6126495726495726 6.375384615384616 0.36376068376068377 -2.086177776879532 0.5237266385471628 0.38406620160125277 END 
START -0.28717948717948716 8.347350427350428 0.7083760683760684 -2.2607533230619197 0.6110144116383567 0.1396604369459101 END 
START -0.15316239316239316 9.362051282051283 0.8998290598290598 -2.3480410961531137 0.5411841931654017 -0.20076187810974577 END 
START -0.28717948717948716 9.687521367521368 0.7275213675213675 -2.3654986507713525 0.48008275200156597 -0.3229647604374171 END 
START 0.09572649572649572 10.702222222222222 0.8998290598290598 -2.3654986507713525 0.549912970474521 -0.06983021847295505 END 
START 1.0147008547008547 12.73162393162393 1.2061538461538461 -2.4353288692443074 0.5848280797109986 0.034915109236477525 END 
START 1.9336752136752138 15.048205128205128 1.0147008547008547 -2.3916849826987105 0.48881152931068533 -0.1309316596367907 END 
START 2.3357264957264956 16.273504273504273 0.7849572649572649 -2.217109436516323 0.2618633192735814 -0.44516764276508847 END 
START 2.3165811965811964 16.694700854700855 0.8998290598290598 -1.9814324491700996 0.06110144116383567 -0.549912970474521 END 
START 2.8526495726495726 17.747692307692308 2.0485470085470086 -1.5711799156414885 0.026186331927358142 -0.3142359831282977 END 
START 3.5227350427350426 18.302905982905983 2.0485470085470086 -1.3005878190587878 0.026186331927358142 -0.25313454196446206 END 
START 4.326837606837607 18.302905982905983 1.9528205128205127 -0.9601655040031319 -0.017457554618238762 -0.183304323491507 END 
START 5.264957264957265 18.015726495726497 1.6082051282051282 -0.6110144116383567 -0.06110144116383567 -0.1309316596367907 END 
START 6.241367521367521 17.23076923076923 1.6464957264957265 -0.39279497891037213 -0.20949065541886513 -0.052372663854716284 END 
START 6.547692307692308 16.40752136752137 1.435897435897436 -0.183304323491507 -0.43643886545596905 -0.08728777309119382 END 
START 6.528547008547009 15.392820512820514 1.703931623931624 0 -0.7070309620386699 -0.20076187810974577 END 
START 6.279658119658119 14.12923076923077 1.9336752136752138 0.1396604369459101 -0.916521617457535 -0.3229647604374171 END 
START 5.781880341880342 12.942222222222222 2.220854700854701 0.183304323491507 -1.1085547182581614 -0.41898131083773027 END 
START 5.456410256410257 11.965811965811966 2.508034188034188 0.19203310080062638 -1.2482151552040714 -0.366608646983014 END 
START 4.996923076923077 11.104273504273504 2.795213675213675 0.20076187810974577 -1.3791468148408623 -0.3229647604374171 END 
START 3.7716239316239317 9.40034188034188 3.1015384615384614 0.17457554618238763 -1.623552579496205 -0.1483892142550295 END 
START 3.2164102564102564 8.96 3.3504273504273505 0.1483892142550295 -1.7108403525873987 -0.008728777309119381 END 
START 2.5654700854700856 8.596239316239316 3.4844444444444442 0.06983021847295505 -1.7544842391329956 0.06110144116383567 END 
START 1.9145299145299146 8.232478632478632 3.5035897435897434 -0.008728777309119381 -1.7806705710603539 0.15711799156414885 END 
START 1.2061538461538461 7.983589743589744 3.407863247863248 -0.10474532770943257 -1.7981281256785926 0.296778428510059 END 
START 0.5552136752136753 8.155897435897437 3.312136752136752 -0.17457554618238763 -1.8505007895333088 0.43643886545596905 END 
START -0.19145299145299144 8.51965811965812 3.292991452991453 -0.21821943272798452 -1.9552461172427413 0.43643886545596905 END 
START -1.0338461538461539 8.596239316239316 3.3695726495726497 -0.2618633192735814 -1.9639748945518607 0.44516764276508847 END 
START -1.8762393162393163 8.768547008547008 3.2164102564102564 -0.3578798696738946 -1.8417720122241894 0.549912970474521 END 
START -2.488888888888889 9.381196581196582 2.9483760683760685 -0.4713539746924466 -1.6584676887326824 0.6022856343292373 END 
START -2.7377777777777776 10.415042735042736 2.603760683760684 -0.5062690839289241 -1.483892142550295 0.5149978612380435 END 
START -2.661196581196581 11.065982905982906 2.2974358974358973 -0.4626251973833272 -1.3616892602226234 0.3316935377465365 END 
START -2.508034188034188 11.487179487179487 2.105982905982906 -0.43643886545596905 -1.239486377894952 0.17457554618238763 END 
START -2.1825641025641027 13.19111111111111 1.3976068376068376 -0.44516764276508847 -0.9339791720757737 0.08728777309119382 END 
START -1.7805128205128204 14.761025641025642 1.0721367521367522 -0.3142359831282977 -0.7855899578207443 0.04364388654559691 END 
START -1.3784615384615384 15.737435897435898 0.8998290598290598 -0.052372663854716284 -0.733217293966028 -0.034915109236477525 END 
START -1.0912820512820514 15.90974358974359 1.0912820512820514 0.15711799156414885 -0.663387075493073 -0.08728777309119382 END 
START -0.8998290598290598 15.967179487179488 1.1104273504273505 0.30550720581917834 -0.549912970474521 -0.026186331927358142 END 
START -0.5743589743589743 16.273504273504273 1.0721367521367522 0.43643886545596905 -0.4102525335286109 0.06983021847295505 END 
START -0.09572649572649572 17.05846153846154 0.9572649572649573 0.6022856343292373 -0.24440576465534267 0.2356769873462233 END 
START 0.3829059829059829 18.034871794871794 0.9764102564102564 0.7943187351298637 -0.1309316596367907 0.10474532770943257 END 
START 1.0912820512820514 17.805128205128206 0.8423931623931624 1.056182054403445 -0.16584676887326824 -0.12220288232767133 END 
START 1.3593162393162392 17.02017094017094 0.9955555555555555 1.396604369459101 -0.24440576465534267 -0.052372663854716284 END 
START 1.34017094017094 16.369230769230768 1.187008547008547 1.6410101341144436 -0.20949065541886513 0.08728777309119382 END 
START 1.7805128205128204 15.584273504273504 1.2635897435897436 1.9028734533880252 -0.12220288232767133 -0.026186331927358142 END 
START 2.0676923076923077 14.933333333333334 1.187008547008547 2.0250763357156965 -0.15711799156414885 -0.15711799156414885 END 
START 2.105982905982906 14.033504273504274 1.052991452991453 2.173465549970726 -0.21821943272798452 -0.27059209658270084 END 
START 2.0485470085470086 12.884786324786324 1.1104273504273505 2.2869396549892778 -0.3142359831282977 -0.2793208738918202 END 
START 1.8188034188034188 12.233846153846153 1.301880341880342 2.356769873462233 -0.28804965120093956 -0.21821943272798452 END 
START 1.6847863247863248 11.563760683760684 1.2061538461538461 2.374227428080472 -0.21821943272798452 -0.296778428510059 END 
START 1.4167521367521367 10.357606837606838 1.1104273504273505 2.382956205389591 -0.25313454196446206 -0.45389642007420783 END 
START 1.0721367521367522 8.845128205128205 1.052991452991453 2.3393123188439944 -0.24440576465534267 -0.5149978612380435 END 
START 0.8998290598290598 7.447521367521367 0.9764102564102564 2.2607533230619197 -0.16584676887326824 -0.49754030661980475 END 
START 0.8998290598290598 5.992478632478632 0.6126495726495726 2.1385504407342486 -0.10474532770943257 -0.48008275200156597 END 
START 0.7466666666666667 4.48 0.3063247863247863 1.9639748945518607 -0.08728777309119382 -0.44516764276508847 END 
START 0.4594871794871795 3.427008547008547 -0.1723076923076923 1.7457554618238762 -0.026186331927358142 -0.3753374242921334 END 
START 0.8423931623931624 2.1442735042735044 -1.1678632478632478 1.3355029282952653 0.09601655040031319 -0.16584676887326824 END 
START 0.8423931623931624 1.6082051282051282 -1.2635897435897436 1.1347410501855195 0.12220288232767133 -0.19203310080062638 END 
START 0.7849572649572649 1.1295726495726495 -1.7996581196581196 0.8030475124389831 0.1483892142550295 -0.20076187810974577 END 
START 0.918974358974359 1.3210256410256411 -2.6420512820512823 0.5062690839289241 0.24440576465534267 -0.19203310080062638 END 
START 1.1678632478632478 1.8762393162393163 -3.292991452991453 0.2356769873462233 0.3142359831282977 -0.1483892142550295 END 
START 1.2827350427350428 3.0441025641025643 -3.7524786324786326 -0.008728777309119381 0.3316935377465365 -0.06110144116383567 END 
START 1.6656410256410257 5.226666666666667 -4.25025641025641 -0.2618633192735814 0.4277100881468497 0.017457554618238762 END 
START 2.201709401709402 7.4858119658119655 -4.996923076923077 -0.3142359831282977 0.45389642007420783 -0.06983021847295505 END 
