START -0.9572649572649573 1.187008547008547 -6.432820512820513 -0.08728777309119382 -0.2356769873462233 -0.296778428510059 END 
START -0.9572649572649573 0.650940170940171 -6.011623931623932 -0.22694821003710391 -0.30550720581917834 -0.21821943272798452 END 
START -1.3976068376068376 0.650940170940171 -5.1692307692307695 -0.3316935377465365 -0.5149978612380435 -0.017457554618238762 END 
START -3.427008547008547 1.1295726495726495 -3.2547008547008547 -0.6110144116383567 -0.15711799156414885 -0.11347410501855196 END 
START -4.211965811965812 1.455042735042735 -2.3548717948717948 -0.8903352855301769 0.12220288232767133 -0.34915109236477526 END 
START -4.862905982905983 1.4933333333333334 -1.837948717948718 -1.187113714040236 0.4277100881468497 -0.5673705250927598 END 
START -5.418119658119658 1.6082051282051282 -1.3784615384615384 -1.396604369459101 0.7070309620386699 -0.593556857020118 END 
START -5.839316239316239 1.7613675213675213 -0.8041025641025641 -1.6410101341144436 1.0474532770943257 -0.5848280797109986 END 
START -5.973333333333334 1.7613675213675213 -0.19145299145299144 -1.9203310080062639 1.5624511383323691 -0.48881152931068533 END 
START -5.111794871794872 4.211965811965812 0.47863247863247865 -2.6273619700449338 2.7233785204452468 -0.4277100881468497 END 
START -4.460854700854701 5.1692307692307695 0.3829059829059829 -2.906682843936754 3.0288857262644253 -0.6372007435657149 END 
START -3.561025641025641 6.030769230769231 0.47863247863247865 -3.0550720581917834 3.360579264010962 -0.5586417477836404 END 
START -2.6420512820512823 7.17948717948718 0.5935042735042735 -3.116173499355619 3.683544024448379 -0.2793208738918202 END 
START -0.9955555555555555 9.017435897435897 0.6317948717948718 -3.151088608592097 4.09379655797699 -0.026186331927358142 END 
START 1.435897435897436 11.085128205128205 -0.22974358974358974 -3.3082066001562453 4.329473545323213 -0.28804965120093956 END 
START 3.982222222222222 12.712478632478632 -1.5699145299145298 -3.325664154774484 4.128711667213468 -0.6808446301113117 END 
START 6.04991452991453 14.473846153846154 -2.6994871794871793 -3.229647604374171 3.735916688303095 -1.0387244997852063 END 
START 8.787692307692307 15.756581196581196 -3.9056410256410254 -3.0550720581917834 3.4740533690295137 -1.1783849367311166 END 
START 11.104273504273504 16.713846153846156 -4.977777777777778 -2.6884634112087693 3.0288857262644253 -1.0649108317125644 END 
START 11.87008547008547 17.537094017094017 -4.996923076923077 -2.321854764225755 2.4091425373169493 -1.0823683863308033 END 
START 12.329572649572649 18.13059829059829 -4.843760683760684 -2.1647367726616067 1.8679583441515475 -1.3616892602226234 END 
START 13.037948717948717 18.13059829059829 -4.365128205128205 -1.9028734533880252 1.5275360290958917 -1.2482151552040714 END 
START 14.761025641025642 18.475213675213674 -4.441709401709402 -1.1696561594219972 0.8292338443663412 -0.733217293966028 END 
START 15.22051282051282 17.728547008547007 -4.384273504273504 -0.7594036258933862 0.34915109236477526 -0.5062690839289241 END 
START 15.392820512820514 16.713846153846156 -4.03965811965812 -0.4102525335286109 0 -0.20076187810974577 END 
START 15.507692307692308 15.775726495726495 -3.8673504273504276 -0.12220288232767133 -0.38406620160125277 0.06110144116383567 END 
START 15.201367521367521 14.761025641025642 -3.675897435897436 0.07855899578207443 -0.8816065082210575 0.17457554618238763 END 
START 14.148376068376068 13.593162393162393 -3.1206837606837605 0.2356769873462233 -1.466434587932056 0.20076187810974577 END 
START 12.597606837606838 12.444444444444445 -2.220854700854701 0.3316935377465365 -2.033805113024816 0.22694821003710391 END 
START 10.855384615384615 11.487179487179487 -1.1104273504273505 0.3753374242921334 -2.4877015330990235 0.21821943272798452 END 
START 9.151452991452992 10.75965811965812 0.019145299145299145 0.38406620160125277 -2.81939507084556 0.20949065541886513 END 
START 7.562393162393162 10.281025641025641 0.8423931623931624 0.3578798696738946 -3.0114281716461866 0.25313454196446206 END 
START 6.203076923076923 9.802393162393162 1.3593162393162392 0.3753374242921334 -3.2121900497559324 0.2793208738918202 END 
START 3.963076923076923 8.902564102564103 2.105982905982906 0.34915109236477526 -3.4478670371021556 0.366608646983014 END 
START 3.292991452991453 8.596239316239316 2.278290598290598 0.25313454196446206 -3.482782146338633 0.3142359831282977 END 
START 2.6994871794871793 8.175042735042735 2.2974358974358973 0.20076187810974577 -3.4740533690295137 0.296778428510059 END 
START 1.837948717948718 7.868717948717949 2.3548717948717948 0.10474532770943257 -3.4740533690295137 0.2618633192735814 END 
START -0.19145299145299144 6.777435897435898 1.9528205128205127 -0.22694821003710391 -3.6224425832845433 -0.008728777309119381 END 
START -1.2635897435897436 6.432820512820513 1.8188034188034188 -0.3578798696738946 -3.587527474048066 0.10474532770943257 END 
START -2.0294017094017094 6.260512820512821 1.5699145299145298 -0.44516764276508847 -3.360579264010962 0.4713539746924466 END 
START -2.8143589743589743 6.873162393162393 1.187008547008547 -0.5586417477836404 -3.2121900497559324 0.6721158528021923 END 
START -3.6376068376068376 7.4283760683760685 0.7658119658119658 -0.7419460712751474 -3.1860037178285743 0.4713539746924466 END 
START -4.843760683760684 7.964444444444444 0.4403418803418803 -0.9601655040031319 -3.1249022766647383 0.21821943272798452 END 
START -5.954188034188034 8.691965811965812 -0.2105982905982906 -1.1085547182581614 -2.863038957391157 0.11347410501855196 END 
START -7.16034188034188 11.353162393162393 -1.5316239316239315 -1.0038093905487289 -2.129821663425129 0.3229647604374171 END 
START -7.6581196581196584 12.846495726495727 -2.24 -1.0038093905487289 -1.8679583441515475 0.026186331927358142 END 
START -7.811282051282051 13.765470085470085 -3.1015384615384614 -0.9950806132396095 -1.5275360290958917 -0.4102525335286109 END 
START -7.907008547008547 14.052649572649573 -3.8864957264957263 -0.8990640628392963 -1.1521986048037582 -0.6110144116383567 END 
START -7.792136752136752 14.799316239316239 -4.901196581196581 -0.6459295208748342 -0.7157597393477892 -0.4102525335286109 END 
START -7.524102564102564 15.833162393162393 -5.437264957264957 -0.27059209658270084 -0.4102525335286109 -0.16584676887326824 END 
START -7.351794871794872 16.84786324786325 -5.552136752136752 0.052372663854716284 -0.12220288232767133 -0.06983021847295505 END 
START -7.524102564102564 17.345641025641026 -5.37982905982906 0.2793208738918202 0.04364388654559691 -0.2793208738918202 END 
START -7.734700854700855 17.115897435897438 -5.073504273504273 0.5237266385471628 0.30550720581917834 -0.45389642007420783 END 
START -7.696410256410257 16.560683760683762 -4.8246153846153845 0.8205050670572218 0.6721158528021923 -0.43643886545596905 END 
START -7.6581196581196584 16.06290598290598 -4.460854700854701 1.1347410501855195 1.0125381678578482 -0.3316935377465365 END 
START -6.758290598290598 15.00991452991453 -3.9247863247863246 1.510078474477653 1.579908692950608 -0.4713539746924466 END 
START -5.992478632478632 14.895042735042734 -3.4844444444444442 1.675925243350921 1.8505007895333088 -0.5586417477836404 END 
START -5.0543589743589745 14.397264957264957 -3.1206837606837605 1.806856902987712 2.059991444952174 -0.6983021847295505 END 
START -4.269401709401709 13.822905982905983 -2.6420512820512823 1.9377885626245026 2.2782108776801584 -0.6983021847295505 END 
START -3.388717948717949 13.095384615384615 -2.4123076923076923 1.9814324491700996 2.426600091935188 -0.7681324032025055 END 
START -1.8953846153846154 12.712478632478632 -2.24 2.0512626676430545 2.6273619700449338 -0.6110144116383567 END 
START 0.3829059829059829 13.325128205128205 -2.6994871794871793 2.1821943272798454 2.793208738918202 -0.43643886545596905 END 
START 2.756923076923077 13.4208547008547 -3.4652991452991455 2.313125986916636 2.6710058565905306 -0.49754030661980475 END 
START 4.211965811965812 13.057094017094018 -3.8673504273504276 2.5662605288810982 2.3305835415348746 -0.4626251973833272 END 
START 4.8820512820512825 12.635897435897435 -3.6567521367521367 2.7757511842999634 1.9290597853153832 -0.593556857020118 END 
START 5.743589743589744 11.276581196581196 -3.197264957264957 2.8281238481546795 1.6148238021870855 -0.6895734074204312 END 
START 5.781880341880342 8.615384615384615 -2.91008547008547 2.950326730482351 1.1783849367311166 -0.5149978612380435 END 
START 5.59042735042735 7.351794871794872 -2.68034188034188 2.932869175864112 1.0387244997852063 -0.4713539746924466 END 
