START 3.1398290598290597 2.661196581196581 -8.998290598290598 -0.06110144116383567 -0.11347410501855196 0.06110144116383567 END 
START 3.427008547008547 3.312136752136752 -8.577094017094018 -0.052372663854716284 -0.22694821003710391 0.10474532770943257 END 
START 3.082393162393162 3.197264957264957 -8.098461538461539 -0.09601655040031319 -0.20949065541886513 0.19203310080062638 END 
START 2.3548717948717948 3.561025641025641 -7.5432478632478634 -0.11347410501855196 -0.12220288232767133 0.08728777309119382 END 
START 1.5699145299145298 3.695042735042735 -7.5432478632478634 -0.2356769873462233 -0.08728777309119382 -0.1309316596367907 END 
START 0.6317948717948718 4.001367521367522 -7.236923076923077 -0.28804965120093956 -0.1483892142550295 -0.5760993024018791 END 
START -0.22974358974358974 4.116239316239316 -6.585982905982906 -0.34042231505565584 -0.20076187810974577 -1.0649108317125644 END 
START -2.1442735042735044 3.7524786324786326 -4.901196581196581 -0.45389642007420783 0.10474532770943257 -1.213300045967594 END 
START -3.4652991452991455 4.077948717948718 -4.154529914529914 -0.4626251973833272 0.45389642007420783 -1.187113714040236 END 
START -4.403418803418804 4.116239316239316 -3.6376068376068376 -0.5237266385471628 0.84669139898458 -1.213300045967594 END 
START -4.633162393162393 3.982222222222222 -3.1015384615384614 -0.39279497891037213 1.3442317056043847 -1.1434698274946389 END 
START -4.499145299145299 3.9247863247863246 -2.3548717948717948 -0.20949065541886513 1.9203310080062639 -0.8554201762936994 END 
START -4.116239316239316 4.001367521367522 -1.837948717948718 -0.12220288232767133 2.522616642335501 -0.593556857020118 END 
START -3.7524786324786326 4.1928205128205125 -1.5507692307692307 -0.09601655040031319 2.993970617027948 -0.5411841931654017 END 
START -3.5993162393162392 4.4225641025641025 -1.435897435897436 -0.20076187810974577 3.3082066001562453 -0.8379626216754605 END 
START -2.4314529914529914 4.3076923076923075 -0.9572649572649573 -0.27059209658270084 3.735916688303095 -1.1172834955672808 END 
START -0.8615384615384616 4.269401709401709 -0.5552136752136753 -0.28804965120093956 4.146169221831706 -1.0387244997852063 END 
START 0.36376068376068377 4.5948717948717945 -0.2105982905982906 -0.3316935377465365 4.364388654559691 -0.9427079493848932 END 
START 4.805470085470086 6.490256410256411 -0.26803418803418805 -0.5324554158562822 4.757183633470063 -1.099825940949042 END 
START 7.8878632478632476 7.907008547008547 -0.6317948717948718 -0.6808446301113117 4.678624637687989 -1.675925243350921 END 
START 10.568205128205129 8.9408547008547 -0.8806837606837606 -0.7681324032025055 4.22472821761378 -2.295668432298397 END 
START 12.252991452991452 9.534358974358975 -1.187008547008547 -0.8030475124389831 3.683544024448379 -2.557531751571979 END 
START 14.148376068376068 10.08957264957265 -1.1295726495726495 -0.7506748485842668 3.4216807051747975 -2.2607533230619197 END 
START 15.603418803418803 10.663931623931624 -0.9572649572649573 -0.6895734074204312 3.046343280882664 -1.946517339933622 END 
START 16.292649572649573 11.027692307692307 -0.5552136752136753 -0.6808446301113117 2.5488029742628595 -1.8592295668424281 END 
START 17.173333333333332 11.353162393162393 -0.3063247863247863 -0.733217293966028 2.1647367726616067 -1.8766871214606669 END 
START 18.13059829059829 11.716923076923077 -0.03829059829059829 -0.7681324032025055 1.8243144576059507 -1.83304323491507 END 
START 18.475213675213674 12.004102564102563 0.4403418803418803 -0.733217293966028 1.4402482560046979 -1.7370266845147568 END 
START 18.896410256410256 11.716923076923077 0.9381196581196581 -0.6721158528021923 1.1434698274946389 -1.3878755921499817 END 
START 19.89196581196581 11.372307692307693 1.0721367521367522 -0.5411841931654017 1.0038093905487289 -0.663387075493073 END 
START 21.021538461538462 10.72136752136752 0.8232478632478633 -0.296778428510059 0.3316935377465365 0.21821943272798452 END 
START 20.84923076923077 10.108717948717949 0.7466666666666667 -0.25313454196446206 -0.19203310080062638 0.2356769873462233 END 
START 20.064273504273505 9.20888888888889 0.7275213675213675 -0.2356769873462233 -0.7594036258933862 0.24440576465534267 END 
START 18.934700854700854 8.404786324786325 0.9381196581196581 -0.25313454196446206 -1.2831302644405491 0.28804965120093956 END 
START 17.211623931623933 7.7155555555555555 1.2444444444444445 -0.296778428510059 -1.7195691298965181 0.38406620160125277 END 
START 15.431111111111111 7.294358974358975 1.4167521367521367 -0.3229647604374171 -2.129821663425129 0.4713539746924466 END 
START 13.631452991452992 6.988034188034188 1.6273504273504273 -0.366608646983014 -2.5138878650263816 0.45389642007420783 END 
START 12.061538461538461 6.585982905982906 1.9145299145299146 -0.45389642007420783 -2.836852625463799 0.39279497891037213 END 
START 10.702222222222222 6.107350427350427 2.105982905982906 -0.549912970474521 -3.1074447220464996 0.366608646983014 END 
START 9.20888888888889 5.628717948717949 2.3357264957264956 -0.6372007435657149 -3.3169353774653647 0.39279497891037213 END 
START 7.7729914529914526 5.188376068376068 2.68034188034188 -0.7768611805116249 -3.412951927865678 0.4626251973833272 END 
START 6.413675213675214 4.8820512820512825 3.005811965811966 -0.9339791720757737 -3.412951927865678 0.549912970474521 END 
START 4.211965811965812 4.9394871794871795 2.91008547008547 -1.3005878190587878 -3.2645627136106485 0.4713539746924466 END 
START 3.58017094017094 4.901196581196581 2.8143589743589743 -1.4489770333138172 -3.2645627136106485 0.20949065541886513 END 
START 3.197264957264957 4.728888888888889 2.661196581196581 -1.5886374702597275 -3.203461272446813 0.10474532770943257 END 
START 2.776068376068376 4.728888888888889 2.3357264957264956 -1.7021115752782794 -3.142359831282977 0.20076187810974577 END 
START 2.1634188034188035 4.977777777777778 2.1442735042735044 -1.8592295668424281 -3.046343280882664 0.28804965120093956 END 
START 1.4933333333333334 5.226666666666667 1.837948717948718 -2.0250763357156965 -2.96778428510059 0.3229647604374171 END 
START 0.67008547008547 5.973333333333334 1.301880341880342 -2.217109436516323 -2.8979540666276344 0.2618633192735814 END 
START -0.2105982905982906 7.141196581196581 0.6317948717948718 -2.40041376000783 -2.8543101800820376 0.026186331927358142 END 
START -1.3593162393162392 8.50051282051282 0.2105982905982906 -2.5138878650263816 -2.793208738918202 -0.24440576465534267 END 
START -2.5846153846153848 9.649230769230769 -0.11487179487179487 -2.5138878650263816 -2.609904415426695 -0.3142359831282977 END 
START -3.4652991452991455 11.42974358974359 -0.5169230769230769 -2.4440576465534267 -2.1821943272798454 -0.07855899578207443 END 
START -4.077948717948718 13.593162393162393 -1.6273504273504273 -2.1909231045889648 -1.7021115752782794 -0.04364388654559691 END 
START -3.561025641025641 15.354529914529914 -3.6184615384615384 -1.6322813568053243 -0.9688942813122513 -0.6110144116383567 END 
START -2.795213675213675 15.297094017094016 -4.499145299145299 -1.2918590417496685 -0.6459295208748342 -0.48881152931068533 END 
START -2.105982905982906 15.622564102564102 -5.36068376068376 -1.0038093905487289 -0.34915109236477526 -0.183304323491507 END 
START -1.2444444444444445 16.52239316239316 -6.088205128205129 -0.7244885166569086 -0.16584676887326824 -0.19203310080062638 END 
START -0.3254700854700855 16.98188034188034 -6.375384615384616 -0.4626251973833272 -0.034915109236477525 -0.44516764276508847 END 
START 0.49777777777777776 17.02017094017094 -6.528547008547009 -0.1396604369459101 0.06110144116383567 -0.4626251973833272 END 
START 0.9381196581196581 17.211623931623933 -6.375384615384616 0.20076187810974577 0.15711799156414885 -0.2356769873462233 END 
START 1.2827350427350428 17.613675213675215 -6.145641025641026 0.48881152931068533 0.3142359831282977 -0.12220288232767133 END 
START 1.9528205128205127 17.8817094017094 -5.915897435897436 0.7506748485842668 0.48881152931068533 -0.12220288232767133 END 
START 2.5463247863247864 17.747692307692308 -5.915897435897436 1.0649108317125644 0.5673705250927598 -0.17457554618238763 END 
START 2.795213675213675 17.47965811965812 -5.59042735042735 1.3791468148408623 0.49754030661980475 -0.30550720581917834 END 
START 2.9675213675213676 16.196923076923078 -4.843760683760684 1.83304323491507 0.549912970474521 -0.38406620160125277 END 
START 3.1015384615384614 15.756581196581196 -4.575726495726496 2.042533890333935 0.6372007435657149 -0.34915109236477526 END 
START 3.4844444444444442 15.105641025641026 -4.058803418803419 2.2520245457528003 0.7070309620386699 -0.28804965120093956 END 
START 3.80991452991453 14.55042735042735 -3.7524786324786326 2.40041376000783 0.733217293966028 -0.16584676887326824 END 
START 4.25025641025641 13.995213675213675 -3.58017094017094 2.5313454196446203 0.7244885166569086 -0.07855899578207443 END 
START 4.671452991452991 13.516581196581196 -3.273846153846154 2.6448195246631725 0.733217293966028 -0.026186331927358142 END 
START 5.245811965811966 12.789059829059829 -3.024957264957265 2.732107297754366 0.7855899578207443 0.06983021847295505 END 
START 5.801025641025641 12.176410256410257 -3.063247863247863 2.8543101800820376 0.7943187351298637 0.1483892142550295 END 
START 6.222222222222222 11.448888888888888 -2.871794871794872 2.9415979531732313 0.7506748485842668 0.183304323491507 END 
START 6.413675213675214 10.663931623931624 -2.5463247863247864 2.9852418397188285 0.6808446301113117 0.2618633192735814 END 
START 6.394529914529914 10.08957264957265 -2.125128205128205 3.0376145035735447 0.549912970474521 0.24440576465534267 END 
START 6.547692307692308 9.323760683760684 -1.7996581196581196 3.0376145035735447 0.44516764276508847 0.09601655040031319 END 
START 6.624273504273504 6.700854700854701 -1.703931623931624 3.046343280882664 0.21821943272798452 -0.06110144116383567 END 
START 6.394529914529914 5.552136752136752 -1.435897435897436 3.0376145035735447 0.09601655040031319 0.04364388654559691 END 
START 6.279658119658119 4.288547008547009 -1.3210256410256411 2.932869175864112 0.026186331927358142 0.06983021847295505 END 
START 6.203076923076923 2.890940170940171 -1.5699145299145298 2.793208738918202 -0.06983021847295505 -0.052372663854716284 END 
START 5.839316239316239 1.4741880341880342 -1.6464957264957265 2.5662605288810982 -0.17457554618238763 -0.3142359831282977 END 
START 5.303247863247863 -0.057435897435897436 -1.837948717948718 2.2520245457528003 -0.2618633192735814 -0.5848280797109986 END 
START 4.958632478632478 -1.4741880341880342 -2.0485470085470086 1.8505007895333088 -0.3229647604374171 -0.7244885166569086 END 
START 4.48 -2.756923076923077 -2.1442735042735044 1.623552579496205 -0.20949065541886513 -0.593556857020118 END 
