START 1.3976068376068376 9.783247863247864 -4.690598290598291 -0.6721158528021923 -0.1483892142550295 0.07855899578207443 END 
START 1.3976068376068376 9.898119658119658 -4.3076923076923075 -0.4713539746924466 -0.2618633192735814 0.11347410501855196 END 
START 0.8041025641025641 10.30017094017094 -4.077948717948718 -0.34915109236477526 -0.24440576465534267 0.12220288232767133 END 
START 0.1723076923076923 10.472478632478632 -3.8482051282051284 -0.30550720581917834 -0.2356769873462233 -0.04364388654559691 END 
START -0.5552136752136753 10.587350427350428 -3.675897435897436 -0.27059209658270084 -0.17457554618238763 -0.1396604369459101 END 
START -1.8188034188034188 11.065982905982906 -3.3312820512820513 -0.183304323491507 -0.183304323491507 -0.15711799156414885 END 
START -3.1015384615384614 11.774358974358975 -2.9292307692307693 -0.052372663854716284 -0.12220288232767133 -0.19203310080062638 END 
START -3.8864957264957263 12.482735042735042 -3.024957264957265 0 0.1396604369459101 -0.296778428510059 END 
START -4.556581196581196 13.114529914529914 -3.3504273504273505 0.052372663854716284 0.30550720581917834 -0.6372007435657149 END 
START -5.36068376068376 13.497435897435897 -3.158974358974359 0.17457554618238763 0.4277100881468497 -0.9514367266940126 END 
START -5.724444444444444 13.382564102564103 -2.795213675213675 0.3229647604374171 0.663387075493073 -1.2569439325131908 END 
START -5.398974358974359 12.655042735042736 -2.4123076923076923 0.39279497891037213 0.9776230586213707 -1.3180453736770266 END 
START -4.001367521367522 11.678632478632478 -2.4314529914529914 0.5149978612380435 1.675925243350921 -1.1696561594219972 END 
START -2.5463247863247864 11.334017094017094 -2.6994871794871793 0.5062690839289241 1.9028734533880252 -1.2918590417496685 END 
START -1.1487179487179486 11.008547008547009 -3.1206837606837605 0.5062690839289241 1.9552461172427413 -1.3791468148408623 END 
START 0 10.912820512820513 -3.2164102564102564 0.5760993024018791 2.0250763357156965 -1.3442317056043847 END 
START 0.7849572649572649 10.625641025641025 -3.2355555555555555 0.593556857020118 2.042533890333935 -1.3180453736770266 END 
START 1.6656410256410257 10.644786324786324 -3.197264957264957 0.5586417477836404 2.033805113024816 -1.4402482560046979 END 
START 2.622905982905983 10.261880341880342 -3.2164102564102564 0.5237266385471628 2.0076187810974577 -1.5449935837141304 END 
START 3.2547008547008547 9.591794871794871 -3.082393162393162 0.5411841931654017 1.9290597853153832 -1.4489770333138172 END 
START 3.6376068376068376 8.998290598290598 -2.9483760683760685 0.5149978612380435 1.8417720122241894 -1.326774150986146 END 
START 4.116239316239316 8.213333333333333 -3.0441025641025643 0.5237266385471628 1.7370266845147568 -1.0910971636399227 END 
START 4.441709401709402 8.07931623931624 -2.91008547008547 0.48008275200156597 1.6671964660418017 -0.733217293966028 END 
START 4.805470085470086 8.136752136752136 -2.890940170940171 0.25313454196446206 1.5013496971685336 -0.6895734074204312 END 
START 4.805470085470086 8.07931623931624 -2.890940170940171 0.2356769873462233 1.3355029282952653 -0.6546582981839536 END 
START 4.8820512820512825 7.7729914529914526 -3.1398290598290597 0.183304323491507 1.2307576005858327 -0.6022856343292373 END 
START 4.8246153846153845 7.5432478632478634 -3.388717948717949 0.11347410501855196 1.099825940949042 -0.5411841931654017 END 
START 4.633162393162393 7.122051282051282 -3.58017094017094 0.052372663854716284 0.9339791720757737 -0.619743188947476 END 
START 4.460854700854701 6.471111111111111 -3.7141880341880342 0 0.7768611805116249 -0.619743188947476 END 
START 4.154529914529914 5.667008547008547 -3.675897435897436 -0.034915109236477525 0.5760993024018791 -0.5586417477836404 END 
START 3.790769230769231 4.9394871794871795 -3.3312820512820513 -0.1483892142550295 0.4277100881468497 -0.4277100881468497 END 
START 3.3695726495726497 4.633162393162393 -3.1398290598290597 -0.3229647604374171 0.34042231505565584 -0.28804965120093956 END 
START 3.005811965811966 4.8246153846153845 -2.890940170940171 -0.5149978612380435 0.2618633192735814 -0.2793208738918202 END 
START 2.6420512820512823 5.188376068376068 -2.776068376068376 -0.6372007435657149 0.15711799156414885 -0.3578798696738946 END 
START 2.125128205128205 5.245811965811966 -2.4123076923076923 -0.6022856343292373 0 -0.549912970474521 END 
START 0.9381196581196581 3.6376068376068376 -0.9955555555555555 -0.8903352855301769 -0.034915109236477525 -0.40152375621949155 END 
START 0.5169230769230769 4.058803418803419 -0.5935042735042735 -1.2656727098223102 0.12220288232767133 -0.3229647604374171 END 
START 0.3829059829059829 5.15008547008547 -0.6126495726495726 -1.4926209198594143 0.20076187810974577 -0.40152375621949155 END 
START 0.1723076923076923 6.107350427350427 -0.650940170940171 -1.4140619240773398 0.052372663854716284 -0.7070309620386699 END 
START -0.09572649572649572 6.164786324786324 -0.47863247863247865 -1.2918590417496685 -0.1309316596367907 -1.0387244997852063 END 
START -0.19145299145299144 5.896752136752137 0.24888888888888888 -1.5624511383323691 -0.11347410501855196 -0.8379626216754605 END 
START -0.5935042735042735 6.566837606837606 0 -1.990161226479219 -0.017457554618238762 -0.593556857020118 END 
START -0.650940170940171 7.294358974358975 -0.1723076923076923 -2.129821663425129 -0.026186331927358142 -0.45389642007420783 END 
START -1.0721367521367522 8.328205128205129 -0.4211965811965812 -2.217109436516323 -0.16584676887326824 -0.44516764276508847 END 
START -1.2635897435897436 9.610940170940172 -0.47863247863247865 -2.2782108776801584 -0.25313454196446206 -0.4277100881468497 END 
START -0.9955555555555555 11.1808547008547 -0.3446153846153846 -2.2607533230619197 -0.22694821003710391 -0.20949065541886513 END 
START -0.9381196581196581 12.387008547008547 -0.15316239316239316 -2.356769873462233 -0.296778428510059 0.034915109236477525 END 
START -1.4167521367521367 14.895042735042734 0.22974358974358974 -2.2869396549892778 -0.49754030661980475 0.09601655040031319 END 
START -1.6082051282051282 16.57982905982906 0.5552136752136753 -2.3305835415348746 -0.5237266385471628 0.017457554618238762 END 
START -1.3593162393162392 18.13059829059829 0.7466666666666667 -2.1385504407342486 -0.4102525335286109 0.017457554618238762 END 
START -0.8806837606837606 19.03042735042735 0.8423931623931624 -1.763213016442115 -0.34915109236477526 0.052372663854716284 END 
START -0.2105982905982906 19.164444444444445 0.7275213675213675 -1.352960482913504 -0.2793208738918202 0.052372663854716284 END 
START 0.7466666666666667 18.99213675213675 0.49777777777777776 -0.98635183593049 -0.21821943272798452 0.08728777309119382 END 
START 1.5124786324786326 18.877264957264956 0.5169230769230769 -0.6546582981839536 -0.22694821003710391 0.026186331927358142 END 
START 2.220854700854701 18.456068376068377 0.6317948717948718 -0.4626251973833272 -0.28804965120093956 -0.04364388654559691 END 
START 2.756923076923077 17.843418803418803 0.6317948717948718 -0.2793208738918202 -0.3142359831282977 -0.017457554618238762 END 
START 3.3312820512820513 17.00102564102564 0.5743589743589743 -0.08728777309119382 -0.3142359831282977 0.04364388654559691 END 
START 3.6567521367521367 16.08205128205128 0.6126495726495726 0.11347410501855196 -0.3753374242921334 0.16584676887326824 END 
START 3.7333333333333334 15.124786324786324 0.6126495726495726 0.3229647604374171 -0.549912970474521 0.20949065541886513 END 
START 3.082393162393162 13.382564102564103 1.34017094017094 0.48881152931068533 -1.0038093905487289 0 END 
START 2.661196581196581 12.425299145299146 1.7613675213675213 0.5149978612380435 -1.1172834955672808 -0.008728777309119381 END 
START 2.0485470085470086 11.64034188034188 2.105982905982906 0.5586417477836404 -1.1260122728764002 0.1396604369459101 END 
START 1.5699145299145298 10.970256410256411 2.4314529914529914 0.5149978612380435 -1.1521986048037582 0.22694821003710391 END 
START 1.2252991452991453 10.491623931623932 2.374017094017094 0.5062690839289241 -1.2307576005858327 0.2618633192735814 END 
START 0.918974358974359 10.127863247863248 2.374017094017094 0.5411841931654017 -1.352960482913504 0.21821943272798452 END 
START 0.67008547008547 9.457777777777778 2.3165811965811964 0.48881152931068533 -1.4489770333138172 0.15711799156414885 END 
START 0.5552136752136753 8.9791452991453 2.201709401709402 0.4626251973833272 -1.4489770333138172 0.22694821003710391 END 
START 0.3829059829059829 8.672820512820513 2.0485470085470086 0.40152375621949155 -1.4402482560046979 0.30550720581917834 END 
START 0.26803418803418805 8.309059829059828 1.7422222222222221 0.3142359831282977 -1.5013496971685336 0.366608646983014 END 
START 0.019145299145299145 8.194188034188034 1.703931623931624 0.2618633192735814 -1.5886374702597275 0.4277100881468497 END 
START -0.8041025641025641 7.9452991452991455 1.7422222222222221 0 -1.7195691298965181 0.34915109236477526 END 
START -1.052991452991453 8.06017094017094 1.4741880341880342 -0.10474532770943257 -1.6410101341144436 0.43643886545596905 END 
START -1.2827350427350428 8.50051282051282 1.2444444444444445 -0.19203310080062638 -1.5973662475688468 0.5324554158562822 END 
START -1.9336752136752138 9.17059829059829 1.1678632478632478 -0.28804965120093956 -1.6410101341144436 0.49754030661980475 END 
START -2.5654700854700856 10.07042735042735 0.9572649572649573 -0.3578798696738946 -1.6671964660418017 0.34915109236477526 END 
START -3.1206837606837605 10.855384615384615 0.7275213675213675 -0.366608646983014 -1.623552579496205 0.2356769873462233 END 
START -3.7524786324786326 11.697777777777778 0.7466666666666667 -0.4102525335286109 -1.5275360290958917 0.1396604369459101 END 
START -4.288547008547009 12.712478632478632 0.650940170940171 -0.4277100881468497 -1.3355029282952653 0.1309316596367907 END 
START -4.614017094017094 14.282393162393163 0.28717948717948716 -0.4102525335286109 -1.073639609021684 0.04364388654559691 END 
START -4.441709401709402 15.603418803418803 -0.15316239316239316 -0.2618633192735814 -0.8903352855301769 -0.1483892142550295 END 
START -4.269401709401709 16.33094017094017 -0.22974358974358974 0.034915109236477525 -0.7506748485842668 -0.21821943272798452 END 
START -4.3076923076923075 16.445811965811966 -0.3254700854700855 0.30550720581917834 -0.5237266385471628 -0.09601655040031319 END 
START -3.58017094017094 17.135042735042735 -0.40205128205128204 0.7070309620386699 0.07855899578207443 0.1309316596367907 END 
START -2.871794871794872 17.594529914529915 -0.5935042735042735 0.9077928401484157 0.24440576465534267 0.034915109236477525 END 
START -2.1825641025641027 17.537094017094017 -0.7275213675213675 1.187113714040236 0.34915109236477526 -0.052372663854716284 END 
START -1.435897435897436 16.867008547008545 -0.7275213675213675 1.4926209198594143 0.41898131083773027 -0.034915109236477525 END 
START -0.8041025641025641 16.216068376068375 -0.5935042735042735 1.7195691298965181 0.5062690839289241 0.10474532770943257 END 
START -0.4211965811965812 15.794871794871796 -0.5552136752136753 1.8941446760789058 0.5760993024018791 0.183304323491507 END 
START 0 15.124786324786324 -0.6126495726495726 2.0076187810974577 0.5848280797109986 0.026186331927358142 END 
START 0.5360683760683761 14.167521367521367 -0.5935042735042735 2.0687202222612933 0.549912970474521 0 END 
START 0.7083760683760684 13.554871794871795 -0.5935042735042735 2.147279218043368 0.48881152931068533 -0.026186331927358142 END 
START 0.9381196581196581 12.76991452991453 -0.5935042735042735 2.199651881898084 0.41898131083773027 -0.09601655040031319 END 
START 1.0721367521367522 11.87008547008547 -0.5169230769230769 2.2869396549892778 0.40152375621949155 -0.008728777309119381 END 
START 1.2444444444444445 10.166153846153847 -0.650940170940171 2.3043972096075165 0.19203310080062638 -0.10474532770943257 END 
START 1.3784615384615384 8.902564102564103 -0.6126495726495726 2.3305835415348746 0.12220288232767133 -0.06110144116383567 END 
START 1.187008547008547 7.7155555555555555 -0.4403418803418803 2.2258382138254422 0.026186331927358142 -0.10474532770943257 END 
START 0.9955555555555555 6.011623931623932 -0.3829059829059829 2.033805113024816 -0.052372663854716284 -0.20076187810974577 END 
START 0.8232478632478633 4.575726495726496 -0.5169230769230769 1.8505007895333088 -0.08728777309119382 -0.24440576465534267 END 
START 0.7083760683760684 3.178119658119658 -0.5360683760683761 1.579908692950608 -0.1483892142550295 -0.2793208738918202 END 
START 0.40205128205128204 2.0294017094017094 -0.6126495726495726 1.239486377894952 -0.11347410501855196 -0.183304323491507 END 
START 0.22974358974358974 1.3784615384615384 -0.7849572649572649 0.8816065082210575 -0.008728777309119381 -0.11347410501855196 END 
START 0.1723076923076923 1.0147008547008547 -1.1295726495726495 0.48881152931068533 0.1483892142550295 0.052372663854716284 END 
START 0.24888888888888888 1.2061538461538461 -1.6656410256410257 0.28804965120093956 0.3142359831282977 0.183304323491507 END 
