START -4.288547008547009 -0.8041025641025641 -2.5463247863247864 -0.2356769873462233 -0.44516764276508847 0.008728777309119381 END 
START -4.748034188034188 -1.301880341880342 -2.756923076923077 -0.4713539746924466 -0.20076187810974577 -0.40152375621949155 END 
START -5.035213675213675 -1.9145299145299146 -2.7186324786324785 -0.619743188947476 0.008728777309119381 -0.4626251973833272 END 
START -5.877606837606837 -1.7230769230769232 -2.278290598290598 -0.7244885166569086 0.34915109236477526 -0.30550720581917834 END 
START -6.834871794871795 -1.2061538461538461 -1.8953846153846154 -0.8205050670572218 0.7419460712751474 -0.4277100881468497 END 
START -7.5432478632478634 -1.0721367521367522 -1.301880341880342 -0.98635183593049 1.1696561594219972 -0.7070309620386699 END 
START -7.677264957264957 -0.918974358974359 -0.7275213675213675 -1.2744014871314298 1.763213016442115 -0.7681324032025055 END 
START -7.409230769230769 -0.09572649572649572 0.019145299145299145 -1.5275360290958917 2.2869396549892778 -0.7419460712751474 END 
START -6.873162393162393 1.0721367521367522 0.8232478632478633 -1.675925243350921 2.6884634112087693 -0.7070309620386699 END 
START -6.451965811965812 2.086837606837607 1.8188034188034188 -1.8679583441515475 3.0376145035735447 -0.6110144116383567 END 
START -6.222222222222222 3.5035897435897434 2.8143589743589743 -2.0687202222612933 3.5438835875024686 -0.34042231505565584 END 
START -3.8290598290598292 8.194188034188034 4.7671794871794875 -2.6273619700449338 4.556421755360317 -1.1434698274946389 END 
START -0.8041025641025641 10.472478632478632 4.805470085470086 -2.889225289318515 4.896844070415973 -1.510078474477653 END 
START 2.6994871794871793 13.095384615384615 4.671452991452991 -2.9415979531732313 5.019046952743644 -1.1783849367311166 END 
START 6.509401709401709 17.154188034188035 4.977777777777778 -2.7844799616090827 4.870657738488615 -0.6546582981839536 END 
START 10.587350427350428 21.69162393162393 5.092649572649573 -2.557531751571979 4.64370952845151 -0.6721158528021923 END 
START 13.574017094017094 24.735726495726496 4.8820512820512825 -2.1210928861160094 4.076339003358751 -1.239486377894952 END 
START 15.067350427350428 26.075897435897435 4.8820512820512825 -1.6148238021870855 3.5176972555751105 -1.3005878190587878 END 
START 16.656410256410258 27.492649572649572 5.130940170940171 -1.073639609021684 3.2383763816832905 -0.5149978612380435 END 
START 18.934700854700854 28.947692307692307 4.862905982905983 -0.49754030661980475 2.9590555077914704 0.4713539746924466 END 
START 20.79179487179487 30.153846153846153 4.001367521367522 0.22694821003710391 2.5313454196446203 1.2744014871314298 END 
START 20.772649572649573 30.345299145299144 3.0441025641025643 1.0474532770943257 1.83304323491507 1.239486377894952 END 
START 19.738803418803418 28.411623931623932 2.8335042735042735 1.806856902987712 1.1434698274946389 0.8379626216754605 END 
START 16.484102564102564 22.61059829059829 3.4844444444444442 3.0376145035735447 0.16584676887326824 1.4227907013864591 END 
START 14.148376068376068 19.604786324786325 4.326837606837607 3.4740533690295137 -0.25313454196446206 1.6410101341144436 END 
START 11.65948717948718 16.33094017094017 4.614017094017094 3.6486289152119014 -0.619743188947476 1.579908692950608 END 
START 9.591794871794871 13.171965811965812 5.15008547008547 3.7271879109939756 -0.8816065082210575 1.4402482560046979 END 
START 7.9452991452991455 10.242735042735042 5.0543589743589745 3.6573576925210207 -1.0212669451669676 1.3878755921499817 END 
START 6.739145299145299 7.6581196581196584 4.728888888888889 3.5787986967389465 -1.1434698274946389 1.2482151552040714 END 
START 5.839316239316239 5.36068376068376 4.48 3.3780368186292007 -1.3093165963679072 1.0474532770943257 END 
START 5.245811965811966 3.178119658119658 4.173675213675214 3.09871594473738 -1.4227907013864591 1.029995722476087 END 
START 4.614017094017094 1.301880341880342 3.675897435897436 2.7844799616090827 -1.5013496971685336 1.2656727098223102 END 
START 3.675897435897436 0.019145299145299145 3.312136752136752 2.374227428080472 -1.579908692950608 1.3791468148408623 END 
START 2.8143589743589743 -1.052991452991453 2.871794871794872 2.0076187810974577 -1.5449935837141304 1.2569439325131908 END 
START 2.1825641025641027 -2.0294017094017094 2.4697435897435898 1.6148238021870855 -1.5013496971685336 1.0038093905487289 END 
START 1.4933333333333334 -3.7333333333333334 1.9336752136752138 0.8903352855301769 -1.3791468148408623 0.6284719662565954 END 
START 1.301880341880342 -4.518290598290598 1.5507692307692307 0.5062690839289241 -1.2569439325131908 0.5760993024018791 END 
START 1.2252991452991453 -5.111794871794872 1.0912820512820514 0.11347410501855196 -1.1260122728764002 0.48008275200156597 END 
START 1.0721367521367522 -5.532991452991453 0.7658119658119658 -0.30550720581917834 -1.0387244997852063 0.25313454196446206 END 
START 0.8998290598290598 -5.896752136752137 0.47863247863247865 -0.7594036258933862 -0.9601655040031319 -0.052372663854716284 END 
START 0.9764102564102564 -6.203076923076923 0.6126495726495726 -1.213300045967594 -0.8379626216754605 -0.1309316596367907 END 
START 1.0338461538461539 -5.973333333333334 0.6892307692307692 -1.6846540206600407 -0.7157597393477892 -0.06110144116383567 END 
START 1.0338461538461539 -5.513846153846154 1.0912820512820514 -2.1647367726616067 -0.6284719662565954 -0.09601655040031319 END 
START 1.0912820512820514 -5.016068376068376 1.5507692307692307 -2.705920965827008 -0.5149978612380435 -0.20076187810974577 END 
START 1.3976068376068376 -4.384273504273504 1.9719658119658119 -3.2209188270650517 -0.4277100881468497 -0.2618633192735814 END 
START 1.703931623931624 -3.675897435897436 2.8335042735042735 -3.735916688303095 -0.38406620160125277 -0.19203310080062638 END 
START 2.776068376068376 0.24888888888888888 4.633162393162393 -4.853200183870376 -0.24440576465534267 0.15711799156414885 END 
START 3.5035897435897434 3.082393162393162 5.398974358974359 -5.464214595508732 -0.183304323491507 0.3316935377465365 END 
START 3.982222222222222 7.811282051282051 5.494700854700855 -5.979212456746776 -0.2618633192735814 0.5149978612380435 END 
START 4.077948717948718 15.718290598290599 6.509401709401709 -6.241075776020358 -0.3316935377465365 0.1483892142550295 END 
START 4.25025641025641 24.754871794871796 7.351794871794872 -5.909382238273821 -0.296778428510059 -0.6808446301113117 END 
START 4.154529914529914 30.134700854700856 6.72 -4.923030402343331 -0.43643886545596905 -1.1609273821128776 END 
START 3.5227350427350426 31.13025641025641 5.532991452991453 -3.7271879109939756 -0.49754030661980475 -1.056182054403445 END 
START 2.91008547008547 29.943247863247862 3.6184615384615384 -2.67973463389965 -0.40152375621949155 -0.9601655040031319 END 
START 2.91008547008547 27.205470085470086 2.086837606837607 -1.8243144576059507 -0.28804965120093956 -1.0649108317125644 END 
START 3.388717948717949 24.103931623931622 1.2827350427350428 -1.2569439325131908 -0.10474532770943257 -1.0474532770943257 END 
START 4.499145299145299 21.46188034188034 0.650940170940171 -0.8292338443663412 0.09601655040031319 -0.733217293966028 END 
START 5.494700854700855 19.279316239316238 0.03829059829059829 -0.4713539746924466 0.20076187810974577 -0.3142359831282977 END 
START 5.973333333333334 15.316239316239317 0 0.1396604369459101 -0.08728777309119382 0.008728777309119381 END 
START 5.60957264957265 13.574017094017094 0.1723076923076923 0.3229647604374171 -0.17457554618238763 0 END 
