START -2.7377777777777776 0.5743589743589743 -2.622905982905983 0.39279497891037213 -0.9514367266940126 -0.38406620160125277 END 
START -3.4461538461538463 -0.09572649572649572 -2.756923076923077 0.1483892142550295 -0.7070309620386699 -1.1434698274946389 END 
START -3.7141880341880342 -0.8423931623931624 -2.7186324786324785 0.052372663854716284 -0.40152375621949155 -1.2831302644405491 END 
START -4.6523076923076925 -0.5360683760683761 -2.603760683760684 -0.12220288232767133 0.5411841931654017 -0.296778428510059 END 
START -5.188376068376068 -0.09572649572649572 -2.776068376068376 -0.2356769873462233 0.9077928401484157 -0.16584676887326824 END 
START -5.418119658119658 0.03829059829059829 -2.603760683760684 -0.4277100881468497 1.1609273821128776 -0.43643886545596905 END 
START -5.245811965811966 0.3829059829059829 -1.9145299145299146 -0.7157597393477892 1.5188072517867723 -0.6808446301113117 END 
START -4.5374358974358975 1.1678632478632478 -1.301880341880342 -0.9950806132396095 1.97270367186098 -0.7681324032025055 END 
START -3.8864957264957263 2.086837606837607 -1.3210256410256411 -1.2307576005858327 2.2869396549892778 -0.7768611805116249 END 
START -3.8290598290598292 2.9292307692307693 -1.1678632478632478 -1.4053331467682204 2.496430310408143 -0.7157597393477892 END 
START -4.384273504273504 4.269401709401709 -0.3829059829059829 -1.536264806405011 2.662277079281411 -0.8990640628392963 END 
START -4.671452991452991 5.2841025641025645 0.8806837606837606 -1.7370266845147568 2.915411621245873 -1.213300045967594 END 
START -4.135384615384615 6.471111111111111 1.5699145299145298 -1.9814324491700996 3.351850486701842 -1.2918590417496685 END 
START -2.795213675213675 7.9452991452991455 2.1825641025641027 -2.147279218043368 3.7882893521578116 -1.029995722476087 END 
START -1.0338461538461539 9.917264957264956 3.024957264957265 -2.313125986916636 4.076339003358751 -0.7681324032025055 END 
START 4.077948717948718 15.775726495726495 3.2355555555555555 -2.478972755789904 4.102525335286109 -2.1647367726616067 END 
START 6.585982905982906 16.886153846153846 3.6567521367521367 -2.3480410961531137 3.8406620160125278 -2.2607533230619197 END 
START 9.381196581196582 19.413333333333334 3.8673504273504276 -2.1647367726616067 3.6311713605936626 -1.5449935837141304 END 
START 11.755213675213675 22.22769230769231 4.1928205128205125 -1.83304323491507 3.2209188270650517 -1.1172834955672808 END 
START 13.708034188034189 24.525128205128205 4.211965811965812 -1.4402482560046979 2.8717677347002764 -0.84669139898458 END 
START 16.311794871794874 26.592820512820513 4.173675213675214 -1.0212669451669676 2.653548301972292 -0.25313454196446206 END 
START 18.85811965811966 28.622222222222224 3.7524786324786326 -0.48008275200156597 2.3393123188439944 0.38406620160125277 END 
START 20.1791452991453 29.656068376068376 2.9292307692307693 0.2618633192735814 1.7806705710603539 0.8641489536028187 END 
START 20.121709401709403 29.254017094017094 2.105982905982906 1.0823683863308033 1.073639609021684 1.0823683863308033 END 
START 18.60923076923077 27.55008547008547 1.7230769230769232 1.7544842391329956 0.40152375621949155 1.0649108317125644 END 
START 16.445811965811966 25.310085470085472 2.1442735042735044 2.3043972096075165 -0.12220288232767133 1.1347410501855195 END 
START 13.937777777777777 22.62974358974359 2.5654700854700856 2.767022406990844 -0.5062690839289241 1.2918590417496685 END 
START 8.404786324786325 17.03931623931624 3.58017094017094 3.299477822847126 -1.056182054403445 1.2220288232767134 END 
START 6.241367521367521 13.976068376068376 3.8482051282051284 3.360579264010962 -1.1783849367311166 0.8990640628392963 END 
START 4.575726495726496 10.874529914529914 3.8864957264957263 3.343121709392723 -1.2482151552040714 0.6459295208748342 END 
START 3.2164102564102564 8.002735042735043 4.058803418803419 3.255833936301529 -1.2569439325131908 0.5848280797109986 END 
START 2.3548717948717948 5.686153846153847 3.8290598290598292 3.089987167428261 -1.1783849367311166 0.6983021847295505 END 
START 1.9719658119658119 3.675897435897436 3.5035897435897434 2.8804965120093957 -1.1172834955672808 0.84669139898458 END 
START 1.8188034188034188 2.01025641025641 2.986666666666667 2.636090747354053 -1.099825940949042 0.9601655040031319 END 
START 1.9145299145299146 0.650940170940171 2.3548717948717948 2.4178713146260686 -1.1521986048037582 0.84669139898458 END 
START 2.0676923076923077 -0.918974358974359 2.220854700854701 2.129821663425129 -1.1434698274946389 0.5760993024018791 END 
START 2.220854700854701 -2.622905982905983 1.8953846153846154 1.7457554618238762 -1.029995722476087 0.39279497891037213 END 
START 2.278290598290598 -3.963076923076923 1.4741880341880342 1.3442317056043847 -0.916521617457535 0.34915109236477526 END 
START 2.508034188034188 -5.0543589743589745 0.5360683760683761 0.5237266385471628 -0.8379626216754605 0.27059209658270084 END 
START 2.5654700854700856 -5.36068376068376 0.3829059829059829 0.11347410501855196 -0.7855899578207443 0.20949065541886513 END 
START 2.756923076923077 -5.398974358974359 0.09572649572649572 -0.3142359831282977 -0.7594036258933862 0 END 
START 2.9483760683760685 -5.456410256410257 0 -0.7070309620386699 -0.7419460712751474 -0.10474532770943257 END 
START 3.1398290598290597 -5.2841025641025645 0.09572649572649572 -1.1260122728764002 -0.7244885166569086 -0.06983021847295505 END 
START 3.3695726495726497 -4.690598290598291 0.24888888888888888 -1.5624511383323691 -0.6983021847295505 0 END 
START 3.8673504273504276 -3.695042735042735 0.6126495726495726 -1.9988900037883384 -0.6808446301113117 -0.026186331927358142 END 
START 4.116239316239316 -2.661196581196581 0.8232478632478633 -2.382956205389591 -0.7681324032025055 -0.2356769873462233 END 
START 3.9439316239316238 -1.9528205128205127 1.187008547008547 -2.7408360750634855 -0.9077928401484157 -0.5062690839289241 END 
START 3.6376068376068376 -1.34017094017094 1.8762393162393163 -3.1336310539738577 -0.9950806132396095 -0.5062690839289241 END 
START 3.3504273504273505 -0.4594871794871795 2.7186324786324785 -3.5787986967389465 -1.056182054403445 -0.16584676887326824 END 
START 2.8143589743589743 1.1487179487179486 3.675897435897436 -4.102525335286109 -1.073639609021684 0.34042231505565584 END 
START 1.1487179487179486 8.385641025641025 4.901196581196581 -5.0714196165983605 -0.98635183593049 0.49754030661980475 END 
START 0.8232478632478633 13.65059829059829 5.513846153846154 -5.342011713181061 -0.9776230586213707 -0.08728777309119382 END 
START 1.1487179487179486 19.24102564102564 5.456410256410257 -5.245995162780748 -0.9601655040031319 -0.5237266385471628 END 
START 2.105982905982906 23.567863247863247 5.532991452991453 -4.757183633470063 -0.9776230586213707 -0.1483892142550295 END 
START 2.278290598290598 27.014017094017095 5.016068376068376 -3.919221011794602 -0.9688942813122513 0.663387075493073 END 
START 1.5124786324786326 29.196581196581196 3.8482051282051284 -3.020156948955306 -0.9077928401484157 0.44516764276508847 END 
START 1.187008547008547 28.25846153846154 2.776068376068376 -2.217109436516323 -0.7506748485842668 -0.6022856343292373 END 
START 1.7996581196581196 25.55897435897436 1.9719658119658119 -1.579908692950608 -0.5062690839289241 -1.056182054403445 END 
START 2.4123076923076923 23.165811965811965 1.1487179487179486 -1.0474532770943257 -0.3229647604374171 -0.8117762897481025 END 
START 2.8526495726495726 20.887521367521366 0.26803418803418805 -0.5149978612380435 -0.22694821003710391 -0.4626251973833272 END 
START 3.4844444444444442 18.762393162393163 0.057435897435897436 -0.10474532770943257 -0.17457554618238763 -0.19203310080062638 END 
START 4.001367521367522 17.135042735042735 0.03829059829059829 0.1309316596367907 -0.10474532770943257 -0.1396604369459101 END 
