START -0.5743589743589743 2.0676923076923077 -4.518290598290598 0.07855899578207443 0.15711799156414885 -0.06110144116383567 END 
START -0.67008547008547 1.455042735042735 -4.211965811965812 0.06983021847295505 -0.2793208738918202 -0.24440576465534267 END 
START -1.455042735042735 0.5552136752136753 -3.178119658119658 -0.026186331927358142 -0.3578798696738946 -0.21821943272798452 END 
START -2.5654700854700856 0.07658119658119658 -2.5463247863247864 -0.2793208738918202 0.034915109236477525 -0.052372663854716284 END 
START -3.292991452991453 -0.019145299145299145 -2.393162393162393 -0.5673705250927598 0.40152375621949155 0 END 
START -3.695042735042735 -0.24888888888888888 -2.125128205128205 -0.7681324032025055 0.663387075493073 0.08728777309119382 END 
START -3.8864957264957263 0 -1.7805128205128204 -0.9427079493848932 0.98635183593049 0.3753374242921334 END 
START -3.982222222222222 1.2635897435897436 -1.3976068376068376 -1.1521986048037582 1.2831302644405491 0.5324554158562822 END 
START -4.001367521367522 2.871794871794872 -0.8232478632478633 -1.3878755921499817 1.510078474477653 0.24440576465534267 END 
START -4.460854700854701 3.9439316239316238 -0.26803418803418805 -1.5886374702597275 1.7195691298965181 -0.3578798696738946 END 
START -5.322393162393162 3.9247863247863246 -0.03829059829059829 -1.8417720122241894 1.7981281256785926 -1.2307576005858327 END 
START -4.384273504273504 3.312136752136752 1.6656410256410257 -2.313125986916636 2.6971921885178887 -0.5062690839289241 END 
START -3.7524786324786326 5.532991452991453 2.1634188034188035 -2.583718083499337 2.993970617027948 -0.3753374242921334 END 
START -3.8673504273504276 6.413675213675214 2.5463247863247864 -2.96778428510059 2.950326730482351 -1.1521986048037582 END 
START -2.9483760683760685 6.930598290598291 2.9675213675213676 -3.3082066001562453 3.1685461632103356 -1.2569439325131908 END 
START -0.9764102564102564 9.40034188034188 3.1398290598290597 -3.4915109236477524 3.5787986967389465 -0.5848280797109986 END 
START 1.2444444444444445 13.631452991452992 3.273846153846154 -3.6049850286663045 3.7795605748486922 -0.2793208738918202 END 
START 4.633162393162393 18.59008547008547 2.3357264957264956 -3.6311713605936626 3.7184591336848563 -0.6895734074204312 END 
START 7.734700854700855 22.476581196581197 1.2635897435897436 -3.24710515899241 3.2121900497559324 -1.352960482913504 END 
START 10.127863247863248 24.659145299145298 1.4167521367521367 -2.7146497431361274 2.653548301972292 -1.4489770333138172 END 
START 11.774358974358975 26.343931623931624 2.105982905982906 -2.1385504407342486 2.2782108776801584 -0.8030475124389831 END 
START 13.19111111111111 28.526495726495728 2.2974358974358973 -1.5188072517867723 2.0774489995704126 0.08728777309119382 END 
START 15.928888888888888 31.81948717948718 0.9955555555555555 -0.16584676887326824 1.763213016442115 0.8641489536028187 END 
START 16.713846153846156 31.398290598290597 0.11487179487179487 0.5324554158562822 1.3355029282952653 0.6110144116383567 END 
START 16.484102564102564 29.61777777777778 -0.47863247863247865 1.2831302644405491 0.8030475124389831 0.6721158528021923 END 
START 14.952478632478632 27.16717948717949 -0.7275213675213675 1.946517339933622 0.2618633192735814 0.9252503947666544 END 
START 12.846495726495727 24.103931623931622 -0.24888888888888888 2.4615152011716654 -0.16584676887326824 1.3791468148408623 END 
START 10.549059829059829 21.92136752136752 0.15316239316239316 2.836852625463799 -0.43643886545596905 1.8417720122241894 END 
START 8.175042735042735 20.466324786324787 0.8998290598290598 3.046343280882664 -0.6459295208748342 1.7195691298965181 END 
START 6.069059829059829 18.494358974358974 1.2827350427350428 3.2121900497559324 -0.9514367266940126 1.056182054403445 END 
START 4.3076923076923075 15.871452991452992 1.991111111111111 3.4391382597930362 -1.3005878190587878 0.6459295208748342 END 
START 2.4123076923076923 12.980512820512821 2.91008547008547 3.587527474048066 -1.4227907013864591 0.5586417477836404 END 
START 0.7275213675213675 10.051282051282051 3.1398290598290597 3.6049850286663045 -1.4140619240773398 0.44516764276508847 END 
START -0.6317948717948718 6.873162393162393 3.5993162393162392 3.4391382597930362 -1.3791468148408623 0.06110144116383567 END 
START -0.9764102564102564 1.991111111111111 3.178119658119658 2.767022406990844 -0.8379626216754605 0.07855899578207443 END 
START 0.07658119658119658 0.918974358974359 2.374017094017094 2.557531751571979 -0.6546582981839536 0.5411841931654017 END 
START 0.5552136752136753 0.03829059829059829 1.7996581196581196 2.3305835415348746 -0.6372007435657149 0.7594036258933862 END 
START 0.8423931623931624 -0.8615384615384616 1.3976068376068376 2.0076187810974577 -0.5586417477836404 0.6022856343292373 END 
START 1.435897435897436 -2.086837606837607 0.8806837606837606 1.6148238021870855 -0.5062690839289241 0.183304323491507 END 
START 2.220854700854701 -3.3504273504273505 0.5169230769230769 1.2482151552040714 -0.4713539746924466 0 END 
START 2.756923076923077 -4.1928205128205125 0.07658119658119658 0.8816065082210575 -0.44516764276508847 0 END 
START 3.063247863247863 -4.862905982905983 -0.3446153846153846 0.49754030661980475 -0.4277100881468497 0.026186331927358142 END 
START 3.292991452991453 -5.398974358974359 -0.7466666666666667 0.11347410501855196 -0.4277100881468497 0.06110144116383567 END 
START 3.4844444444444442 -5.686153846153847 -0.8423931623931624 -0.3142359831282977 -0.43643886545596905 0.034915109236477525 END 
START 3.7716239316239317 -5.762735042735042 -0.7658119658119658 -0.8379626216754605 -0.39279497891037213 0.12220288232767133 END 
START 4.805470085470086 -4.269401709401709 -0.5552136752136753 -1.7195691298965181 -0.43643886545596905 0.22694821003710391 END 
START 5.456410256410257 -3.197264957264957 -0.19145299145299144 -2.1560079953524873 -0.49754030661980475 0.296778428510059 END 
START 6.126495726495726 -1.9145299145299146 0.24888888888888888 -2.496430310408143 -0.6110144116383567 0.3753374242921334 END 
START 6.203076923076923 -0.6126495726495726 0.9572649572649573 -2.7844799616090827 -0.7419460712751474 0.38406620160125277 END 
START 5.801025641025641 0.4594871794871795 1.9145299145299146 -3.0812583901191415 -0.8990640628392963 0.2618633192735814 END 
START 5.398974358974359 1.301880341880342 3.1015384615384614 -3.38676559593832 -1.0823683863308033 0.15711799156414885 END 
START 5.016068376068376 2.776068376068376 4.231111111111111 -3.6573576925210207 -1.2482151552040714 0.11347410501855196 END 
START 4.135384615384615 3.6184615384615384 4.843760683760684 -3.94540734372196 -1.4227907013864591 0.1396604369459101 END 
START 2.3165811965811964 4.805470085470086 5.418119658119658 -4.329473545323213 -1.536264806405011 0.5411841931654017 END 
START -0.24888888888888888 8.634529914529914 5.762735042735042 -4.870657738488615 -1.5275360290958917 0.7594036258933862 END 
START -1.4933333333333334 15.45025641025641 5.82017094017094 -5.350740490490181 -1.352960482913504 0.38406620160125277 END 
START -2.0294017094017094 23.07008547008547 5.686153846153847 -5.307096603944584 -1.4140619240773398 -0.3753374242921334 END 
START -3.7333333333333334 30.172991452991454 3.8673504273504276 -3.430409482483917 -1.4402482560046979 -0.8554201762936994 END 
START -4.7671794871794875 29.483760683760682 3.1015384615384614 -2.4091425373169493 -1.213300045967594 -0.98635183593049 END 
START -4.556581196581196 27.224615384615383 2.4697435897435898 -1.7282979072056375 -0.7506748485842668 -1.1085547182581614 END 
START -3.3695726495726497 25.252649572649574 1.3784615384615384 -1.2220288232767134 -0.3229647604374171 -1.0387244997852063 END 
START -1.6847863247863248 23.54871794871795 0.3829059829059829 -0.6459295208748342 -0.06110144116383567 -0.7943187351298637 END 
START -0.07658119658119658 21.71076923076923 -0.5743589743589743 -0.12220288232767133 0.052372663854716284 -0.6110144116383567 END 
