START 1.4741880341880342 9.457777777777778 -4.460854700854701 -0.25313454196446206 -0.28804965120093956 0.20076187810974577 END 
START 1.0912820512820514 9.438632478632478 -4.173675213675214 -0.19203310080062638 -0.3229647604374171 0.17457554618238763 END 
START 0.6126495726495726 9.381196581196582 -3.982222222222222 -0.2356769873462233 -0.34042231505565584 0.12220288232767133 END 
START -0.5743589743589743 9.687521367521368 -3.675897435897436 -0.27059209658270084 -0.24440576465534267 0.1396604369459101 END 
START -1.2827350427350428 10.166153846153847 -3.58017094017094 -0.19203310080062638 -0.11347410501855196 0.15711799156414885 END 
START -1.9528205128205127 10.817094017094018 -3.6567521367521367 -0.10474532770943257 -0.017457554618238762 0.04364388654559691 END 
START -2.7186324786324785 11.161709401709402 -3.561025641025641 -0.026186331927358142 0.017457554618238762 -0.183304323491507 END 
START -3.407863247863248 11.085128205128205 -3.273846153846154 0 0.17457554618238763 -0.366608646983014 END 
START -4.001367521367522 11.027692307692307 -3.063247863247863 0.04364388654559691 0.40152375621949155 -0.34915109236477526 END 
START -4.345982905982906 11.334017094017094 -3.082393162393162 0.06110144116383567 0.6546582981839536 -0.2618633192735814 END 
START -4.1928205128205125 11.563760683760684 -3.158974358974359 0.1483892142550295 0.8379626216754605 -0.20076187810974577 END 
START -4.077948717948718 11.621196581196582 -3.1398290598290597 0.2356769873462233 1.0125381678578482 -0.27059209658270084 END 
START -3.6184615384615384 11.487179487179487 -3.082393162393162 0.2618633192735814 1.1958424913493553 -0.41898131083773027 END 
START -3.082393162393162 11.123418803418803 -2.9675213675213676 0.3229647604374171 1.3616892602226234 -0.5149978612380435 END 
START -2.5271794871794873 10.472478632478632 -3.024957264957265 0.34915109236477526 1.510078474477653 -0.48008275200156597 END 
START -0.8998290598290598 10.491623931623932 -3.158974358974359 0.40152375621949155 1.7457554618238762 -0.22694821003710391 END 
START 0.057435897435897436 11.276581196581196 -3.2355555555555555 0.34042231505565584 1.7893993483694732 -0.5149978612380435 END 
START 1.1295726495726495 11.353162393162393 -3.3695726495726497 0.3578798696738946 1.763213016442115 -0.9950806132396095 END 
START 1.6464957264957265 10.52991452991453 -3.312136752136752 0.4102525335286109 1.6584676887326824 -1.187113714040236 END 
START 1.9145299145299146 9.610940170940172 -3.197264957264957 0.48881152931068533 1.579908692950608 -1.0212669451669676 END 
START 2.259145299145299 9.074871794871795 -2.8143589743589743 0.4626251973833272 1.6410101341144436 -0.7070309620386699 END 
START 2.9675213675213676 9.017435897435897 -2.890940170940171 0.366608646983014 1.7370266845147568 -0.5149978612380435 END 
START 4.058803418803419 9.151452991452992 -3.024957264957265 0.28804965120093956 1.7282979072056375 -0.43643886545596905 END 
START 5.092649572649573 9.20888888888889 -3.2355555555555555 0.2618633192735814 1.5973662475688468 -0.4626251973833272 END 
START 5.743589743589744 8.921709401709402 -3.407863247863248 0.2793208738918202 1.4227907013864591 -0.45389642007420783 END 
START 5.992478632478632 8.194188034188034 -3.427008547008547 0.28804965120093956 1.2220288232767134 -0.41898131083773027 END 
START 6.203076923076923 7.026324786324786 -3.4844444444444442 0.1309316596367907 0.9601655040031319 -0.16584676887326824 END 
START 6.126495726495726 6.911452991452991 -3.5035897435897434 0.008728777309119381 0.8117762897481025 -0.15711799156414885 END 
START 6.164786324786324 6.739145299145299 -3.561025641025641 -0.09601655040031319 0.6459295208748342 -0.20949065541886513 END 
START 5.915897435897436 6.566837606837606 -3.58017094017094 -0.1309316596367907 0.43643886545596905 -0.24440576465534267 END 
START 5.245811965811966 6.030769230769231 -3.3695726495726497 -0.17457554618238763 0.2356769873462233 -0.27059209658270084 END 
START 3.3504273504273505 4.9394871794871795 -2.488888888888889 -0.4277100881468497 0.026186331927358142 -0.39279497891037213 END 
START 2.3165811965811964 4.499145299145299 -2.01025641025641 -0.5848280797109986 0.008728777309119381 -0.4277100881468497 END 
START 1.4741880341880342 4.02051282051282 -1.589059829059829 -0.7768611805116249 0.034915109236477525 -0.40152375621949155 END 
START 0.8232478632478633 3.7141880341880342 -1.34017094017094 -0.9601655040031319 0.08728777309119382 -0.28804965120093956 END 
START 0.11487179487179487 3.5035897435897434 -0.8041025641025641 -1.1260122728764002 0.1309316596367907 -0.15711799156414885 END 
START -0.4211965811965812 3.982222222222222 -0.4211965811965812 -1.3442317056043847 0.22694821003710391 -0.1483892142550295 END 
START -0.47863247863247865 4.843760683760684 -0.67008547008547 -1.7981281256785926 0.48008275200156597 -0.06110144116383567 END 
START -0.4594871794871795 5.188376068376068 -0.28717948717948716 -1.9290597853153832 0.48881152931068533 0.07855899578207443 END 
START -0.3829059829059829 6.700854700854701 -0.019145299145299145 -2.086177776879532 0.5062690839289241 0.16584676887326824 END 
START 0.22974358974358974 8.385641025641025 -0.03829059829059829 -2.243295768443681 0.5586417477836404 0.008728777309119381 END 
START 0.7083760683760684 9.476923076923077 -0.09572649572649572 -2.313125986916636 0.5149978612380435 -0.09601655040031319 END 
START 0.9955555555555555 10.740512820512821 0.07658119658119658 -2.3916849826987105 0.4626251973833272 -0.09601655040031319 END 
START 1.5507692307692307 12.712478632478632 0.36376068376068377 -2.40041376000783 0.43643886545596905 -0.06110144116383567 END 
START 2.105982905982906 14.512136752136753 0.8423931623931624 -2.295668432298397 0.34042231505565584 -0.19203310080062638 END 
START 2.5654700854700856 15.23965811965812 0.8423931623931624 -2.147279218043368 0.22694821003710391 -0.3142359831282977 END 
START 2.776068376068376 15.852307692307692 0.6317948717948718 -1.97270367186098 0.08728777309119382 -0.183304323491507 END 
START 3.082393162393162 17.03931623931624 0.8806837606837606 -1.806856902987712 0.034915109236477525 0.026186331927358142 END 
START 3.407863247863248 18.36034188034188 1.1678632478632478 -1.5886374702597275 0.008728777309119381 0.12220288232767133 END 
START 3.6184615384615384 18.60923076923077 1.5316239316239315 -1.0038093905487289 -0.09601655040031319 -0.183304323491507 END 
START 3.7141880341880342 17.594529914529915 1.5316239316239315 -0.6983021847295505 -0.15711799156414885 -0.25313454196446206 END 
START 4.116239316239316 16.15863247863248 1.34017094017094 -0.48008275200156597 -0.15711799156414885 -0.11347410501855196 END 
START 4.805470085470086 15.526837606837606 1.1104273504273505 -0.296778428510059 -0.1396604369459101 0.19203310080062638 END 
START 5.628717948717949 15.545982905982905 0.8423931623931624 -0.20949065541886513 -0.25313454196446206 0.07855899578207443 END 
START 6.471111111111111 14.971623931623931 0.650940170940171 -0.08728777309119382 -0.48881152931068533 -0.15711799156414885 END 
START 6.700854700854701 13.956923076923077 0.8806837606837606 0.06110144116383567 -0.7855899578207443 -0.2793208738918202 END 
START 6.394529914529914 12.57846153846154 1.187008547008547 0.20949065541886513 -1.029995722476087 -0.296778428510059 END 
START 6.011623931623932 11.1808547008547 1.6273504273504273 0.28804965120093956 -1.2220288232767134 -0.20076187810974577 END 
START 5.437264957264957 10.07042735042735 1.991111111111111 0.24440576465534267 -1.3791468148408623 -0.1309316596367907 END 
START 4.977777777777778 9.228034188034188 2.4314529914529914 0.1483892142550295 -1.483892142550295 -0.1309316596367907 END 
START 4.326837606837607 8.309059829059828 2.5463247863247864 0.08728777309119382 -1.7806705710603539 -0.06110144116383567 END 
START 3.8673504273504276 8.06017094017094 2.603760683760684 0.026186331927358142 -1.8854158987697864 -0.017457554618238762 END 
START 3.5035897435897434 7.926153846153846 2.756923076923077 -0.06110144116383567 -1.946517339933622 -0.008728777309119381 END 
START 2.9675213675213676 7.926153846153846 2.7186324786324785 -0.20949065541886513 -2.033805113024816 -0.06110144116383567 END 
START 2.4697435897435898 7.868717948717949 2.7377777777777776 -0.3142359831282977 -2.1210928861160094 -0.08728777309119382 END 
START 1.837948717948718 7.983589743589744 2.8143589743589743 -0.366608646983014 -2.217109436516323 0.008728777309119381 END 
START 1.0721367521367522 8.328205128205129 3.024957264957265 -0.38406620160125277 -2.295668432298397 0.11347410501855196 END 
START 0.07658119658119658 8.806837606837608 3.3695726495726497 -0.44516764276508847 -2.269482100371039 0.21821943272798452 END 
START -0.9381196581196581 9.342905982905982 3.5993162393162392 -0.5324554158562822 -2.199651881898084 0.20949065541886513 END 
START -1.9528205128205127 9.898119658119658 3.5227350427350426 -0.6110144116383567 -2.086177776879532 0.21821943272798452 END 
START -2.871794871794872 10.797948717948717 3.4461538461538463 -0.6022856343292373 -1.9116022306971445 0.24440576465534267 END 
START -3.427008547008547 11.544615384615385 3.197264957264957 -0.5324554158562822 -1.6671964660418017 0.28804965120093956 END 
START -4.077948717948718 13.057094017094018 2.508034188034188 -0.40152375621949155 -1.187113714040236 0.19203310080062638 END 
START -4.116239316239316 13.89948717948718 1.9336752136752138 -0.3142359831282977 -0.916521617457535 0.06110144116383567 END 
START -4.001367521367522 14.741880341880341 1.4741880341880342 -0.19203310080062638 -0.7157597393477892 -0.1483892142550295 END 
START -3.6184615384615384 15.163076923076924 1.2444444444444445 -0.026186331927358142 -0.5149978612380435 -0.28804965120093956 END 
START -3.1206837606837605 15.354529914529914 0.9572649572649573 0.1483892142550295 -0.2618633192735814 -0.22694821003710391 END 
START -2.374017094017094 15.90974358974359 0.5552136752136753 0.28804965120093956 -0.017457554618238762 -0.10474532770943257 END 
START -1.2252991452991453 16.886153846153846 0.26803418803418805 0.45389642007420783 0.15711799156414885 -0.07855899578207443 END 
START -0.22974358974358974 17.47965811965812 0.09572649572649572 0.6895734074204312 0.20949065541886513 -0.19203310080062638 END 
START 0.5169230769230769 17.556239316239317 -0.019145299145299145 0.9514367266940126 0.20076187810974577 -0.27059209658270084 END 
START 1.052991452991453 17.30735042735043 0.019145299145299145 1.1958424913493553 0.20076187810974577 -0.2793208738918202 END 
START 1.5507692307692307 16.962735042735044 0.1723076923076923 1.396604369459101 0.183304323491507 -0.24440576465534267 END 
START 2.1634188034188035 16.06290598290598 0.26803418803418805 1.7370266845147568 0.15711799156414885 -0.22694821003710391 END 
START 2.259145299145299 15.335384615384616 0.4403418803418803 1.8592295668424281 0.09601655040031319 -0.3142359831282977 END 
START 2.1442735042735044 14.569572649572649 0.6126495726495726 1.9988900037883384 0.026186331927358142 -0.296778428510059 END 
START 2.105982905982906 13.956923076923077 0.8423931623931624 2.1036353314977707 0 -0.2618633192735814 END 
START 2.105982905982906 13.248547008547009 0.7849572649572649 2.173465549970726 0.017457554618238762 -0.21821943272798452 END 
START 2.0485470085470086 12.750769230769231 0.6126495726495726 2.217109436516323 0.017457554618238762 -0.24440576465534267 END 
START 2.0485470085470086 11.965811965811966 0.3829059829059829 2.2345669911345616 -0.017457554618238762 -0.30550720581917834 END 
START 1.9336752136752138 11.104273504273504 0.2105982905982906 2.3043972096075165 -0.12220288232767133 -0.27059209658270084 END 
START 1.6273504273504273 10.453333333333333 0.09572649572649572 2.3393123188439944 -0.17457554618238763 -0.2793208738918202 END 
START 1.3210256410256411 9.649230769230769 0 2.321854764225755 -0.15711799156414885 -0.3142359831282977 END 
START 1.1678632478632478 8.74940170940171 -0.057435897435897436 2.2869396549892778 -0.10474532770943257 -0.2618633192735814 END 
START 0.7466666666666667 7.7155555555555555 -0.2105982905982906 2.243295768443681 -0.09601655040031319 -0.296778428510059 END 
START 0.26803418803418805 4.748034188034188 -0.650940170940171 2.0250763357156965 -0.07855899578207443 -0.3578798696738946 END 
START 0.03829059829059829 3.292991452991453 -0.918974358974359 1.8243144576059507 -0.017457554618238762 -0.3578798696738946 END 
START 0 1.8953846153846154 -1.3593162393162392 1.536264806405011 0.06110144116383567 -0.34915109236477526 END 
START 0.19145299145299144 0.6317948717948718 -1.991111111111111 1.1958424913493553 0.16584676887326824 -0.2356769873462233 END 
START 0.36376068376068377 -0.4211965811965812 -2.5846153846153848 0.8641489536028187 0.20076187810974577 -0.04364388654559691 END 
START 0.4211965811965812 -0.8998290598290598 -3.063247863247863 0.48881152931068533 0.17457554618238763 0.2618633192735814 END 
START 0.3829059829059829 -0.3446153846153846 -3.5993162393162392 0.2793208738918202 0.27059209658270084 0.48881152931068533 END 
