START 0.19145299145299144 9.649230769230769 -4.116239316239316 -0.5673705250927598 -0.20076187810974577 0.11347410501855196 END 
START -1.0147008547008547 10.836239316239316 -3.963076923076923 -0.296778428510059 -0.40152375621949155 0.38406620160125277 END 
START -1.7613675213675213 11.42974358974359 -3.80991452991453 -0.1483892142550295 -0.3229647604374171 0.2356769873462233 END 
START -2.508034188034188 11.544615384615385 -3.7333333333333334 0.008728777309119381 -0.20949065541886513 0.026186331927358142 END 
START -3.2355555555555555 11.716923076923077 -3.695042735042735 0.06110144116383567 0 -0.008728777309119381 END 
START -3.963076923076923 12.31042735042735 -3.9439316239316238 0.07855899578207443 0.16584676887326824 -0.07855899578207443 END 
START -4.499145299145299 12.99965811965812 -3.9439316239316238 0.24440576465534267 0.40152375621949155 -0.3578798696738946 END 
START -4.671452991452991 13.267692307692307 -3.8864957264957263 0.44516764276508847 0.663387075493073 -0.663387075493073 END 
START -4.518290598290598 13.19111111111111 -3.695042735042735 0.6372007435657149 0.9339791720757737 -0.9077928401484157 END 
START -4.154529914529914 12.808205128205127 -3.6567521367521367 0.733217293966028 1.1609273821128776 -0.9601655040031319 END 
START -3.5227350427350426 12.521025641025641 -3.6184615384615384 0.8117762897481025 1.4751633652411755 -0.916521617457535 END 
START -2.68034188034188 12.597606837606838 -3.6184615384615384 0.8816065082210575 1.7282979072056375 -1.0212669451669676 END 
START 0.28717948717948716 11.314871794871795 -3.407863247863248 1.0038093905487289 1.83304323491507 -1.579908692950608 END 
START 1.4933333333333334 10.376752136752136 -3.58017094017094 1.0038093905487289 1.8941446760789058 -1.5275360290958917 END 
START 2.68034188034188 9.496068376068376 -3.8864957264957263 0.9601655040031319 1.8941446760789058 -1.4577058106229366 END 
START 3.790769230769231 8.9791452991453 -3.963076923076923 0.8990640628392963 1.7893993483694732 -1.3704180375317427 END 
START 4.7671794871794875 8.577094017094018 -3.982222222222222 0.8030475124389831 1.69338279796916 -1.2656727098223102 END 
START 5.954188034188034 7.61982905982906 -4.173675213675214 0.6808446301113117 1.4751633652411755 -0.98635183593049 END 
START 6.145641025641026 7.17948717948718 -4.058803418803419 0.6459295208748342 1.3005878190587878 -0.7943187351298637 END 
START 5.896752136752137 6.873162393162393 -4.02051282051282 0.593556857020118 1.0823683863308033 -0.8117762897481025 END 
START 5.59042735042735 6.164786324786324 -3.790769230769231 0.5062690839289241 0.916521617457535 -0.8641489536028187 END 
START 5.1692307692307695 5.686153846153847 -3.7333333333333334 0.4102525335286109 0.8030475124389831 -0.8117762897481025 END 
START 4.690598290598291 5.188376068376068 -3.6376068376068376 0.3578798696738946 0.663387075493073 -0.7070309620386699 END 
START 3.2547008547008547 4.441709401709402 -3.292991452991453 0.09601655040031319 0.5586417477836404 -0.49754030661980475 END 
START 2.7186324786324785 4.097094017094017 -3.3504273504273505 -0.08728777309119382 0.5673705250927598 -0.549912970474521 END 
START 2.5463247863247864 3.561025641025641 -3.4652991452991455 -0.2793208738918202 0.5848280797109986 -0.593556857020118 END 
START 2.105982905982906 3.5035897435897434 -3.3504273504273505 -0.44516764276508847 0.549912970474521 -0.5324554158562822 END 
START 1.7996581196581196 3.4461538461538463 -3.1015384615384614 -0.5760993024018791 0.5149978612380435 -0.5760993024018791 END 
START 1.5124786324786326 3.2547008547008547 -2.8526495726495726 -0.7681324032025055 0.5062690839289241 -0.49754030661980475 END 
START 1.0147008547008547 3.2547008547008547 -2.5654700854700856 -0.9339791720757737 0.41898131083773027 -0.5149978612380435 END 
START 0.5169230769230769 3.427008547008547 -2.01025641025641 -1.1696561594219972 0.366608646983014 -0.5848280797109986 END 
START 0.15316239316239316 3.427008547008547 -1.9336752136752138 -1.3878755921499817 0.41898131083773027 -0.6546582981839536 END 
START -0.057435897435897436 3.178119658119658 -1.6464957264957265 -1.5886374702597275 0.49754030661980475 -0.40152375621949155 END 
START -0.40205128205128204 4.365128205128205 -0.9955555555555555 -1.7981281256785926 0.593556857020118 -0.16584676887326824 END 
START -0.5935042735042735 5.667008547008547 -0.28717948717948716 -2.269482100371039 0.5062690839289241 -0.6372007435657149 END 
START -0.8806837606837606 6.222222222222222 -0.4403418803418803 -2.470243978480785 0.593556857020118 -0.5149978612380435 END 
START -0.3446153846153846 7.734700854700855 -0.40205128205128204 -2.67973463389965 0.8292338443663412 -0.04364388654559691 END 
START 0.26803418803418805 10.415042735042736 -0.47863247863247865 -2.7757511842999634 0.8641489536028187 0.1483892142550295 END 
START 0.9381196581196581 13.21025641025641 -0.8423931623931624 -2.8281238481546795 0.7244885166569086 -0.1483892142550295 END 
START 1.435897435897436 15.258803418803419 -1.6082051282051282 -2.732107297754366 0.49754030661980475 -0.5848280797109986 END 
START 1.2827350427350428 15.90974358974359 -1.5124786324786326 -2.5051590877172623 0.21821943272798452 -0.6983021847295505 END 
START 0.8998290598290598 16.15863247863248 -0.9572649572649573 -2.2782108776801584 0.1309316596367907 -0.48008275200156597 END 
START 0.8041025641025641 17.115897435897438 -0.5360683760683761 -2.1385504407342486 0.06983021847295505 -0.34042231505565584 END 
START 0.8998290598290598 18.054017094017095 -0.057435897435897436 -2.016347558406577 0.034915109236477525 -0.38406620160125277 END 
START 0.8041025641025641 18.39863247863248 0.11487179487179487 -1.8155856802968313 0 -0.49754030661980475 END 
START 0.8232478632478633 18.092307692307692 0.4594871794871795 -1.5624511383323691 0.026186331927358142 -0.48008275200156597 END 
START 2.24 18.207179487179488 0.4211965811965812 -0.9601655040031319 0.15711799156414885 0.026186331927358142 END 
START 3.2164102564102564 18.322051282051284 0.1723076923076923 -0.663387075493073 0.17457554618238763 0.10474532770943257 END 
START 4.288547008547009 17.862564102564104 0.03829059829059829 -0.40152375621949155 0.07855899578207443 0.017457554618238762 END 
START 4.977777777777778 16.713846153846156 0.1723076923076923 -0.11347410501855196 -0.12220288232767133 -0.10474532770943257 END 
START 5.398974358974359 15.143931623931623 0.3829059829059829 0.1396604369459101 -0.296778428510059 -0.12220288232767133 END 
START 5.647863247863248 13.574017094017094 0.5552136752136753 0.296778428510059 -0.49754030661980475 -0.09601655040031319 END 
START 5.762735042735042 12.425299145299146 0.7849572649572649 0.3142359831282977 -0.6808446301113117 -0.09601655040031319 END 
START 5.781880341880342 11.88923076923077 1.0147008547008547 0.296778428510059 -0.8641489536028187 -0.09601655040031319 END 
START 5.743589743589744 11.582905982905983 1.2827350427350428 0.28804965120093956 -1.056182054403445 -0.034915109236477525 END 
START 5.456410256410257 11.276581196581196 1.5699145299145298 0.34042231505565584 -1.2656727098223102 0 END 
START 4.977777777777778 10.797948717948717 2.0294017094017094 0.38406620160125277 -1.4577058106229366 0.008728777309119381 END 
START 4.575726495726496 10.434188034188034 2.3357264957264956 0.366608646983014 -1.5624511383323691 0.034915109236477525 END 
START 3.8673504273504276 9.936410256410257 2.5846153846153848 0.3229647604374171 -1.8155856802968313 0.026186331927358142 END 
START 3.5227350427350426 9.687521367521368 2.6994871794871793 0.296778428510059 -1.9116022306971445 0.11347410501855196 END 
START 3.063247863247863 9.515213675213674 2.776068376068376 0.28804965120093956 -2.0250763357156965 0.22694821003710391 END 
START 2.5463247863247864 9.438632478632478 2.776068376068376 0.2618633192735814 -2.1210928861160094 0.3578798696738946 END 
START 1.8953846153846154 9.63008547008547 2.68034188034188 0.20949065541886513 -2.1909231045889648 0.4102525335286109 END 
START 1.2252991452991453 9.553504273504274 2.661196581196581 0.1396604369459101 -2.2258382138254422 0.43643886545596905 END 
START 0.26803418803418805 9.572649572649572 2.5846153846153848 0.034915109236477525 -2.2782108776801584 0.4102525335286109 END 
START -0.9381196581196581 9.687521367521368 2.393162393162393 -0.06110144116383567 -2.374227428080472 0.34042231505565584 END 
START -2.201709401709402 9.821538461538461 2.259145299145299 -0.1309316596367907 -2.4178713146260686 0.34042231505565584 END 
START -3.4652991452991455 10.185299145299146 2.01025641025641 -0.20076187810974577 -2.3043972096075165 0.4713539746924466 END 
START -4.614017094017094 10.740512820512821 1.9145299145299146 -0.22694821003710391 -2.1210928861160094 0.5324554158562822 END 
START -6.490256410256411 11.697777777777778 1.455042735042735 -0.28804965120093956 -1.6671964660418017 0.183304323491507 END 
START -6.854017094017094 11.736068376068376 1.0721367521367522 -0.27059209658270084 -1.4140619240773398 -0.017457554618238762 END 
START -7.026324786324786 11.87008547008547 0.7849572649572649 -0.17457554618238763 -1.0823683863308033 0.026186331927358142 END 
START -6.94974358974359 12.176410256410257 0.4211965811965812 -0.07855899578207443 -0.6895734074204312 0.1396604369459101 END 
START -6.375384615384616 12.54017094017094 -0.15316239316239316 -0.008728777309119381 -0.34915109236477526 0.07855899578207443 END 
START -5.36068376068376 12.712478632478632 -0.7466666666666667 0.09601655040031319 -0.10474532770943257 0.008728777309119381 END 
START -4.499145299145299 13.152820512820513 -1.187008547008547 0.16584676887326824 0.052372663854716284 0.008728777309119381 END 
START -3.4844444444444442 14.052649572649573 -1.7996581196581196 0.20076187810974577 0.22694821003710391 -0.052372663854716284 END 
START -2.0294017094017094 15.067350427350428 -2.0294017094017094 0.28804965120093956 0.39279497891037213 -0.026186331927358142 END 
START -0.7849572649572649 16.043760683760684 -2.3165811965811964 0.48008275200156597 0.44516764276508847 0.10474532770943257 END 
START 0.019145299145299145 16.867008547008545 -2.259145299145299 0.7681324032025055 0.4102525335286109 0.24440576465534267 END 
START 0.650940170940171 17.46051282051282 -1.8953846153846154 1.029995722476087 0.34915109236477526 0.11347410501855196 END 
START 1.6082051282051282 16.98188034188034 -1.34017094017094 1.4227907013864591 0.2793208738918202 -0.06110144116383567 END 
START 1.7422222222222221 16.445811965811966 -1.0721367521367522 1.6322813568053243 0.25313454196446206 0.008728777309119381 END 
START 1.8570940170940171 15.967179487179488 -0.8806837606837606 1.8679583441515475 0.21821943272798452 0.16584676887326824 END 
START 1.837948717948718 15.411965811965812 -0.67008547008547 2.0076187810974577 0.17457554618238763 0.1309316596367907 END 
START 1.8570940170940171 14.58871794871795 -0.47863247863247865 2.0774489995704126 0.11347410501855196 -0.026186331927358142 END 
START 1.8570940170940171 13.688888888888888 -0.5360683760683761 2.1385504407342486 0.10474532770943257 -0.06110144116383567 END 
START 1.7996581196581196 12.827350427350428 -0.5360683760683761 2.2258382138254422 0.07855899578207443 -0.008728777309119381 END 
START 1.6847863247863248 11.984957264957265 -0.40205128205128204 2.321854764225755 0 0.026186331927358142 END 
START 1.3784615384615384 10.970256410256411 -0.2105982905982906 2.382956205389591 -0.034915109236477525 0.008728777309119381 END 
START 1.1295726495726495 9.457777777777778 -0.15316239316239316 2.3654986507713525 -0.06983021847295505 -0.09601655040031319 END 
START 0.7466666666666667 7.466666666666667 -0.15316239316239316 2.295668432298397 -0.1483892142550295 -0.22694821003710391 END 
START 0.4594871794871795 5.667008547008547 -0.2105982905982906 2.1385504407342486 -0.15711799156414885 -0.183304323491507 END 
START 0.5360683760683761 2.4505982905982906 -0.5169230769230769 1.483892142550295 -0.017457554618238762 -0.06110144116383567 END 
START 0.3063247863247863 1.5507692307692307 -1.0912820512820514 1.029995722476087 0.09601655040031319 0 END 
START 0.6126495726495726 1.0721367521367522 -1.8570940170940171 0.7157597393477892 0.15711799156414885 -0.07855899578207443 END 
START 0.7275213675213675 0.7083760683760684 -2.393162393162393 0.6110144116383567 0.19203310080062638 0.11347410501855196 END 
