START 2.105982905982906 9.094017094017094 -3.9056410256410254 -0.4626251973833272 -0.4277100881468497 0.4626251973833272 END 
START 2.105982905982906 9.017435897435897 -3.7141880341880342 -0.4713539746924466 -0.593556857020118 0.593556857020118 END 
START 1.7805128205128204 9.017435897435897 -3.2355555555555555 -0.45389642007420783 -0.48008275200156597 0.7419460712751474 END 
START 0.22974358974358974 9.572649572649572 -3.005811965811966 -0.39279497891037213 -0.3316935377465365 0.44516764276508847 END 
START -0.47863247863247865 9.85982905982906 -2.890940170940171 -0.3229647604374171 -0.28804965120093956 0.296778428510059 END 
START -1.4167521367521367 10.281025641025641 -2.5846153846153848 -0.27059209658270084 -0.2793208738918202 0.1483892142550295 END 
START -2.6420512820512823 10.75965811965812 -2.374017094017094 -0.19203310080062638 -0.22694821003710391 0 END 
START -3.5227350427350426 11.104273504273504 -2.201709401709402 -0.1396604369459101 -0.017457554618238762 -0.20949065541886513 END 
START -4.03965811965812 11.2 -2.5846153846153848 -0.12220288232767133 0.11347410501855196 -0.4277100881468497 END 
START -4.441709401709402 11.085128205128205 -2.68034188034188 -0.008728777309119381 0.2356769873462233 -0.38406620160125277 END 
START -4.958632478632478 11.678632478632478 -2.5463247863247864 0.07855899578207443 0.49754030661980475 -0.24440576465534267 END 
START -5.0543589743589745 12.387008547008547 -2.5654700854700856 0.11347410501855196 0.7943187351298637 -0.5062690839289241 END 
START -4.499145299145299 12.367863247863248 -2.6420512820512823 0.17457554618238763 1.056182054403445 -0.7419460712751474 END 
START -3.9439316239316238 12.004102564102563 -2.603760683760684 0.2793208738918202 1.2569439325131908 -0.7594036258933862 END 
START -3.3312820512820513 11.965811965811966 -2.5654700854700856 0.3753374242921334 1.466434587932056 -0.733217293966028 END 
START -1.3593162393162392 12.272136752136753 -2.622905982905983 0.3753374242921334 1.7195691298965181 -1.213300045967594 END 
START -0.650940170940171 11.563760683760684 -2.488888888888889 0.4102525335286109 1.7370266845147568 -1.352960482913504 END 
START -0.22974358974358974 10.72136752136752 -2.220854700854701 0.40152375621949155 1.7282979072056375 -1.4315194786955785 END 
START 0.40205128205128204 10.261880341880342 -1.9528205128205127 0.38406620160125277 1.7981281256785926 -1.213300045967594 END 
START 1.0912820512820514 10.75965811965812 -1.8570940170940171 0.3578798696738946 1.9552461172427413 -1.0125381678578482 END 
START 1.8762393162393163 11.065982905982906 -1.8953846153846154 0.3578798696738946 2.0250763357156965 -1.029995722476087 END 
START 2.393162393162393 10.836239316239316 -1.991111111111111 0.34915109236477526 1.9290597853153832 -1.1085547182581614 END 
START 3.082393162393162 10.07042735042735 -2.105982905982906 0.40152375621949155 1.8592295668424281 -1.073639609021684 END 
START 3.561025641025641 9.706666666666667 -2.086837606837607 0.39279497891037213 1.8592295668424281 -0.8292338443663412 END 
START 4.03965811965812 9.821538461538461 -2.0485470085470086 0.3229647604374171 1.7893993483694732 -0.7506748485842668 END 
START 4.633162393162393 10.012991452991454 -2.220854700854701 0.28804965120093956 1.6410101341144436 -0.8117762897481025 END 
START 4.996923076923077 9.84068376068376 -2.6420512820512823 0.2793208738918202 1.4577058106229366 -0.8816065082210575 END 
START 4.958632478632478 8.50051282051282 -2.603760683760684 0.24440576465534267 1.0910971636399227 -0.7244885166569086 END 
START 4.92034188034188 7.964444444444444 -2.7377777777777776 0.1483892142550295 0.9339791720757737 -0.5848280797109986 END 
START 4.8820512820512825 7.7155555555555555 -2.9292307692307693 0.06983021847295505 0.7594036258933862 -0.41898131083773027 END 
START 4.633162393162393 7.753846153846154 -2.9292307692307693 0.008728777309119381 0.593556857020118 -0.30550720581917834 END 
START 4.154529914529914 7.696410256410257 -2.890940170940171 -0.04364388654559691 0.41898131083773027 -0.296778428510059 END 
START 3.5993162393162392 7.447521367521367 -2.661196581196581 -0.052372663854716284 0.24440576465534267 -0.296778428510059 END 
START 2.986666666666667 7.026324786324786 -2.5463247863247864 -0.09601655040031319 0.12220288232767133 -0.25313454196446206 END 
START 2.393162393162393 6.413675213675214 -2.1442735042735044 -0.1396604369459101 0.07855899578207443 -0.20949065541886513 END 
START 1.5316239316239315 6.164786324786324 -1.7230769230769232 -0.27059209658270084 0.052372663854716284 -0.27059209658270084 END 
START 1.052991452991453 5.628717948717949 -1.3976068376068376 -0.49754030661980475 0.026186331927358142 -0.4102525335286109 END 
START 0.5743589743589743 5.456410256410257 -1.2827350427350428 -0.5760993024018791 0.04364388654559691 -0.38406620160125277 END 
START 0.22974358974358974 4.7671794871794875 -0.8615384615384616 -0.8117762897481025 0.17457554618238763 -0.21821943272798452 END 
START -0.09572649572649572 5.322393162393162 -0.8423931623931624 -1.0038093905487289 0.183304323491507 0.026186331927358142 END 
START -0.4403418803418803 5.915897435897436 -0.7466666666666667 -1.213300045967594 0.1309316596367907 -0.3229647604374171 END 
START -0.5169230769230769 5.992478632478632 -0.8998290598290598 -1.4751633652411755 0.10474532770943257 -0.593556857020118 END 
START -0.6317948717948718 6.298803418803419 -0.8806837606837606 -1.5886374702597275 0.08728777309119382 -0.5149978612380435 END 
START -0.67008547008547 6.815726495726496 -0.49777777777777776 -1.510078474477653 0.026186331927358142 -0.25313454196446206 END 
START -0.5552136752136753 7.7155555555555555 0 -1.5013496971685336 0.09601655040031319 0.2356769873462233 END 
START -1.0912820512820514 9.725811965811966 -0.07658119658119658 -1.7981281256785926 0.1483892142550295 0.2618633192735814 END 
START -0.9572649572649573 10.549059829059829 0.057435897435897436 -2.1210928861160094 0.04364388654559691 -0.40152375621949155 END 
START -0.918974358974359 11.085128205128205 0.26803418803418805 -2.1647367726616067 0.026186331927358142 -0.45389642007420783 END 
START -1.0721367521367522 12.233846153846153 0.36376068376068377 -2.11236410880689 0.09601655040031319 -0.28804965120093956 END 
START -0.5360683760683761 13.574017094017094 0.15316239316239316 -1.9639748945518607 0.183304323491507 -0.026186331927358142 END 
START -0.15316239316239316 16.828717948717948 0.36376068376068377 -1.6322813568053243 0.09601655040031319 0.06983021847295505 END 
START 0.4594871794871795 17.47965811965812 0.4211965811965812 -1.5188072517867723 0.052372663854716284 -0.2793208738918202 END 
START 1.1678632478632478 17.728547008547007 0.47863247863247865 -1.2307576005858327 0.04364388654559691 -0.28804965120093956 END 
START 1.8953846153846154 17.613675213675215 0.47863247863247865 -0.8205050670572218 0.052372663854716284 -0.06983021847295505 END 
START 2.488888888888889 17.364786324786326 0.5743589743589743 -0.5062690839289241 0.008728777309119381 0.11347410501855196 END 
START 3.0441025641025643 16.886153846153846 0.7658119658119658 -0.34042231505565584 -0.10474532770943257 -0.09601655040031319 END 
START 3.561025641025641 15.928888888888888 0.6892307692307692 -0.3142359831282977 -0.2618633192735814 -0.20949065541886513 END 
START 3.8673504273504276 15.316239316239317 0.6892307692307692 -0.20076187810974577 -0.3753374242921334 -0.183304323491507 END 
START 4.03965811965812 14.703589743589744 0.7658119658119658 -0.034915109236477525 -0.45389642007420783 0.026186331927358142 END 
START 4.097094017094017 14.454700854700855 0.7083760683760684 0.20949065541886513 -0.5673705250927598 0.21821943272798452 END 
START 3.7141880341880342 13.037948717948717 1.2061538461538461 0.48881152931068533 -1.056182054403445 -0.1309316596367907 END 
START 2.91008547008547 11.334017094017094 1.5507692307692307 0.549912970474521 -1.352960482913504 -0.06983021847295505 END 
START 2.7186324786324785 10.855384615384615 1.6847863247863248 0.5324554158562822 -1.3878755921499817 0.183304323491507 END 
START 2.4314529914529914 10.912820512820513 1.6273504273504273 0.549912970474521 -1.466434587932056 0.27059209658270084 END 
START 2.3548717948717948 10.663931623931624 1.4933333333333334 0.5324554158562822 -1.675925243350921 0.1396604369459101 END 
START 2.24 10.185299145299146 1.435897435897436 0.5149978612380435 -1.8243144576059507 0.183304323491507 END 
START 1.8953846153846154 9.821538461538461 1.3976068376068376 0.45389642007420783 -1.9290597853153832 0.3229647604374171 END 
START 1.5507692307692307 9.572649572649572 1.3976068376068376 0.39279497891037213 -1.97270367186098 0.49754030661980475 END 
START 1.2252991452991453 9.438632478632478 1.301880341880342 0.3578798696738946 -1.990161226479219 0.7244885166569086 END 
START 0.5935042735042735 9.63008547008547 1.3210256410256411 0.296778428510059 -2.0076187810974577 0.8728777309119381 END 
START -0.15316239316239316 9.936410256410257 1.2635897435897436 0.08728777309119382 -2.1647367726616067 0.619743188947476 END 
START -0.8998290598290598 9.764102564102565 1.3593162393162392 -0.07855899578207443 -2.313125986916636 0.4102525335286109 END 
START -3.063247863247863 10.376752136752136 1.2635897435897436 -0.20076187810974577 -2.1821943272798454 0.549912970474521 END 
START -3.6376068376068376 10.817094017094018 1.2827350427350428 -0.20076187810974577 -1.9639748945518607 0.6459295208748342 END 
START -4.077948717948718 11.238290598290599 1.1487179487179486 -0.17457554618238763 -1.7981281256785926 0.5848280797109986 END 
START -4.154529914529914 11.353162393162393 1.187008547008547 -0.11347410501855196 -1.6322813568053243 0.45389642007420783 END 
START -4.3076923076923075 11.353162393162393 1.1678632478632478 -0.08728777309119382 -1.396604369459101 0.3753374242921334 END 
START -4.269401709401709 11.161709401709402 1.0338461538461539 -0.06110144116383567 -1.1696561594219972 0.296778428510059 END 
START -4.269401709401709 11.046837606837606 0.9572649572649573 -0.07855899578207443 -0.916521617457535 0.2618633192735814 END 
START -4.231111111111111 11.104273504273504 0.650940170940171 -0.11347410501855196 -0.6721158528021923 0.20949065541886513 END 
START -4.097094017094017 11.506324786324786 0.40205128205128204 -0.11347410501855196 -0.5149978612380435 -0.008728777309119381 END 
START -3.695042735042735 11.678632478632478 0.24888888888888888 -0.06983021847295505 -0.34915109236477526 -0.1309316596367907 END 
START -3.2547008547008547 11.984957264957265 0 0 -0.12220288232767133 -0.052372663854716284 END 
START -2.68034188034188 12.597606837606838 -0.3063247863247863 0.06110144116383567 0.06983021847295505 0.09601655040031319 END 
START -1.2827350427350428 15.201367521367521 -1.455042735042735 0.17457554618238763 0.30550720581917834 -0.1396604369459101 END 
START -0.26803418803418805 16.043760683760684 -1.7996581196581196 0.41898131083773027 0.30550720581917834 -0.20076187810974577 END 
START 0.2105982905982906 16.752136752136753 -1.7613675213675213 0.7419460712751474 0.2356769873462233 -0.12220288232767133 END 
START 0.5169230769230769 17.00102564102564 -1.589059829059829 1.0125381678578482 0.20949065541886513 -0.1309316596367907 END 
START 0.7849572649572649 16.752136752136753 -1.4741880341880342 1.2744014871314298 0.2618633192735814 -0.034915109236477525 END 
START 0.918974358974359 16.675555555555555 -1.34017094017094 1.4577058106229366 0.34042231505565584 0.06983021847295505 END 
START 1.0721367521367522 16.503247863247864 -1.187008547008547 1.5886374702597275 0.3229647604374171 -0.034915109236477525 END 
START 1.435897435897436 16.13948717948718 -1.1104273504273505 1.7544842391329956 0.34042231505565584 -0.017457554618238762 END 
START 1.4933333333333334 15.775726495726495 -1.1487179487179486 1.97270367186098 0.3229647604374171 -0.017457554618238762 END 
START 1.4933333333333334 14.818461538461538 -1.052991452991453 2.1560079953524873 0.2618633192735814 -0.04364388654559691 END 
START 1.3784615384615384 13.727179487179487 -0.8232478632478633 2.3043972096075165 0.25313454196446206 0.008728777309119381 END 
START 1.052991452991453 11.142564102564103 -0.40205128205128204 2.40041376000783 0.16584676887326824 -0.09601655040031319 END 
START 0.918974358974359 9.457777777777778 -0.26803418803418805 2.356769873462233 0.1483892142550295 -0.20949065541886513 END 
START 0.8041025641025641 7.6581196581196584 -0.26803418803418805 2.243295768443681 0.09601655040031319 -0.2356769873462233 END 
START 0.6317948717948718 5.973333333333334 -0.07658119658119658 2.016347558406577 0.10474532770943257 -0.22694821003710391 END 
START 0.28717948717948716 4.575726495726496 -0.26803418803418805 1.6671964660418017 0.17457554618238763 -0.17457554618238763 END 
START 0.3446153846153846 3.292991452991453 -0.5935042735042735 1.466434587932056 0.19203310080062638 -0.28804965120093956 END 
