START -1.6656410256410257 0 -3.1398290598290597 0.4277100881468497 -0.07855899578207443 -0.25313454196446206 END 
START -1.837948717948718 -0.7658119658119658 -3.273846153846154 0.25313454196446206 -0.026186331927358142 -0.2356769873462233 END 
START -2.278290598290598 -1.5507692307692307 -3.1015384615384614 0.10474532770943257 0 -0.034915109236477525 END 
START -2.8143589743589743 -1.703931623931624 -2.8143589743589743 -0.1483892142550295 0.2793208738918202 0.2356769873462233 END 
START -2.91008547008547 -1.2635897435897436 -2.776068376068376 -0.5411841931654017 0.6808446301113117 0.19203310080062638 END 
START -2.890940170940171 -0.7275213675213675 -2.795213675213675 -0.8816065082210575 1.0212669451669676 -0.17457554618238763 END 
START -2.4505982905982906 -0.4211965811965812 -2.7186324786324785 -1.1434698274946389 1.1521986048037582 -0.5760993024018791 END 
START -2.220854700854701 -0.3063247863247863 -2.603760683760684 -1.2569439325131908 1.1958424913493553 -0.7070309620386699 END 
START -2.5846153846153848 -0.19145299145299144 -2.2974358974358973 -1.4053331467682204 1.2482151552040714 -0.593556857020118 END 
START -3.024957264957265 0.5552136752136753 -1.703931623931624 -1.7021115752782794 1.4926209198594143 -0.48881152931068533 END 
START -3.2355555555555555 1.9145299145299146 -1.1104273504273505 -2.016347558406577 1.7457554618238762 -0.8379626216754605 END 
START -3.427008547008547 2.756923076923077 -0.4211965811965812 -2.3305835415348746 1.8243144576059507 -1.4577058106229366 END 
START -3.3504273504273505 3.2547008547008547 1.1104273504273505 -2.732107297754366 2.086177776879532 -1.073639609021684 END 
START -2.8335042735042735 5.341538461538462 2.3357264957264956 -2.9590555077914704 2.40041376000783 -0.366608646983014 END 
START -2.105982905982906 8.577094017094018 2.8143589743589743 -3.1685461632103356 2.583718083499337 -0.45389642007420783 END 
START -1.3976068376068376 10.836239316239316 3.005811965811966 -3.273291490919768 2.5313454196446203 -1.1434698274946389 END 
START -1.0338461538461539 11.755213675213675 3.9247863247863246 -3.2907490455380066 2.5051590877172623 -1.4751633652411755 END 
START 0.36376068376068377 13.803760683760684 4.556581196581196 -3.351850486701842 2.653548301972292 -1.2045712686584746 END 
START 3.082393162393162 16.943589743589744 4.25025641025641 -3.38676559593832 2.8804965120093957 -0.8117762897481025 END 
START 5.60957264957265 19.738803418803418 3.7333333333333334 -3.09871594473738 2.7757511842999634 -0.619743188947476 END 
START 6.815726495726496 21.615042735042735 3.8482051282051284 -2.7582936296817246 2.4440576465534267 -0.6022856343292373 END 
START 8.404786324786325 24.046495726495728 3.8482051282051284 -2.4440576465534267 2.269482100371039 -0.5062690839289241 END 
START 10.204444444444444 26.43965811965812 3.292991452991453 -2.0076187810974577 2.147279218043368 -0.27059209658270084 END 
START 13.554871794871795 30.747350427350426 2.1634188034188035 -0.8379626216754605 1.9028734533880252 1.0474532770943257 END 
START 14.78017094017094 32.24068376068376 1.5507692307692307 0.08728777309119382 1.5537223610232498 1.6846540206600407 END 
START 15.545982905982905 32.355555555555554 1.1295726495726495 1.073639609021684 1.1609273821128776 1.990161226479219 END 
START 15.029059829059829 30.575042735042736 0.8806837606837606 1.9377885626245026 0.6284719662565954 1.7457554618238762 END 
START 13.535726495726495 27.16717948717949 1.2061538461538461 2.5924468608084563 0.09601655040031319 1.3093165963679072 END 
START 11.563760683760684 23.77846153846154 1.6847863247863248 3.020156948955306 -0.24440576465534267 1.073639609021684 END 
START 9.725811965811966 20.676923076923078 2.201709401709402 3.325664154774484 -0.5411841931654017 0.8990640628392963 END 
START 8.194188034188034 17.651965811965812 2.7377777777777776 3.552612364811588 -0.7768611805116249 0.9252503947666544 END 
START 6.279658119658119 14.933333333333334 3.1398290598290597 3.6573576925210207 -0.9776230586213707 0.8816065082210575 END 
START 4.441709401709402 12.425299145299146 4.001367521367522 3.6748152471392594 -1.1696561594219972 0.5411841931654017 END 
START 2.890940170940171 9.515213675213674 4.671452991452991 3.6049850286663045 -1.1783849367311166 0.30550720581917834 END 
START 1.7805128205128204 6.796581196581196 4.7671794871794875 3.4391382597930362 -1.073639609021684 0.3229647604374171 END 
START 1.187008547008547 2.24 3.7524786324786326 2.8019375162273215 -0.8728777309119381 0.4626251973833272 END 
START 1.301880341880342 0.5169230769230769 3.158974358974359 2.5138878650263816 -0.8903352855301769 0.44516764276508847 END 
START 1.5699145299145298 -1.1295726495726495 2.661196581196581 2.1560079953524873 -0.8379626216754605 0.5062690839289241 END 
START 1.7996581196581196 -2.259145299145299 2.086837606837607 1.7370266845147568 -0.7855899578207443 0.6372007435657149 END 
START 2.0294017094017094 -3.005811965811966 1.4167521367521367 1.3355029282952653 -0.733217293966028 0.6721158528021923 END 
START 2.201709401709402 -3.427008547008547 0.8041025641025641 0.9776230586213707 -0.6895734074204312 0.5411841931654017 END 
START 2.4505982905982906 -3.8482051282051284 0.3063247863247863 0.6546582981839536 -0.6983021847295505 0.2793208738918202 END 
START 2.756923076923077 -4.441709401709402 -0.019145299145299145 0.25313454196446206 -0.7157597393477892 0.17457554618238763 END 
START 2.756923076923077 -4.690598290598291 -0.1723076923076923 -0.15711799156414885 -0.7157597393477892 0.1309316596367907 END 
START 2.6994871794871793 -4.748034188034188 -0.3829059829059829 -0.5586417477836404 -0.6372007435657149 0.12220288232767133 END 
START 2.5654700854700856 -4.441709401709402 -0.5743589743589743 -0.8990640628392963 -0.549912970474521 0.12220288232767133 END 
START 2.508034188034188 -4.25025641025641 -0.4594871794871795 -1.187113714040236 -0.5673705250927598 0.06110144116383567 END 
START 3.561025641025641 -3.3695726495726497 0.03829059829059829 -1.946517339933622 -0.4277100881468497 -0.034915109236477525 END 
START 4.173675213675214 -2.871794871794872 0.22974358974358974 -2.3480410961531137 -0.5062690839289241 -0.2356769873462233 END 
START 4.345982905982906 -2.4697435897435898 0.5169230769230769 -2.6710058565905306 -0.6459295208748342 -0.3578798696738946 END 
START 4.173675213675214 -1.7996581196581196 1.5699145299145298 -2.9852418397188285 -0.7943187351298637 -0.41898131083773027 END 
START 3.7141880341880342 -0.8232478632478633 3.1206837606837605 -3.38676559593832 -0.916521617457535 -0.48881152931068533 END 
START 3.2355555555555555 0.5935042735042735 4.843760683760684 -3.8057469067760503 -1.0125381678578482 -0.5237266385471628 END 
START 2.5846153846153848 2.4314529914529914 6.203076923076923 -4.277100881468497 -1.099825940949042 -0.45389642007420783 END 
START 1.5124786324786326 5.0543589743589745 6.815726495726496 -4.748454856160944 -1.2656727098223102 -0.4102525335286109 END 
START 0.4403418803418803 9.113162393162392 7.3709401709401705 -5.280910272017225 -1.3791468148408623 -0.3142359831282977 END 
START -0.3829059829059829 16.06290598290598 7.926153846153846 -5.586417477836404 -1.4489770333138172 -0.19203310080062638 END 
START -1.4741880341880342 23.45299145299145 8.28991452991453 -5.245995162780748 -1.5188072517867723 -0.34915109236477526 END 
START -2.8143589743589743 28.373333333333335 8.117606837606838 -4.3818462091779296 -1.5449935837141304 -0.7070309620386699 END 
START -4.518290598290598 29.196581196581196 5.035213675213675 -2.4615152011716654 -1.1609273821128776 -1.4140619240773398 END 
START -3.8673504273504276 27.07145299145299 3.7524786324786326 -1.7719417937512343 -0.8117762897481025 -1.1958424913493553 END 
START -2.1825641025641027 25.55897435897436 2.4123076923076923 -1.213300045967594 -0.39279497891037213 -0.5149978612380435 END 
START -0.22974358974358974 24.41025641025641 1.3976068376068376 -0.663387075493073 -0.15711799156414885 0 END 
START 1.1487179487179486 23.28068376068376 0.6892307692307692 -0.1483892142550295 -0.11347410501855196 0 END 
