START -1.1487179487179486 3.158974358974359 -7.0837606837606835 -0.19203310080062638 0.20076187810974577 0.98635183593049 END 
START -1.4741880341880342 3.5035897435897434 -6.375384615384616 -0.12220288232767133 0.17457554618238763 0.8728777309119381 END 
START -2.125128205128205 3.675897435897436 -5.60957264957265 -0.008728777309119381 0.34042231505565584 0.7419460712751474 END 
START -2.6994871794871793 3.7333333333333334 -5.37982905982906 0 0.593556857020118 0.7419460712751474 END 
START -2.986666666666667 4.03965811965812 -4.862905982905983 0 0.8641489536028187 0.7506748485842668 END 
START -3.5418803418803417 4.8246153846153845 -3.9056410256410254 -0.008728777309119381 1.1260122728764002 0.6459295208748342 END 
START -4.3076923076923075 5.207521367521368 -3.024957264957265 -0.06110144116383567 1.2569439325131908 0.20949065541886513 END 
START -4.8820512820512825 4.690598290598291 -2.4123076923076923 -0.1309316596367907 1.536264806405011 -0.24440576465534267 END 
START -5.0543589743589745 4.02051282051282 -2.278290598290598 -0.17457554618238763 2.0076187810974577 -0.3229647604374171 END 
START -4.748034188034188 3.982222222222222 -1.991111111111111 -0.17457554618238763 2.4440576465534267 -0.17457554618238763 END 
START -4.02051282051282 4.097094017094017 -1.3784615384615384 -0.1396604369459101 2.7757511842999634 0.034915109236477525 END 
START -3.6376068376068376 4.460854700854701 -0.7083760683760684 -0.09601655040031319 3.0026993943370672 0.06983021847295505 END 
START -2.8335042735042735 4.614017094017094 0.6892307692307692 -0.16584676887326824 3.866848347939886 -0.22694821003710391 END 
START -0.9955555555555555 4.92034188034188 0.9381196581196581 -0.3229647604374171 4.399303763796168 -0.2793208738918202 END 
START 1.9145299145299146 5.724444444444444 0.5935042735042735 -0.4713539746924466 4.748454856160944 -0.366608646983014 END 
START 4.460854700854701 6.988034188034188 0.057435897435897436 -0.6022856343292373 4.704810969615346 -0.663387075493073 END 
START 6.413675213675214 7.6006837606837605 -0.1723076923076923 -0.6284719662565954 4.495320314196482 -1.0387244997852063 END 
START 8.902564102564103 8.443076923076923 0.019145299145299145 -0.7157597393477892 4.469133982269123 -1.213300045967594 END 
START 12.57846153846154 9.610940170940172 -0.3446153846153846 -0.8205050670572218 4.4516764276508844 -1.4227907013864591 END 
START 15.948034188034187 10.491623931623932 -1.052991452991453 -0.8554201762936994 4.1374404445225865 -1.6322813568053243 END 
START 18.07316239316239 11.065982905982906 -1.1295726495726495 -0.7943187351298637 3.52642603288423 -1.7893993483694732 END 
START 19.413333333333334 11.334017094017094 -0.7849572649572649 -0.7157597393477892 3.0114281716461866 -1.7544842391329956 END 
START 20.447179487179486 11.506324786324786 -0.26803418803418805 -0.6459295208748342 2.6186331927358144 -1.483892142550295 END 
START 21.32786324786325 11.831794871794871 0 -0.5848280797109986 2.2083806592072035 -1.1783849367311166 END 
START 21.863931623931624 11.697777777777778 0.11487179487179487 -0.3753374242921334 1.2831302644405491 -1.0910971636399227 END 
START 21.92136752136752 10.702222222222222 0.03829059829059829 -0.2356769873462233 0.8205050670572218 -0.84669139898458 END 
START 21.653333333333332 9.553504273504274 0.19145299145299144 -0.08728777309119382 0.3316935377465365 -0.38406620160125277 END 
START 20.887521367521366 8.404786324786325 0.36376068376068377 0.017457554618238762 -0.07855899578207443 0.1309316596367907 END 
START 19.834529914529913 7.504957264957265 0.3254700854700855 0.08728777309119382 -0.5324554158562822 0.49754030661980475 END 
START 18.34119658119658 6.911452991452991 0.40205128205128204 0.052372663854716284 -1.0649108317125644 0.48008275200156597 END 
START 16.732991452991453 6.356239316239316 0.8232478632478633 -0.09601655040031319 -1.623552579496205 0.1396604369459101 END 
START 15.297094017094016 5.667008547008547 1.187008547008547 -0.2618633192735814 -2.042533890333935 -0.06110144116383567 END 
START 13.688888888888888 5.36068376068376 1.435897435897436 -0.3578798696738946 -2.4353288692443074 -0.06110144116383567 END 
START 11.908376068376068 5.15008547008547 1.8762393162393163 -0.4277100881468497 -2.7233785204452468 0.017457554618238762 END 
START 10.166153846153847 5.264957264957265 2.0294017094017094 -0.5062690839289241 -2.915411621245873 0.052372663854716284 END 
START 8.347350427350428 5.475555555555555 2.086837606837607 -0.7244885166569086 -3.177274940519455 -0.20076187810974577 END 
START 7.6006837606837605 5.36068376068376 1.8570940170940171 -0.8292338443663412 -3.3343929320836034 -0.34915109236477526 END 
START 6.643418803418803 5.36068376068376 1.837948717948718 -0.9427079493848932 -3.4740533690295137 -0.4102525335286109 END 
START 5.552136752136752 5.226666666666667 1.6656410256410257 -1.056182054403445 -3.508968478265991 -0.3316935377465365 END 
START 4.269401709401709 5.398974358974359 1.3784615384615384 -1.1696561594219972 -3.4653245917203943 -0.1483892142550295 END 
START 3.063247863247863 5.82017094017094 1.34017094017094 -1.2744014871314298 -3.4653245917203943 -0.1483892142550295 END 
START 1.9145299145299146 6.107350427350427 1.4741880341880342 -1.4402482560046979 -3.3954943732474394 -0.21821943272798452 END 
START 0.6892307692307692 6.337094017094017 1.435897435897436 -1.5886374702597275 -3.2820202682288873 -0.27059209658270084 END 
START -0.36376068376068377 6.279658119658119 1.1295726495726495 -1.7195691298965181 -3.089987167428261 -0.06110144116383567 END 
START -1.1487179487179486 6.739145299145299 0.6317948717948718 -1.7893993483694732 -2.810666293536441 0.25313454196446206 END 
START -1.6847863247863248 7.5432478632478634 0.3254700854700855 -1.8505007895333088 -2.5749893061902176 0.4102525335286109 END 
START -1.9528205128205127 8.462222222222222 -0.2105982905982906 -1.8854158987697864 -2.313125986916636 0.25313454196446206 END 
START -1.5507692307692307 9.63008547008547 -1.3210256410256411 -1.990161226479219 -1.8679583441515475 -0.41898131083773027 END 
START -1.3210256410256411 10.625641025641025 -2.086837606837607 -1.9552461172427413 -1.6846540206600407 -0.4626251973833272 END 
START -1.4167521367521367 12.176410256410257 -3.082393162393162 -1.7893993483694732 -1.5973662475688468 -0.43643886545596905 END 
START -1.3976068376068376 13.382564102564103 -4.001367521367522 -1.5711799156414885 -1.4751633652411755 -0.5149978612380435 END 
START -1.3976068376068376 14.282393162393163 -4.1928205128205125 -1.3791468148408623 -1.3005878190587878 -0.5760993024018791 END 
START -1.7996581196581196 15.354529914529914 -4.403418803418804 -1.187113714040236 -1.0125381678578482 -0.4713539746924466 END 
START -2.0294017094017094 16.503247863247864 -4.805470085470086 -0.9514367266940126 -0.7070309620386699 -0.4626251973833272 END 
START -1.7805128205128204 17.383931623931623 -5.2841025641025645 -0.6808446301113117 -0.44516764276508847 -0.5237266385471628 END 
START -1.455042735042735 17.728547008547007 -5.494700854700855 -0.366608646983014 -0.2618633192735814 -0.4626251973833272 END 
START -1.703931623931624 17.824273504273503 -5.724444444444444 -0.026186331927358142 -0.12220288232767133 -0.3578798696738946 END 
START -2.105982905982906 17.556239316239317 -5.456410256410257 0.2618633192735814 0.052372663854716284 -0.296778428510059 END 
START -2.3165811965811964 17.173333333333332 -5.303247863247863 0.549912970474521 0.40152375621949155 -0.08728777309119382 END 
START -1.4933333333333334 16.656410256410258 -5.035213675213675 1.1172834955672808 1.0038093905487289 0.09601655040031319 END 
START -0.8423931623931624 16.216068376068375 -4.862905982905983 1.396604369459101 1.1958424913493553 0.25313454196446206 END 
START -0.03829059829059829 16.13948717948718 -4.6523076923076925 1.623552579496205 1.3093165963679072 0.27059209658270084 END 
START 1.0147008547008547 15.756581196581196 -4.365128205128205 1.8243144576059507 1.483892142550295 0.25313454196446206 END 
START 2.0485470085470086 15.68 -4.1928205128205125 2.016347558406577 1.5886374702597275 0.296778428510059 END 
START 3.1398290598290597 15.316239316239317 -4.001367521367522 2.199651881898084 1.6148238021870855 0.30550720581917834 END 
START 4.3076923076923075 14.627008547008547 -3.8290598290598292 2.40041376000783 1.579908692950608 0.48008275200156597 END 
START 5.781880341880342 14.11008547008547 -3.695042735042735 2.6186331927358144 1.5013496971685336 0.6546582981839536 END 
START 7.16034188034188 13.612307692307692 -3.427008547008547 2.7582936296817246 1.3704180375317427 0.6808446301113117 END 
START 8.155897435897437 12.903931623931625 -2.9483760683760685 2.906682843936754 1.1696561594219972 0.6110144116383567 END 
START 8.328205128205129 12.023247863247864 -2.603760683760684 2.9852418397188285 0.8903352855301769 0.45389642007420783 END 
START 7.9452991452991455 9.993846153846153 -1.3210256410256411 3.09871594473738 0.44516764276508847 0.17457554618238763 END 
START 7.447521367521367 8.806837606837608 -1.187008547008547 3.1685461632103356 0.28804965120093956 0.16584676887326824 END 
START 7.141196581196581 7.6581196581196584 -0.918974358974359 3.1860037178285743 0.12220288232767133 0.17457554618238763 END 
START 6.834871794871795 6.528547008547009 -0.7658119658119658 3.0638008355009028 0 0.1483892142550295 END 
START 6.566837606837606 5.341538461538462 -0.7083760683760684 2.9852418397188285 -0.11347410501855196 0.026186331927358142 END 
START 5.532991452991453 1.991111111111111 -1.0147008547008547 2.6186331927358144 -0.3753374242921334 -0.3578798696738946 END 
START 4.9394871794871795 0.11487179487179487 -1.1295726495726495 2.356769873462233 -0.366608646983014 -0.43643886545596905 END 
START 4.7097435897435895 -1.2635897435897436 -1.4933333333333334 2.1909231045889648 -0.2356769873462233 -0.28804965120093956 END 
