START -1.7613675213675213 2.374017094017094 -0.26803418803418805 0.28804965120093956 -0.9077928401484157 1.1609273821128776 END 
START -3.292991452991453 1.5316239316239315 -0.6317948717948718 0.12220288232767133 -0.6459295208748342 0.593556857020118 END 
START -4.748034188034188 -0.47863247863247865 -1.052991452991453 -0.20076187810974577 -0.15711799156414885 -0.183304323491507 END 
START -5.226666666666667 -1.5699145299145298 -1.1487179487179486 -0.34042231505565584 0.09601655040031319 -0.3229647604374171 END 
START -6.183931623931624 -2.201709401709402 -1.0147008547008547 -0.5062690839289241 0.27059209658270084 -0.44516764276508847 END 
START -6.432820512820513 -2.9292307692307693 -0.22974358974358974 -0.7506748485842668 0.593556857020118 -0.3753374242921334 END 
START -7.102905982905983 -2.6420512820512823 0.28717948717948716 -1.0212669451669676 1.0125381678578482 -0.34042231505565584 END 
START -7.466666666666667 -2.4123076923076923 0.9572649572649573 -1.3791468148408623 1.3442317056043847 -0.6808446301113117 END 
START -6.9688888888888885 -2.4123076923076923 1.6464957264957265 -1.6060950248779662 1.7370266845147568 -0.593556857020118 END 
START -6.72 -1.8570940170940171 2.5463247863247864 -1.6671964660418017 2.0512626676430545 -0.2356769873462233 END 
START -6.815726495726496 -0.9764102564102564 3.8482051282051284 -2.059991444952174 2.5749893061902176 -0.24440576465534267 END 
START -6.183931623931624 0.07658119658119658 5.016068376068376 -2.7495648523726053 3.1249022766647383 -0.6110144116383567 END 
START -4.728888888888889 1.837948717948718 6.030769230769231 -3.325664154774484 3.552612364811588 -0.7855899578207443 END 
START -3.5035897435897434 3.675897435897436 5.743589743589744 -3.683544024448379 3.9366785664128408 -0.619743188947476 END 
START 2.0485470085470086 13.382564102564103 4.384273504273504 -4.442947650341765 4.79209874270654 0.3229647604374171 END 
START 6.94974358974359 22.3808547008547 2.508034188034188 -4.64370952845151 4.809556297324779 -0.48008275200156597 END 
START 11.065982905982906 28.871111111111112 0.11487179487179487 -3.875577125249005 4.067610226049632 -1.2918590417496685 END 
START 11.774358974358975 31.513162393162393 0.13401709401709402 -2.836852625463799 3.116173499355619 -1.3791468148408623 END 
START 12.387008547008547 33.5425641025641 0.4211965811965812 -1.97270367186098 2.915411621245873 -0.7855899578207443 END 
START 14.35897435897436 36.52923076923077 -0.09572649572649572 -1.213300045967594 2.8543101800820376 -0.27059209658270084 END 
START 16.177777777777777 38.1374358974359 -0.8423931623931624 -0.40152375621949155 2.54007419695374 -0.16584676887326824 END 
START 17.383931623931623 37.21846153846154 -1.8188034188034188 0.619743188947476 1.9988900037883384 0 END 
START 17.345641025641026 34.174358974358974 -2.105982905982906 1.7544842391329956 1.2656727098223102 0.4277100881468497 END 
START 15.775726495726495 29.962393162393163 -1.34017094017094 2.653548301972292 0.6110144116383567 0.6808446301113117 END 
START 13.19111111111111 25.195213675213676 -0.3254700854700855 3.159817385901216 0.026186331927358142 0.4102525335286109 END 
START 10.797948717948717 19.930256410256412 0.5935042735042735 3.4478670371021556 -0.43643886545596905 0.17457554618238763 END 
START 8.691965811965812 15.411965811965812 1.3976068376068376 3.639900137902782 -0.6983021847295505 0.5149978612380435 END 
START 6.643418803418803 11.908376068376068 1.837948717948718 3.7010015790666175 -0.9339791720757737 0.9077928401484157 END 
START 4.690598290598291 9.304615384615385 2.488888888888889 3.596256251357185 -1.1696561594219972 0.8990640628392963 END 
START 3.2547008547008547 6.566837606837606 3.024957264957265 3.299477822847126 -1.2656727098223102 0.6895734074204312 END 
START 2.508034188034188 4.365128205128205 2.91008547008547 3.020156948955306 -1.187113714040236 0.733217293966028 END 
START 1.8188034188034188 2.795213675213675 2.756923076923077 2.732107297754366 -1.1521986048037582 0.8205050670572218 END 
START 1.5507692307692307 1.6273504273504273 2.6420512820512823 2.4615152011716654 -1.0823683863308033 0.7943187351298637 END 
START 1.589059829059829 0.650940170940171 2.259145299145299 2.1647367726616067 -1.0474532770943257 0.5149978612380435 END 
START 1.8953846153846154 -0.67008547008547 2.0485470085470086 1.8941446760789058 -1.0649108317125644 0.20949065541886513 END 
START 1.991111111111111 -2.01025641025641 1.7613675213675213 1.5886374702597275 -0.916521617457535 0.1483892142550295 END 
START 2.0485470085470086 -3.0441025641025643 1.4741880341880342 1.1958424913493553 -0.7419460712751474 0.11347410501855196 END 
START 2.393162393162393 -3.963076923076923 0.8615384615384616 0.7943187351298637 -0.5760993024018791 0.10474532770943257 END 
START 3.9056410256410254 -5.456410256410257 -0.4594871794871795 0.034915109236477525 -0.6721158528021923 0.07855899578207443 END 
START 4.3076923076923075 -5.82017094017094 -0.5743589743589743 -0.4626251973833272 -0.733217293966028 0.19203310080062638 END 
START 4.3076923076923075 -5.532991452991453 -0.4403418803418803 -0.9427079493848932 -0.7943187351298637 0.3316935377465365 END 
START 4.116239316239316 -4.901196581196581 -0.03829059829059829 -1.396604369459101 -0.8379626216754605 0.44516764276508847 END 
START 4.077948717948718 -3.7716239316239317 0.4211965811965812 -1.7806705710603539 -0.9688942813122513 0.4102525335286109 END 
START 3.8673504273504276 -2.6994871794871793 1.2252991452991453 -2.1647367726616067 -1.1260122728764002 0.15711799156414885 END 
START 3.4652991452991455 -1.9528205128205127 2.0294017094017094 -2.6273619700449338 -1.2045712686584746 -0.1309316596367907 END 
START 3.005811965811966 -1.2827350427350428 2.776068376068376 -3.09871594473738 -1.213300045967594 -0.2356769873462233 END 
START 2.6420512820512823 -0.09572649572649572 3.6376068376068376 -3.5002397009568718 -1.2744014871314298 -0.09601655040031319 END 
START 2.4314529914529914 1.3976068376068376 3.9247863247863246 -3.8581195706307665 -1.3878755921499817 0.34915109236477526 END 
START 1.7613675213675213 4.8246153846153845 3.7141880341880342 -4.2334569949229 -1.4227907013864591 0.9514367266940126 END 
START -0.03829059829059829 17.51794871794872 2.393162393162393 -5.0103181754345245 -1.7195691298965181 0.28804965120093956 END 
START -1.7613675213675213 24.678290598290598 3.082393162393162 -4.600065641905914 -2.086177776879532 -0.22694821003710391 END 
START -4.154529914529914 29.31145299145299 3.197264957264957 -3.6748152471392594 -2.11236410880689 -0.41898131083773027 END 
START -6.222222222222222 30.44102564102564 2.393162393162393 -2.7146497431361274 -1.7457554618238762 -0.49754030661980475 END 
START -6.988034188034188 29.61777777777778 1.4167521367521367 -1.9988900037883384 -1.2045712686584746 -0.7943187351298637 END 
START -5.973333333333334 27.722393162393164 0.26803418803418805 -1.352960482913504 -0.6459295208748342 -0.9688942813122513 END 
START -4.173675213675214 25.53982905982906 -0.7849572649572649 -0.7506748485842668 -0.17457554618238763 -0.8030475124389831 END 
START -2.5463247863247864 23.165811965811965 -1.9145299145299146 -0.30550720581917834 0.1309316596367907 -0.5586417477836404 END 
START -1.301880341880342 20.638632478632477 -2.776068376068376 0.06110144116383567 0.19203310080062638 -0.549912970474521 END 
START -0.09572649572649572 18.34119658119658 -2.508034188034188 0.34915109236477526 0.20949065541886513 -0.44516764276508847 END 
START 4.173675213675214 18.80068376068376 -0.28717948717948716 0.296778428510059 -0.22694821003710391 -0.5586417477836404 END 