START 0.15316239316239316 9.342905982905982 -3.4652991452991455 -0.4713539746924466 -0.48881152931068533 0.38406620160125277 END 
START -0.36376068376068377 9.821538461538461 -3.7333333333333334 -0.3578798696738946 -0.5149978612380435 0.4277100881468497 END 
START -0.67008547008547 9.744957264957264 -3.1206837606837605 -0.4102525335286109 -0.5149978612380435 0.3316935377465365 END 
START -1.4167521367521367 9.802393162393162 -2.9292307692307693 -0.4102525335286109 -0.38406620160125277 0.21821943272798452 END 
START -2.086837606837607 9.993846153846153 -2.8143589743589743 -0.40152375621949155 -0.27059209658270084 0.04364388654559691 END 
START -3.5227350427350426 10.75965811965812 -2.622905982905983 -0.20076187810974577 0.017457554618238762 0.09601655040031319 END 
START -4.03965811965812 11.64034188034188 -2.6994871794871793 -0.1309316596367907 0.16584676887326824 -0.1396604369459101 END 
START -4.288547008547009 11.793504273504274 -2.8526495726495726 -0.07855899578207443 0.30550720581917834 -0.5062690839289241 END 
START -4.460854700854701 11.736068376068376 -2.9292307692307693 0.008728777309119381 0.44516764276508847 -0.5586417477836404 END 
START -4.633162393162393 11.85094017094017 -2.9675213675213676 0.07855899578207443 0.6284719662565954 -0.5324554158562822 END 
START -4.575726495726496 12.023247863247864 -2.9292307692307693 0.17457554618238763 0.8554201762936994 -0.5760993024018791 END 
START -4.345982905982906 11.716923076923077 -2.7186324786324785 0.27059209658270084 1.0212669451669676 -0.6895734074204312 END 
START -4.231111111111111 11.353162393162393 -2.622905982905983 0.3142359831282977 1.1958424913493553 -0.7419460712751474 END 
START -4.03965811965812 11.468034188034189 -2.508034188034188 0.3142359831282977 1.4489770333138172 -0.7244885166569086 END 
START -3.6376068376068376 11.774358974358975 -2.622905982905983 0.296778428510059 1.6584676887326824 -0.8816065082210575 END 
START -2.9292307692307693 11.65948717948718 -2.7186324786324785 0.2793208738918202 1.8243144576059507 -0.98635183593049 END 
START -1.2635897435897436 12.272136752136753 -3.0441025641025643 0.34915109236477526 1.9290597853153832 -1.1521986048037582 END 
START -0.1723076923076923 12.061538461538461 -3.2355555555555555 0.38406620160125277 1.9377885626245026 -1.239486377894952 END 
START 0.5169230769230769 11.716923076923077 -3.292991452991453 0.44516764276508847 1.9116022306971445 -1.3005878190587878 END 
START 1.187008547008547 11.123418803418803 -3.1015384615384614 0.5324554158562822 1.8505007895333088 -1.2656727098223102 END 
START 1.8188034188034188 10.931965811965812 -2.9675213675213676 0.5760993024018791 1.8243144576059507 -1.0823683863308033 END 
START 2.374017094017094 10.644786324786324 -2.756923076923077 0.5848280797109986 1.7457554618238762 -1.0212669451669676 END 
START 3.082393162393162 10.338461538461539 -2.9292307692307693 0.6372007435657149 1.7108403525873987 -0.84669139898458 END 
START 3.6567521367521367 9.917264957264956 -3.1015384615384614 0.6721158528021923 1.5886374702597275 -0.6983021847295505 END 
START 3.8864957264957263 9.381196581196582 -3.1015384615384614 0.6284719662565954 1.4227907013864591 -0.6895734074204312 END 
START 4.135384615384615 8.845128205128205 -3.082393162393162 0.5149978612380435 1.2918590417496685 -0.6983021847295505 END 
START 4.269401709401709 8.423931623931624 -3.197264957264957 0.4102525335286109 1.1958424913493553 -0.593556857020118 END 
START 4.5948717948717945 8.117606837606838 -3.5993162393162392 0.34042231505565584 1.1085547182581614 -0.44516764276508847 END 
START 4.5374358974358975 7.677264957264957 -3.695042735042735 0.296778428510059 0.6721158528021923 -0.2618633192735814 END 
START 4.173675213675214 7.447521367521367 -3.58017094017094 0.2618633192735814 0.48881152931068533 -0.19203310080062638 END 
START 3.7524786324786326 7.007179487179487 -3.407863247863248 0.20076187810974577 0.366608646983014 -0.10474532770943257 END 
START 3.2164102564102564 6.834871794871795 -3.2355555555555555 0.052372663854716284 0.28804965120093956 -0.07855899578207443 END 
START 2.91008547008547 6.662564102564103 -3.0441025641025643 -0.052372663854716284 0.21821943272798452 -0.07855899578207443 END 
START 2.7186324786324785 6.471111111111111 -3.1015384615384614 -0.12220288232767133 0.1483892142550295 0 END 
START 2.4123076923076923 6.241367521367521 -3.1015384615384614 -0.20949065541886513 0.08728777309119382 0.008728777309119381 END 
START 1.991111111111111 5.705299145299145 -2.986666666666667 -0.30550720581917834 0.034915109236477525 0.026186331927358142 END 
START 1.5124786324786326 5.15008547008547 -2.871794871794872 -0.40152375621949155 -0.008728777309119381 0.07855899578207443 END 
START 0.918974358974359 4.92034188034188 -2.622905982905983 -0.5149978612380435 -0.09601655040031319 0.12220288232767133 END 
START 0.4211965811965812 5.035213675213675 -2.125128205128205 -0.7419460712751474 -0.1396604369459101 0.026186331927358142 END 
START 0 5.2841025641025645 -1.9719658119658119 -1.029995722476087 -0.09601655040031319 -0.08728777309119382 END 
START -0.7083760683760684 5.475555555555555 -1.8953846153846154 -1.213300045967594 -0.026186331927358142 0 END 
START -1.0721367521367522 5.705299145299145 -1.34017094017094 -1.2831302644405491 -0.06983021847295505 -0.052372663854716284 END 
START -1.2827350427350428 5.992478632478632 -0.7849572649572649 -1.4489770333138172 -0.10474532770943257 -0.20949065541886513 END 
START -1.589059829059829 6.222222222222222 -0.6317948717948718 -1.6148238021870855 -0.07855899578207443 -0.296778428510059 END 
START -1.8762393162393163 6.337094017094017 -0.3829059829059829 -1.7370266845147568 0 -0.25313454196446206 END 
START -2.0485470085470086 6.509401709401709 -0.019145299145299145 -1.8417720122241894 0.052372663854716284 -0.15711799156414885 END 
START -1.991111111111111 7.16034188034188 0.19145299145299144 -1.9639748945518607 0.08728777309119382 -0.04364388654559691 END 
START -1.7996581196581196 8.73025641025641 0.4403418803418803 -2.059991444952174 0.21821943272798452 0.008728777309119381 END 
START -1.3976068376068376 9.687521367521368 0.6126495726495726 -2.1385504407342486 0.24440576465534267 -0.12220288232767133 END 
START -1.3593162393162392 10.281025641025641 0.67008547008547 -2.269482100371039 0.20949065541886513 -0.20949065541886513 END 
START -1.1678632478632478 11.678632478632478 0.6892307692307692 -2.3916849826987105 0.27059209658270084 -0.16584676887326824 END 
START 0.1723076923076923 15.00991452991453 0.4594871794871795 -2.2083806592072035 0.3142359831282977 -0.21821943272798452 END 
START 0.3254700854700855 15.737435897435898 0.5360683760683761 -1.9552461172427413 0.1396604369459101 -0.34042231505565584 END 
START 0.8232478632478633 16.464957264957263 0.5935042735042735 -1.7806705710603539 0.07855899578207443 -0.4713539746924466 END 
START 1.6273504273504273 17.24991452991453 0.4403418803418803 -1.5711799156414885 -0.008728777309119381 -0.4277100881468497 END 
START 2.4314529914529914 17.862564102564104 0.3829059829059829 -1.2569439325131908 -0.026186331927358142 -0.28804965120093956 END 
START 3.178119658119658 18.034871794871794 0.47863247863247865 -0.9339791720757737 -0.06983021847295505 -0.052372663854716284 END 
START 3.5227350427350426 18.07316239316239 0.5552136752136753 -0.6372007435657149 -0.15711799156414885 0.08728777309119382 END 
START 3.7141880341880342 18.034871794871794 0.8615384615384616 -0.4277100881468497 -0.34042231505565584 -0.052372663854716284 END 
START 3.7333333333333334 17.556239316239317 1.1678632478632478 -0.28804965120093956 -0.5237266385471628 -0.24440576465534267 END 
START 3.5227350427350426 16.886153846153846 1.455042735042735 -0.06983021847295505 -0.593556857020118 -0.34042231505565584 END 
START 3.4461538461538463 15.928888888888888 1.6273504273504273 0.09601655040031319 -0.6284719662565954 -0.20076187810974577 END 
START 3.2547008547008547 15.201367521367521 1.6464957264957265 0.28804965120093956 -0.6284719662565954 0.008728777309119381 END 
START 3.005811965811966 13.937777777777777 1.6273504273504273 0.5760993024018791 -0.8728777309119381 -0.06110144116383567 END 
START 2.795213675213675 12.923076923076923 1.6273504273504273 0.5760993024018791 -1.073639609021684 -0.22694821003710391 END 
START 2.622905982905983 11.831794871794871 1.7230769230769232 0.6284719662565954 -1.213300045967594 -0.22694821003710391 END 
START 2.2974358974358973 10.98940170940171 1.9145299145299146 0.6284719662565954 -1.2744014871314298 -0.06110144116383567 END 
START 2.086837606837607 10.242735042735042 1.9145299145299146 0.6459295208748342 -1.3355029282952653 0.08728777309119382 END 
START 1.7996581196581196 9.821538461538461 1.9145299145299146 0.6459295208748342 -1.5013496971685336 0.16584676887326824 END 
START 1.435897435897436 9.342905982905982 2.0485470085470086 0.5324554158562822 -1.6846540206600407 0.06983021847295505 END 
START 1.1487179487179486 8.864273504273504 2.086837606837607 0.39279497891037213 -1.7806705710603539 0.09601655040031319 END 
START 0.7466666666666667 8.787692307692307 1.9719658119658119 0.3316935377465365 -1.7981281256785926 0.2618633192735814 END 
START 0.3446153846153846 8.615384615384615 1.8762393162393163 0.21821943272798452 -1.7806705710603539 0.4102525335286109 END 
START -0.11487179487179487 8.50051282051282 1.6082051282051282 0.1396604369459101 -1.8243144576059507 0.5411841931654017 END 
START -0.7083760683760684 8.73025641025641 1.3210256410256411 0.11347410501855196 -1.946517339933622 0.6808446301113117 END 
START -2.201709401709402 9.419487179487179 1.2061538461538461 -0.04364388654559691 -2.0250763357156965 0.6895734074204312 END 
START -2.986666666666667 9.783247863247864 1.1678632478632478 -0.11347410501855196 -1.9116022306971445 0.7244885166569086 END 
START -3.7141880341880342 10.281025641025641 1.0147008547008547 -0.20076187810974577 -1.7806705710603539 0.6808446301113117 END 
START -4.403418803418804 10.75965811965812 0.8423931623931624 -0.19203310080062638 -1.7195691298965181 0.5062690839289241 END 
START -4.92034188034188 11.104273504273504 0.918974358974359 -0.20949065541886513 -1.623552579496205 0.30550720581917834 END 
START -5.111794871794872 11.276581196581196 0.8423931623931624 -0.19203310080062638 -1.3704180375317427 0.2356769873462233 END 
START -5.130940170940171 11.468034188034189 0.6892307692307692 -0.15711799156414885 -1.073639609021684 0.20076187810974577 END 
START -5.1692307692307695 11.563760683760684 0.49777777777777776 -0.15711799156414885 -0.8554201762936994 0 END 
START -4.843760683760684 11.487179487179487 0.28717948717948716 -0.11347410501855196 -0.6895734074204312 -0.16584676887326824 END 
START -4.365128205128205 11.736068376068376 0.19145299145299144 0 -0.5237266385471628 -0.183304323491507 END 
START -3.8673504273504276 12.34871794871795 0 0.06983021847295505 -0.2793208738918202 -0.06110144116383567 END 
START -2.278290598290598 14.58871794871795 -0.8423931623931624 0.06983021847295505 0.12220288232767133 -0.27059209658270084 END 
START -1.455042735042735 15.431111111111111 -1.2827350427350428 0.20949065541886513 0.19203310080062638 -0.3142359831282977 END 
START -0.67008547008547 16.216068376068375 -1.4741880341880342 0.549912970474521 0.21821943272798452 -0.11347410501855196 END 
START -0.11487179487179487 16.80957264957265 -1.34017094017094 0.916521617457535 0.296778428510059 0.15711799156414885 END 
START 0.11487179487179487 17.47965811965812 -1.2827350427350428 1.1521986048037582 0.3142359831282977 0.183304323491507 END 
START 0.3829059829059829 17.537094017094017 -1.2061538461538461 1.3005878190587878 0.2618633192735814 -0.12220288232767133 END 
START 0.67008547008547 16.560683760683762 -0.9955555555555555 1.5188072517867723 0.21821943272798452 -0.16584676887326824 END 
START 0.650940170940171 15.718290598290599 -0.8041025641025641 1.7282979072056375 0.2356769873462233 -0.008728777309119381 END 
START 0.6892307692307692 15.00991452991453 -0.7083760683760684 1.8941446760789058 0.25313454196446206 0.08728777309119382 END 
START 0.6892307692307692 14.397264957264957 -0.650940170940171 1.990161226479219 0.28804965120093956 0.10474532770943257 END 
START 0.7849572649572649 13.554871794871795 -0.6892307692307692 2.0076187810974577 0.296778428510059 0 END 
START 0.9572649572649573 12.712478632478632 -0.67008547008547 2.016347558406577 0.28804965120093956 0 END 
START 1.2252991452991453 11.123418803418803 -1.0147008547008547 2.199651881898084 0.09601655040031319 0.07855899578207443 END 
START 1.1678632478632478 10.395897435897435 -0.9572649572649573 2.243295768443681 0.026186331927358142 0.1309316596367907 END 
START 0.9572649572649573 9.496068376068376 -0.8041025641025641 2.217109436516323 -0.06110144116383567 0.052372663854716284 END 
START 0.8998290598290598 8.175042735042735 -0.6892307692307692 2.0949065541886513 -0.09601655040031319 -0.008728777309119381 END 
START 0.650940170940171 6.911452991452991 -0.7658119658119658 1.946517339933622 -0.1396604369459101 -0.06110144116383567 END 
START 0.5360683760683761 5.532991452991453 -0.5935042735042735 1.763213016442115 -0.1483892142550295 -0.052372663854716284 END 
START 0.22974358974358974 4.384273504273504 -0.4211965811965812 1.4402482560046979 -0.06983021847295505 0.034915109236477525 END 
START 0.11487179487179487 3.3695726495726497 -0.8615384615384616 1.0387244997852063 0.06110144116383567 -0.06110144116383567 END 
START 0.1723076923076923 2.6420512820512823 -1.2061538461538461 0.7768611805116249 0.08728777309119382 -0.30550720581917834 END 
