START -2.201709401709402 0.7275213675213675 -3.58017094017094 -0.11347410501855196 0.3578798696738946 -0.39279497891037213 END 
START -2.125128205128205 0 -3.8864957264957263 -0.10474532770943257 0.2793208738918202 -0.619743188947476 END 
START -2.125128205128205 -0.5743589743589743 -3.8290598290598292 -0.15711799156414885 0.40152375621949155 -0.4277100881468497 END 
START -2.5846153846153848 -0.7466666666666667 -3.427008547008547 -0.366608646983014 0.619743188947476 -0.3753374242921334 END 
START -2.9292307692307693 -0.5935042735042735 -2.756923076923077 -1.0474532770943257 1.3878755921499817 -0.21821943272798452 END 
START -2.871794871794872 0.47863247863247865 -2.488888888888889 -1.3616892602226234 1.7282979072056375 -0.20076187810974577 END 
START -2.661196581196581 2.0676923076923077 -1.6656410256410257 -1.5275360290958917 1.8941446760789058 -0.38406620160125277 END 
START -2.7186324786324785 3.6567521367521367 -0.5169230769230769 -1.623552579496205 2.042533890333935 -0.6110144116383567 END 
START -3.024957264957265 5.073504273504273 0.2105982905982906 -1.7457554618238762 2.2607533230619197 -0.7855899578207443 END 
START -3.6567521367521367 7.007179487179487 0.9764102564102564 -1.8592295668424281 2.5138878650263816 -1.0474532770943257 END 
START -4.403418803418804 8.615384615384615 1.9719658119658119 -1.9203310080062639 2.8019375162273215 -1.5537223610232498 END 
START -3.8290598290598292 9.438632478632478 2.986666666666667 -2.0250763357156965 3.229647604374171 -1.5537223610232498 END 
START -2.1442735042735044 11.353162393162393 3.3312820512820513 -2.0687202222612933 3.6486289152119014 -1.1260122728764002 END 
START 0.13401709401709402 13.688888888888888 3.4652991452991455 -2.033805113024816 3.8581195706307665 -1.1172834955672808 END 
START 1.7996581196581196 14.837606837606838 3.178119658119658 -1.9203310080062639 3.735916688303095 -1.7457554618238762 END 
START 3.427008547008547 14.569572649572649 3.082393162393162 -1.8941446760789058 3.639900137902782 -2.374227428080472 END 
START 8.443076923076923 16.618119658119657 3.7333333333333334 -1.97270367186098 3.4042231505565588 -1.4926209198594143 END 
START 10.75965811965812 19.03042735042735 3.80991452991453 -1.8505007895333088 3.1074447220464996 -1.1085547182581614 END 
START 12.09982905982906 20.84923076923077 3.8482051282051284 -1.5973662475688468 2.67973463389965 -1.0125381678578482 END 
START 13.727179487179487 22.055384615384614 3.8673504273504276 -1.352960482913504 2.374227428080472 -0.84669139898458 END 
START 16.560683760683762 24.37196581196581 3.407863247863248 -1.1434698274946389 2.2520245457528003 -0.20949065541886513 END 
START 19.43247863247863 27.416068376068377 2.3165811965811964 -0.7244885166569086 1.9814324491700996 0.43643886545596905 END 
START 20.217435897435898 29.234871794871793 1.6082051282051282 0.017457554618238762 1.2918590417496685 0.8379626216754605 END 
START 19.336752136752136 29.445470085470085 1.2252991452991453 0.8379626216754605 0.619743188947476 1.239486377894952 END 
START 16.867008547008545 28.124444444444446 1.0338461538461539 1.5886374702597275 0 1.4053331467682204 END 
START 13.918632478632478 25.76957264957265 1.455042735042735 2.1385504407342486 -0.39279497891037213 1.5537223610232498 END 
START 11.104273504273504 23.606153846153845 1.837948717948718 2.5313454196446203 -0.5324554158562822 1.7370266845147568 END 
START 8.864273504273504 21.423589743589744 2.4314529914529914 2.863038957391157 -0.6459295208748342 1.6846540206600407 END 
START 6.107350427350427 16.369230769230768 3.5993162393162392 3.3169353774653647 -0.8554201762936994 1.7544842391329956 END 
START 5.0543589743589745 14.205811965811966 4.058803418803419 3.508968478265991 -1.1085547182581614 1.5275360290958917 END 
START 3.7716239316239317 11.544615384615385 4.958632478632478 3.6486289152119014 -1.3180453736770266 0.9776230586213707 END 
START 2.278290598290598 8.232478632478632 5.513846153846154 3.596256251357185 -1.3093165963679072 0.5149978612380435 END 
START 1.435897435897436 5.15008547008547 5.532991452991453 3.412951927865678 -1.1783849367311166 0.34042231505565584 END 
START 1.6464957264957265 2.8526495726495726 5.0543589743589745 3.1074447220464996 -0.9950806132396095 0.5062690839289241 END 
START 2.220854700854701 1.2635897435897436 4.097094017094017 2.8281238481546795 -0.9427079493848932 0.7419460712751474 END 
START 2.68034188034188 -0.2105982905982906 3.5418803418803417 2.5662605288810982 -1.0212669451669676 0.8903352855301769 END 
START 2.7186324786324785 -1.6273504273504273 2.91008547008547 2.2083806592072035 -1.029995722476087 0.8554201762936994 END 
START 2.8143589743589743 -2.986666666666667 2.201709401709402 1.8155856802968313 -0.9688942813122513 0.6721158528021923 END 
START 3.178119658119658 -4.077948717948718 1.4167521367521367 1.396604369459101 -0.9077928401484157 0.5062690839289241 END 
START 3.58017094017094 -5.494700854700855 0.40205128205128204 0.6284719662565954 -1.0474532770943257 0.44516764276508847 END 
START 3.158974358974359 -5.667008547008547 0.3063247863247863 0.25313454196446206 -1.1085547182581614 0.4277100881468497 END 
START 2.508034188034188 -5.724444444444444 0.3254700854700855 -0.16584676887326824 -1.0823683863308033 0.183304323491507 END 
START 2.125128205128205 -5.877606837606837 0.22974358974358974 -0.619743188947476 -0.9514367266940126 -0.11347410501855196 END 
START 2.01025641025641 -5.992478632478632 0.13401709401709402 -1.0387244997852063 -0.8292338443663412 -0.2793208738918202 END 
START 1.8188034188034188 -5.954188034188034 0.22974358974358974 -1.4577058106229366 -0.7768611805116249 -0.25313454196446206 END 
START 1.703931623931624 -5.418119658119658 0.4403418803418803 -1.8854158987697864 -0.7244885166569086 -0.20076187810974577 END 
START 1.703931623931624 -4.6523076923076925 0.8041025641025641 -2.321854764225755 -0.6022856343292373 -0.16584676887326824 END 
START 1.703931623931624 -3.9247863247863246 1.3593162393162392 -2.8281238481546795 -0.4713539746924466 -0.20949065541886513 END 
START 1.9336752136752138 -2.8143589743589743 1.9336752136752138 -3.3693080413200813 -0.34915109236477526 -0.20949065541886513 END 
START 2.8335042735042735 -1.2444444444444445 2.5654700854700856 -3.8843059025581246 -0.3142359831282977 -0.09601655040031319 END 
START 4.116239316239316 0.3829059829059829 3.178119658119658 -4.259643326850258 -0.45389642007420783 0.4713539746924466 END 
START 5.552136752136752 6.317948717948718 4.02051282051282 -4.713539746924466 -0.7157597393477892 2.67973463389965 END 
START 5.935042735042735 11.88923076923077 4.403418803418804 -4.966674288888928 -0.7419460712751474 2.7146497431361274 END 
START 5.686153846153847 17.9582905982906 5.475555555555555 -5.158707389689554 -0.8117762897481025 1.5449935837141304 END 
START 4.8246153846153845 23.79760683760684 5.992478632478632 -4.975403066198047 -0.7943187351298637 0.17457554618238763 END 
START 4.25025641025641 27.55008547008547 5.781880341880342 -4.434218873032646 -0.6808446301113117 -0.6721158528021923 END 
START 4.4225641025641025 28.775384615384617 4.5374358974358975 -3.639900137902782 -0.5062690839289241 -0.7768611805116249 END 
START 4.977777777777778 27.10974358974359 1.5699145299145298 -1.9116022306971445 -0.40152375621949155 -0.7594036258933862 END 
START 4.7671794871794875 24.86974358974359 0.6892307692307692 -1.2744014871314298 -0.28804965120093956 -1.029995722476087 END 
START 5.303247863247863 22.22769230769231 0 -0.8030475124389831 -0.06110144116383567 -1.0038093905487289 END 
START 6.011623931623932 19.738803418803418 -0.7658119658119658 -0.39279497891037213 0.052372663854716284 -0.6372007435657149 END 
START 6.681709401709401 15.871452991452992 -0.9764102564102564 0.19203310080062638 -0.034915109236477525 -0.06110144116383567 END 
START 6.337094017094017 14.12923076923077 -0.7849572649572649 0.39279497891037213 -0.1396604369459101 -0.183304323491507 END 
START 5.858461538461539 12.387008547008547 -0.5169230769230769 0.5411841931654017 -0.17457554618238763 -0.25313454196446206 END 
START 5.264957264957265 10.874529914529914 -0.3063247863247863 0.663387075493073 -0.1396604369459101 -0.19203310080062638 END 
