START 1.7805128205128204 9.381196581196582 -4.345982905982906 -0.3229647604374171 -0.5149978612380435 0.3578798696738946 END 
START 1.34017094017094 9.323760683760684 -3.8482051282051284 -0.38406620160125277 -0.663387075493073 0.3229647604374171 END 
START 0.918974358974359 9.323760683760684 -3.4844444444444442 -0.44516764276508847 -0.549912970474521 0.30550720581917834 END 
START 0.3829059829059829 9.572649572649572 -3.4652991452991455 -0.5586417477836404 -0.4277100881468497 0.25313454196446206 END 
START -0.3829059829059829 9.878974358974359 -3.273846153846154 -0.5760993024018791 -0.4277100881468497 0.22694821003710391 END 
START -1.2827350427350428 10.415042735042736 -2.9675213675213676 -0.49754030661980475 -0.40152375621949155 0.22694821003710391 END 
START -2.201709401709402 11.142564102564103 -2.7377777777777776 -0.44516764276508847 -0.34042231505565584 0.11347410501855196 END 
START -2.890940170940171 11.65948717948718 -2.622905982905983 -0.366608646983014 -0.16584676887326824 -0.017457554618238762 END 
START -3.58017094017094 11.88923076923077 -2.603760683760684 -0.296778428510059 0 -0.20076187810974577 END 
START -4.518290598290598 11.755213675213675 -2.3165811965811964 -0.09601655040031319 0.3753374242921334 -0.11347410501855196 END 
START -4.556581196581196 12.11897435897436 -2.4123076923076923 0 0.6110144116383567 -0.10474532770943257 END 
START -4.231111111111111 12.34871794871795 -2.488888888888889 0.09601655040031319 0.8554201762936994 -0.28804965120093956 END 
START -3.8864957264957263 12.157264957264957 -2.6420512820512823 0.19203310080062638 1.0038093905487289 -0.4102525335286109 END 
START -3.58017094017094 11.736068376068376 -2.5463247863247864 0.3229647604374171 1.1347410501855195 -0.40152375621949155 END 
START -3.2355555555555555 11.314871794871795 -2.508034188034188 0.43643886545596905 1.352960482913504 -0.2618633192735814 END 
START -2.5654700854700856 11.42974358974359 -2.3165811965811964 0.44516764276508847 1.5449935837141304 -0.28804965120093956 END 
START -1.6464957264957265 11.793504273504274 -2.393162393162393 0.3753374242921334 1.675925243350921 -0.5586417477836404 END 
START -0.7083760683760684 11.563760683760684 -2.5271794871794873 0.34915109236477526 1.7108403525873987 -1.0212669451669676 END 
START -0.03829059829059829 10.491623931623932 -2.4697435897435898 0.4102525335286109 1.7195691298965181 -1.099825940949042 END 
START 0.40205128205128204 9.40034188034188 -2.220854700854701 0.5324554158562822 1.7719417937512343 -0.5848280797109986 END 
START 1.703931623931624 10.434188034188034 -1.991111111111111 0.49754030661980475 1.9814324491700996 -0.27059209658270084 END 
START 2.8143589743589743 10.30017094017094 -2.201709401709402 0.296778428510059 1.97270367186098 -0.8641489536028187 END 
START 3.6376068376068376 9.84068376068376 -2.4697435897435898 0.22694821003710391 1.8417720122241894 -1.099825940949042 END 
START 4.345982905982906 9.17059829059829 -2.5271794871794873 0.27059209658270084 1.6846540206600407 -0.8990640628392963 END 
START 4.8246153846153845 8.787692307692307 -2.5271794871794873 0.296778428510059 1.5537223610232498 -0.5324554158562822 END 
START 5.2841025641025645 8.71111111111111 -2.4123076923076923 0.30550720581917834 1.4402482560046979 -0.22694821003710391 END 
START 5.628717948717949 9.074871794871795 -2.5654700854700856 0.22694821003710391 1.3180453736770266 -0.27059209658270084 END 
START 6.030769230769231 9.036581196581196 -2.622905982905983 0.1396604369459101 1.1521986048037582 -0.4277100881468497 END 
START 6.126495726495726 8.806837606837608 -2.756923076923077 0.09601655040031319 0.9252503947666544 -0.549912970474521 END 
START 5.992478632478632 8.328205128205129 -2.7186324786324785 0.10474532770943257 0.7244885166569086 -0.49754030661980475 END 
START 5.705299145299145 7.9452991452991455 -2.5654700854700856 0.10474532770943257 0.5848280797109986 -0.34042231505565584 END 
START 5.1692307692307695 7.753846153846154 -2.5846153846153848 0.04364388654559691 0.4713539746924466 -0.3142359831282977 END 
START 4.03965811965812 6.873162393162393 -2.2974358974358973 -0.11347410501855196 0.27059209658270084 -0.593556857020118 END 
START 3.388717948717949 6.088205128205129 -2.0676923076923077 -0.183304323491507 0.16584676887326824 -0.6459295208748342 END 
START 2.603760683760684 5.418119658119658 -1.7805128205128204 -0.2793208738918202 0.07855899578207443 -0.6459295208748342 END 
START 1.7422222222222221 4.92034188034188 -1.5316239316239315 -0.4626251973833272 0.04364388654559691 -0.7157597393477892 END 
START 1.34017094017094 4.02051282051282 -1.4167521367521367 -0.6459295208748342 0.026186331927358142 -0.7419460712751474 END 
START 0.8615384615384616 3.273846153846154 -1.187008547008547 -0.8117762897481025 0.052372663854716284 -0.593556857020118 END 
START 0.3446153846153846 2.661196581196581 -0.9572649572649573 -1.0125381678578482 0.07855899578207443 -0.2356769873462233 END 
START 0.11487179487179487 3.388717948717949 -0.6892307692307692 -1.2482151552040714 0.21821943272798452 0.11347410501855196 END 
START 0.057435897435897436 4.5374358974358975 -0.3829059829059829 -1.4926209198594143 0.2618633192735814 0.07855899578207443 END 
START -0.057435897435897436 5.245811965811966 0 -1.69338279796916 0.28804965120093956 0 END 
START -0.36376068376068377 6.011623931623932 0.26803418803418805 -1.8505007895333088 0.296778428510059 -0.034915109236477525 END 
START -0.5360683760683761 6.854017094017094 0.3829059829059829 -2.016347558406577 0.38406620160125277 0 END 
START 0.4403418803418803 9.936410256410257 0.3254700854700855 -2.3654986507713525 0.5586417477836404 0.22694821003710391 END 
START 0.9764102564102564 12.004102564102563 0.19145299145299144 -2.3916849826987105 0.41898131083773027 0.04364388654559691 END 
START 0.9955555555555555 13.497435897435897 0.36376068376068377 -2.313125986916636 0.2618633192735814 -0.07855899578207443 END 
START 0.8615384615384616 14.397264957264957 0.7849572649572649 -2.1647367726616067 0.12220288232767133 -0.11347410501855196 END 
START 0.5743589743589743 15.258803418803419 1.5699145299145298 -2.016347558406577 0.052372663854716284 -0.06983021847295505 END 
START 0.3446153846153846 16.15863247863248 2.0485470085470086 -1.8679583441515475 0.06110144116383567 -0.22694821003710391 END 
START 0.36376068376068377 16.38837606837607 2.24 -1.69338279796916 0.06983021847295505 -0.3578798696738946 END 
START 0.47863247863247865 15.986324786324786 2.1825641025641027 -1.483892142550295 0.08728777309119382 -0.39279497891037213 END 
START 0.9381196581196581 15.507692307692308 2.125128205128205 -1.3355029282952653 0.12220288232767133 -0.25313454196446206 END 
START 1.837948717948718 15.948034188034187 1.8188034188034188 -1.1696561594219972 0.20076187810974577 -0.052372663854716284 END 
START 3.2547008547008547 16.426666666666666 1.435897435897436 -0.98635183593049 0.22694821003710391 0.017457554618238762 END 
START 4.728888888888889 15.986324786324786 1.1487179487179486 -0.4626251973833272 -0.1309316596367907 -0.30550720581917834 END 
START 4.958632478632478 14.799316239316239 1.435897435897436 -0.27059209658270084 -0.3142359831282977 -0.41898131083773027 END 
START 5.207521367521368 14.416410256410256 1.7230769230769232 -0.21821943272798452 -0.366608646983014 -0.19203310080062638 END 
START 5.82017094017094 14.837606837606838 1.6464957264957265 -0.12220288232767133 -0.3578798696738946 -0.12220288232767133 END 
START 6.432820512820513 14.627008547008547 1.4167521367521367 0 -0.6022856343292373 -0.34915109236477526 END 
START 6.490256410256411 13.66974358974359 1.6273504273504273 0.19203310080062638 -0.9252503947666544 -0.4713539746924466 END 
START 6.088205128205129 12.406153846153845 2.0485470085470086 0.3578798696738946 -1.187113714040236 -0.48881152931068533 END 
START 5.456410256410257 11.065982905982906 2.393162393162393 0.40152375621949155 -1.396604369459101 -0.40152375621949155 END 
START 4.6523076923076925 10.147008547008546 2.871794871794872 0.3753374242921334 -1.5275360290958917 -0.2793208738918202 END 
START 3.963076923076923 9.534358974358975 3.4461538461538463 0.2618633192735814 -1.579908692950608 -0.183304323491507 END 
START 3.312136752136752 9.20888888888889 3.58017094017094 0.17457554618238763 -1.6060950248779662 -0.1309316596367907 END 
START 2.9675213675213676 9.036581196581196 3.5227350427350426 0.20076187810974577 -1.7021115752782794 -0.052372663854716284 END 
START 1.9336752136752138 8.423931623931624 3.5993162393162392 0.16584676887326824 -1.8417720122241894 0.20076187810974577 END 
START 1.455042735042735 8.596239316239316 3.561025641025641 0.10474532770943257 -1.8592295668424281 0.3142359831282977 END 
START 1.0338461538461539 8.71111111111111 3.4652991452991455 0.017457554618238762 -1.8766871214606669 0.30550720581917834 END 
START 0.5935042735042735 9.074871794871795 3.312136752136752 -0.09601655040031319 -1.9116022306971445 0.20949065541886513 END 
START 0.09572649572649572 9.438632478632478 3.158974358974359 -0.20076187810974577 -1.9639748945518607 0.11347410501855196 END 
START -0.6126495726495726 9.783247863247864 3.005811965811966 -0.25313454196446206 -2.0250763357156965 0.07855899578207443 END 
START -1.8188034188034188 10.147008547008546 3.1015384615384614 -0.2618633192735814 -2.0687202222612933 0.09601655040031319 END 
START -3.005811965811966 10.644786324786324 3.197264957264957 -0.28804965120093956 -1.946517339933622 0.20949065541886513 END 
START -3.9056410256410254 11.372307692307693 2.986666666666667 -0.28804965120093956 -1.7457554618238762 0.34042231505565584 END 
START -4.5374358974358975 12.425299145299146 2.7377777777777776 -0.2356769873462233 -1.536264806405011 0.45389642007420783 END 
START -5.130940170940171 13.746324786324786 2.4314529914529914 -0.17457554618238763 -1.3093165963679072 0.25313454196446206 END 
START -5.245811965811966 14.378119658119658 2.1634188034188035 -0.08728777309119382 -1.1172834955672808 -0.1396604369459101 END 
START -5.035213675213675 14.818461538461538 1.4167521367521367 0.25313454196446206 -0.549912970474521 -0.1483892142550295 END 
START -4.345982905982906 15.23965811965812 1.187008547008547 0.41898131083773027 -0.22694821003710391 -0.04364388654559691 END 
START -3.3695726495726497 16.043760683760684 0.7658119658119658 0.5848280797109986 0.026186331927358142 -0.017457554618238762 END 
START -2.201709401709402 16.52239316239316 0.47863247863247865 0.7943187351298637 0.1309316596367907 -0.15711799156414885 END 
START -1.1295726495726495 16.57982905982906 0.1723076923076923 1.029995722476087 0.20949065541886513 -0.16584676887326824 END 
START -0.3063247863247863 16.273504273504273 0.057435897435897436 1.3180453736770266 0.2356769873462233 -0.052372663854716284 END 
START 0.1723076923076923 15.871452991452992 0.13401709401709402 1.5013496971685336 0.24440576465534267 0 END 
START 0.6126495726495726 15.68 0.19145299145299144 1.579908692950608 0.2356769873462233 -0.1483892142550295 END 
START 1.187008547008547 15.086495726495727 0.24888888888888888 1.6584676887326824 0.20076187810974577 -0.25313454196446206 END 
START 1.5124786324786326 14.55042735042735 0.28717948717948716 1.7893993483694732 0.183304323491507 -0.15711799156414885 END 
START 1.7230769230769232 13.995213675213675 0.26803418803418805 1.9203310080062639 0.12220288232767133 -0.07855899578207443 END 
START 1.7613675213675213 13.22940170940171 0.4211965811965812 2.0949065541886513 -0.034915109236477525 -0.1483892142550295 END 
START 1.7422222222222221 12.501880341880343 0.49777777777777776 2.1210928861160094 -0.08728777309119382 -0.30550720581917834 END 
START 1.5699145299145298 11.544615384615385 0.6317948717948718 2.173465549970726 -0.08728777309119382 -0.27059209658270084 END 
START 1.34017094017094 10.281025641025641 0.67008547008547 2.1909231045889648 -0.09601655040031319 -0.183304323491507 END 
START 0.9955555555555555 9.055726495726496 0.650940170940171 2.173465549970726 -0.06983021847295505 -0.10474532770943257 END 
START 0.9381196581196581 7.4858119658119655 0.4594871794871795 2.059991444952174 -0.07855899578207443 -0.20076187810974577 END 
START 0.8806837606837606 6.030769230769231 0.2105982905982906 1.9116022306971445 -0.07855899578207443 -0.16584676887326824 END 
START 0.7658119658119658 4.690598290598291 -0.15316239316239316 1.7195691298965181 -0.07855899578207443 -0.183304323491507 END 
START 0.5935042735042735 3.3695726495726497 -0.5360683760683761 1.5013496971685336 -0.08728777309119382 -0.12220288232767133 END 
START 0.47863247863247865 2.508034188034188 -1.052991452991453 1.2744014871314298 -0.052372663854716284 0.12220288232767133 END 
START 0.5552136752136753 2.259145299145299 -1.6464957264957265 1.029995722476087 0 0.25313454196446206 END 
START 0.67008547008547 2.3357264957264956 -2.0485470085470086 0.7943187351298637 -0.04364388654559691 0.2356769873462233 END 
START 0.5360683760683761 2.5846153846153848 -2.8143589743589743 0.34915109236477526 0 0.008728777309119381 END 
START 0.4211965811965812 3.197264957264957 -3.3504273504273505 0.1309316596367907 0.034915109236477525 0.008728777309119381 END 
START 0.4403418803418803 4.48 -3.80991452991453 -0.06983021847295505 0.1309316596367907 0.11347410501855196 END 
START 0.7658119658119658 6.298803418803419 -4.077948717948718 -0.21821943272798452 0.21821943272798452 0.2356769873462233 END 
START 1.2444444444444445 8.672820512820513 -4.518290598290598 -0.2618633192735814 0.21821943272798452 0.1483892142550295 END 
START 1.4933333333333334 10.012991452991454 -4.8246153846153845 -0.20076187810974577 0.07855899578207443 -0.22694821003710391 END 
