START -1.435897435897436 0.8232478632478633 -3.1398290598290597 0.7594036258933862 -0.17457554618238763 0.5062690839289241 END 
START -1.703931623931624 0.9572649572649573 -3.982222222222222 0.45389642007420783 0.07855899578207443 0.40152375621949155 END 
START -1.2444444444444445 0.7275213675213675 -4.288547008547009 0.34915109236477526 -0.008728777309119381 0.43643886545596905 END 
START -1.301880341880342 0.49777777777777776 -3.790769230769231 0.366608646983014 -0.19203310080062638 0.619743188947476 END 
START -2.795213675213675 0.6317948717948718 -2.68034188034188 -0.09601655040031319 0.25313454196446206 0.5062690839289241 END 
START -3.3312820512820513 0.6126495726495726 -2.8143589743589743 -0.44516764276508847 0.48881152931068533 -0.17457554618238763 END 
START -3.4461538461538463 0.057435897435897436 -2.5271794871794873 -0.7855899578207443 0.6983021847295505 -0.7244885166569086 END 
START -3.4461538461538463 -0.4594871794871795 -2.4314529914529914 -1.0038093905487289 0.9514367266940126 -0.8379626216754605 END 
START -3.5035897435897434 -0.5169230769230769 -1.9719658119658119 -1.2045712686584746 1.239486377894952 -0.593556857020118 END 
START -3.7524786324786326 -0.03829059829059829 -1.2635897435897436 -1.5188072517867723 1.623552579496205 -0.43643886545596905 END 
START -3.790769230769231 0.9955555555555555 -0.650940170940171 -1.9377885626245026 1.9290597853153832 -0.8030475124389831 END 
START -3.963076923076923 1.8953846153846154 -0.057435897435897436 -2.2869396549892778 2.016347558406577 -1.466434587932056 END 
START -4.403418803418804 1.703931623931624 0.67008547008547 -2.426600091935188 2.1385504407342486 -1.6671964660418017 END 
START -4.5948717948717945 1.7422222222222221 2.1442735042735044 -2.609904415426695 2.6971921885178887 -0.9339791720757737 END 
START -4.805470085470086 3.427008547008547 3.695042735042735 -2.9241403985549925 3.1860037178285743 -0.4713539746924466 END 
START -3.790769230769231 6.547692307692308 4.518290598290598 -3.4216807051747975 3.66608646983014 -0.7855899578207443 END 
START -0.13401709401709402 11.563760683760684 4.25025641025641 -3.797018129466931 3.849390793321647 -1.6846540206600407 END 
START 2.7186324786324785 14.895042735042734 4.02051282051282 -3.8057469067760503 3.9628648983401993 -1.1783849367311166 END 
START 6.279658119658119 19.91111111111111 3.2547008547008547 -3.552612364811588 3.919221011794602 -0.9601655040031319 END 
START 9.151452991452992 23.663589743589743 2.508034188034188 -3.0376145035735447 3.325664154774484 -1.5013496971685336 END 
START 10.95111111111111 25.252649572649574 2.6420512820512823 -2.5313454196446203 2.7146497431361274 -1.9028734533880252 END 
START 12.11897435897436 26.42051282051282 2.9675213675213676 -2.0687202222612933 2.3654986507713525 -1.6322813568053243 END 
START 13.497435897435897 27.952136752136752 2.9483760683760685 -1.5886374702597275 2.1909231045889648 -0.8903352855301769 END 
START 15.545982905982905 30.096410256410255 2.3357264957264956 -0.9514367266940126 2.0512626676430545 -0.12220288232767133 END 
START 17.76683760683761 31.3025641025641 0.9381196581196581 -0.1396604369459101 1.7893993483694732 0.4713539746924466 END 
START 18.838974358974358 31.053675213675213 -0.1723076923076923 0.7594036258933862 1.2569439325131908 0.8554201762936994 END 
START 18.628376068376067 29.598632478632478 -0.6126495726495726 1.5449935837141304 0.6459295208748342 1.0823683863308033 END 
START 17.269059829059827 27.09059829059829 -0.67008547008547 2.1821943272798454 0.052372663854716284 1.2656727098223102 END 
START 12.463589743589743 21.634188034188035 0.15316239316239316 3.0638008355009028 -0.733217293966028 1.8243144576059507 END 
START 9.476923076923077 19.48991452991453 1.1104273504273505 3.2820202682288873 -1.0038093905487289 1.7108403525873987 END 
START 6.566837606837606 17.42222222222222 1.991111111111111 3.325664154774484 -1.1609273821128776 1.1260122728764002 END 
START 4.384273504273504 14.58871794871795 2.8143589743589743 3.3343929320836034 -1.326774150986146 0.48881152931068533 END 
START 2.24 11.391452991452992 3.8290598290598292 3.3169353774653647 -1.2918590417496685 0.34042231505565584 END 
START 0.28717948717948716 8.443076923076923 4.077948717948718 3.1947324951376936 -1.1958424913493553 0.30550720581917834 END 
START -1.052991452991453 5.552136752136752 4.231111111111111 3.0376145035735447 -1.0649108317125644 0.20076187810974577 END 
START -1.5699145299145298 3.292991452991453 4.211965811965812 2.810666293536441 -0.8379626216754605 0.11347410501855196 END 
START -1.052991452991453 1.2635897435897436 3.6376068376068376 2.4615152011716654 -0.5324554158562822 0.06983021847295505 END 
START 0.1723076923076923 -0.40205128205128204 2.7186324786324785 2.086177776879532 -0.296778428510059 0.20949065541886513 END 
START 1.2444444444444445 -1.8188034188034188 1.9145299145299146 1.8243144576059507 -0.3142359831282977 0.38406620160125277 END 
START 2.3548717948717948 -4.269401709401709 1.187008547008547 1.1783849367311166 -0.3229647604374171 0.6721158528021923 END 
START 3.082393162393162 -5.303247863247863 0.7466666666666667 0.6983021847295505 -0.34915109236477526 0.5237266385471628 END 
START 3.7524786324786326 -5.801025641025641 0.4594871794871795 0.183304323491507 -0.39279497891037213 0.4626251973833272 END 
START 3.9247863247863246 -5.60957264957265 0.1723076923076923 -0.22694821003710391 -0.49754030661980475 0.48881152931068533 END 
START 3.8673504273504276 -5.264957264957265 0.13401709401709402 -0.5848280797109986 -0.6808446301113117 0.48008275200156597 END 
START 3.8673504273504276 -4.843760683760684 0.3446153846153846 -0.9339791720757737 -0.8117762897481025 0.5237266385471628 END 
START 4.001367521367522 -4.02051282051282 0.8232478632478633 -1.326774150986146 -0.8030475124389831 0.48881152931068533 END 
START 3.9247863247863246 -3.0441025641025643 1.0147008547008547 -1.7457554618238762 -0.8379626216754605 0.1396604369459101 END 
START 4.058803418803419 -2.68034188034188 1.2444444444444445 -2.1210928861160094 -0.8903352855301769 -0.183304323491507 END 
START 4.173675213675214 -2.4697435897435898 1.589059829059829 -2.470243978480785 -0.9514367266940126 -0.20076187810974577 END 
START 3.8864957264957263 -1.9719658119658119 2.3357264957264956 -2.8543101800820376 -1.0125381678578482 -0.06983021847295505 END 
START 3.5993162393162392 -1.187008547008547 3.4652991452991455 -3.3693080413200813 -0.98635183593049 0.12220288232767133 END 
START 3.9247863247863246 2.622905982905983 5.073504273504273 -4.416761318414407 -0.8117762897481025 0.7419460712751474 END 
START 3.5035897435897434 5.398974358974359 5.513846153846154 -4.844471406561256 -0.9950806132396095 0.7855899578207443 END 
START 3.197264957264957 9.572649572649572 5.437264957264957 -5.21980883085339 -1.099825940949042 0.7419460712751474 END 
START 3.063247863247863 15.890598290598291 6.413675213675214 -5.551502368599927 -1.1085547182581614 0.3229647604374171 END 
START 2.4505982905982906 22.4382905982906 6.892307692307693 -5.464214595508732 -1.1521986048037582 -0.296778428510059 END 
START 1.1678632478632478 27.186324786324786 6.585982905982906 -4.687353414997108 -1.2831302644405491 -0.5673705250927598 END 
START -0.09572649572649572 29.36888888888889 5.513846153846154 -3.692272801757498 -1.239486377894952 -0.48881152931068533 END 
START -1.2061538461538461 29.29230769230769 4.269401709401709 -2.6884634112087693 -1.073639609021684 -0.7681324032025055 END 
START -1.4741880341880342 26.8225641025641 3.2547008547008547 -1.9290597853153832 -0.8117762897481025 -1.1260122728764002 END 
START -0.5360683760683761 24.257094017094015 1.9528205128205127 -1.3442317056043847 -0.43643886545596905 -0.9252503947666544 END 
START 1.301880341880342 22.61059829059829 0.8806837606837606 -0.8030475124389831 -0.15711799156414885 -0.5237266385471628 END 
START 3.005811965811966 20.83008547008547 -0.07658119658119658 -0.34042231505565584 -0.11347410501855196 -0.20076187810974577 END 
