START -1.8570940170940171 4.269401709401709 -7.677264957264957 -0.4626251973833272 0.16584676887326824 0.1483892142550295 END 
START -2.125128205128205 4.03965811965812 -6.815726495726496 -0.6983021847295505 0.12220288232767133 -0.11347410501855196 END 
START -2.5463247863247864 3.6567521367521367 -6.662564102564103 -0.6546582981839536 0.2356769873462233 -0.2356769873462233 END 
START -2.661196581196581 3.0441025641025643 -6.375384615384616 -0.6022856343292373 0.20949065541886513 -0.1309316596367907 END 
START -3.197264957264957 2.5654700854700856 -5.724444444444444 -0.549912970474521 0.27059209658270084 0.1309316596367907 END 
START -3.8482051282051284 2.3165811965811964 -4.7671794871794875 -0.6459295208748342 0.4102525335286109 0.30550720581917834 END 
START -4.6523076923076925 2.5271794871794873 -3.2164102564102564 -1.213300045967594 0.6983021847295505 -0.20949065541886513 END 
START -4.786324786324786 2.393162393162393 -2.9292307692307693 -1.4402482560046979 0.8903352855301769 -0.5324554158562822 END 
START -4.958632478632478 2.0294017094017094 -2.7186324786324785 -1.5188072517867723 1.1783849367311166 -0.44516764276508847 END 
START -5.073504273504273 2.201709401709402 -2.0294017094017094 -1.536264806405011 1.536264806405011 -0.1483892142550295 END 
START -5.456410256410257 2.8526495726495726 -0.9381196581196581 -1.7457554618238762 1.8592295668424281 -0.08728777309119382 END 
START -5.37982905982906 3.80991452991453 0 -2.1647367726616067 2.199651881898084 -0.38406620160125277 END 
START -3.8482051282051284 4.843760683760684 0.5935042735042735 -2.915411621245873 2.7233785204452468 -1.0212669451669676 END 
START -3.178119658119658 4.728888888888889 1.1678632478632478 -2.96778428510059 2.96778428510059 -0.619743188947476 END 
START -2.374017094017094 5.877606837606837 1.435897435897436 -3.020156948955306 3.3082066001562453 -0.04364388654559691 END 
START -0.3254700854700855 8.385641025641025 1.0721367521367522 -3.2121900497559324 3.7184591336848563 0.15711799156414885 END 
START 1.9145299145299146 11.008547008547009 0.8998290598290598 -3.255833936301529 3.709730356375737 -0.1309316596367907 END 
START 3.197264957264957 13.22940170940171 0.7466666666666667 -3.24710515899241 3.4042231505565588 -0.7157597393477892 END 
START 4.25025641025641 14.703589743589744 0.07658119658119658 -3.1685461632103356 3.089987167428261 -1.1783849367311166 END 
START 5.37982905982906 15.890598290598291 -0.15316239316239316 -2.932869175864112 2.8804965120093957 -1.2482151552040714 END 
START 6.854017094017094 16.886153846153846 -0.2105982905982906 -2.7146497431361274 2.767022406990844 -1.099825940949042 END 
START 8.098461538461539 18.13059829059829 -0.22974358974358974 -2.5138878650263816 2.5662605288810982 -0.8990640628392963 END 
START 9.572649572649572 19.872820512820514 -0.47863247863247865 -2.356769873462233 2.2520245457528003 -0.9514367266940126 END 
START 11.678632478632478 21.557606837606837 -0.6317948717948718 -1.6322813568053243 1.5188072517867723 -0.8292338443663412 END 
START 12.559316239316239 22.15111111111111 -1.0721367521367522 -1.1783849367311166 1.1521986048037582 -0.6983021847295505 END 
START 13.574017094017094 21.883076923076924 -1.2635897435897436 -0.6459295208748342 0.733217293966028 -0.549912970474521 END 
START 14.205811965811966 21.07897435897436 -1.301880341880342 -0.11347410501855196 0.28804965120093956 -0.296778428510059 END 
START 14.167521367521367 20.025982905982907 -1.1295726495726495 0.2793208738918202 -0.1483892142550295 -0.21821943272798452 END 
START 13.688888888888888 18.36034188034188 -0.918974358974359 0.5673705250927598 -0.663387075493073 -0.3578798696738946 END 
START 12.980512820512821 16.311794871794874 -0.5360683760683761 0.8030475124389831 -1.1783849367311166 -0.38406620160125277 END 
START 11.831794871794871 14.531282051282052 -0.019145299145299145 0.9601655040031319 -1.5886374702597275 -0.20949065541886513 END 
START 9.362051282051283 11.678632478632478 0.9381196581196581 1.1347410501855195 -2.478972755789904 -0.1483892142550295 END 
START 7.8304273504273505 10.357606837606838 1.6847863247863248 1.1521986048037582 -2.8455814027729183 -0.15711799156414885 END 
START 6.222222222222222 9.285470085470086 2.3357264957264956 1.1172834955672808 -3.1249022766647383 -0.27059209658270084 END 
START 3.58017094017094 7.217777777777778 3.388717948717949 0.9688942813122513 -3.3954943732474394 -0.22694821003710391 END 
START 2.5271794871794873 6.605128205128205 3.561025641025641 0.8554201762936994 -3.3954943732474394 -0.09601655040031319 END 
START 2.086837606837607 6.279658119658119 3.3695726495726497 0.6808446301113117 -3.3954943732474394 -0.06983021847295505 END 
START 1.7230769230769232 5.858461538461539 3.158974358974359 0.5673705250927598 -3.456595814411275 0.026186331927358142 END 
START 1.052991452991453 5.532991452991453 2.9675213675213676 0.366608646983014 -3.52642603288423 0.06110144116383567 END 
START -1.2635897435897436 4.614017094017094 3.005811965811966 -0.12220288232767133 -3.7621030202304535 -0.026186331927358142 END 
START -2.776068376068376 4.614017094017094 2.8526495726495726 -0.366608646983014 -3.683544024448379 0.25313454196446206 END 
START -4.097094017094017 5.303247863247863 2.508034188034188 -0.5586417477836404 -3.5176972555751105 0.549912970474521 END 
START -5.532991452991453 6.164786324786324 2.4314529914529914 -0.8030475124389831 -3.343121709392723 0.6808446301113117 END 
START -7.236923076923077 7.122051282051282 2.4697435897435898 -1.0387244997852063 -3.1336310539738577 0.619743188947476 END 
START -8.921709401709402 8.481367521367522 2.201709401709402 -1.2656727098223102 -2.863038957391157 0.3142359831282977 END 
START -10.376752136752136 11.065982905982906 0.36376068376068377 -1.4227907013864591 -1.8505007895333088 0.24440576465534267 END 
START -10.644786324786324 12.34871794871795 -0.7658119658119658 -1.2744014871314298 -1.3878755921499817 0.48008275200156597 END 
START -10.72136752136752 14.32068376068376 -1.6656410256410257 -1.1347410501855195 -0.9252503947666544 0.6022856343292373 END 
START -10.30017094017094 16.464957264957263 -3.158974358974359 -1.0387244997852063 -0.4626251973833272 0.28804965120093956 END 
START -9.553504273504274 18.092307692307692 -4.077948717948718 -0.8379626216754605 -0.1396604369459101 -0.1483892142550295 END 
START -9.074871794871795 19.48991452991453 -4.728888888888889 -0.5062690839289241 0.09601655040031319 -0.3578798696738946 END 
START -8.443076923076923 20.715213675213676 -4.977777777777778 0.008728777309119381 0.34915109236477526 -0.3578798696738946 END 
START -7.907008547008547 21.117264957264958 -4.7671794871794875 0.5848280797109986 0.6284719662565954 -0.22694821003710391 END 
START -7.275213675213675 20.84923076923077 -4.345982905982906 1.0474532770943257 0.9077928401484157 -0.17457554618238763 END 
START -6.605128205128205 20.35145299145299 -4.001367521367522 1.4315194786955785 1.1958424913493553 -0.16584676887326824 END 
START -5.762735042735042 19.68136752136752 -3.7333333333333334 1.7195691298965181 1.4402482560046979 -0.21821943272798452 END 
START -4.8246153846153845 18.896410256410256 -3.427008547008547 1.9988900037883384 1.6410101341144436 -0.1309316596367907 END 
START -3.197264957264957 17.785982905982905 -2.393162393162393 2.653548301972292 1.8941446760789058 0.1396604369459101 END 
START -2.5271794871794873 16.57982905982906 -1.9145299145299146 2.889225289318515 2.0076187810974577 0.20949065541886513 END 
START -2.125128205128205 15.584273504273504 -1.2827350427350428 3.046343280882664 2.042533890333935 0.21821943272798452 END 
START -1.6082051282051282 14.569572649572649 -0.6892307692307692 3.0812583901191415 2.0250763357156965 0 END 
START -0.8615384615384616 13.018803418803419 -0.4211965811965812 3.1249022766647383 2.0512626676430545 -0.10474532770943257 END 
START -0.3254700854700855 11.697777777777778 -0.15316239316239316 3.142359831282977 1.9988900037883384 -0.17457554618238763 END 
START 0.4594871794871795 10.453333333333333 0.1723076923076923 3.0812583901191415 1.9639748945518607 -0.296778428510059 END 
START 1.4933333333333334 9.132307692307693 0.3254700854700855 3.0114281716461866 1.97270367186098 -0.30550720581917834 END 
START 2.4697435897435898 8.155897435897437 0.3063247863247863 2.932869175864112 1.9377885626245026 -0.21821943272798452 END 
START 3.5035897435897434 7.0837606837606835 -0.07658119658119658 2.81939507084556 1.7457554618238762 -0.40152375621949155 END 
START 4.365128205128205 5.322393162393162 -0.22974358974358974 2.7233785204452468 1.4402482560046979 -0.48008275200156597 END 
START 4.575726495726496 2.2974358974358973 -0.4594871794871795 2.1647367726616067 1.2656727098223102 -0.3142359831282977 END 
