START 2.24 5.801025641025641 -7.064615384615385 -0.9077928401484157 0.4102525335286109 0.7594036258933862 END 
START 2.4123076923076923 5.915897435897436 -7.064615384615385 -0.8903352855301769 0.30550720581917834 0.663387075493073 END 
START 2.01025641025641 6.279658119658119 -7.0837606837606835 -0.7943187351298637 0.12220288232767133 0.4102525335286109 END 
START 1.3210256410256411 6.681709401709401 -6.432820512820513 -0.6895734074204312 0.11347410501855196 0.15711799156414885 END 
START 0.5743589743589743 6.854017094017094 -6.069059829059829 -0.663387075493073 0.24440576465534267 -0.1483892142550295 END 
START -0.019145299145299145 6.605128205128205 -5.743589743589744 -0.593556857020118 0.4713539746924466 -0.39279497891037213 END 
START -0.7466666666666667 6.222222222222222 -5.1692307692307695 -0.48881152931068533 0.6895734074204312 -0.48008275200156597 END 
START -1.5699145299145298 5.839316239316239 -4.786324786324786 -0.34915109236477526 0.8816065082210575 -0.44516764276508847 END 
START -2.0485470085470086 5.456410256410257 -4.097094017094017 -0.21821943272798452 1.1347410501855195 -0.3229647604374171 END 
START -2.890940170940171 5.073504273504273 -2.6994871794871793 -0.30550720581917834 1.8679583441515475 -0.40152375621949155 END 
START -2.890940170940171 4.518290598290598 -2.105982905982906 -0.3316935377465365 2.173465549970726 -0.45389642007420783 END 
START -2.7186324786324785 3.982222222222222 -1.3976068376068376 -0.296778428510059 2.5138878650263816 -0.27059209658270084 END 
START -1.9528205128205127 4.03965811965812 -0.5360683760683761 -0.25313454196446206 2.9415979531732313 -0.017457554618238762 END 
START -1.3210256410256411 4.154529914529914 0.07658119658119658 -0.3229647604374171 3.3082066001562453 0.008728777309119381 END 
START -0.8998290598290598 4.326837606837607 0.8423931623931624 -0.48008275200156597 3.6224425832845433 -0.22694821003710391 END 
START -0.07658119658119658 4.1928205128205125 1.6273504273504273 -0.6721158528021923 3.893034679867244 -0.48008275200156597 END 
START 1.4933333333333334 4.786324786324786 1.9528205128205127 -0.8117762897481025 4.154897999140825 -0.5673705250927598 END 
START 4.077948717948718 5.973333333333334 2.01025641025641 -0.916521617457535 4.355659877250571 -0.5848280797109986 END 
START 6.815726495726496 7.447521367521367 1.7996581196581196 -0.9514367266940126 4.408032541105287 -0.49754030661980475 END 
START 8.845128205128205 9.247179487179487 1.589059829059829 -0.8728777309119381 4.1374404445225865 -0.7070309620386699 END 
START 10.778803418803419 10.625641025641025 1.3784615384615384 -0.7681324032025055 3.7882893521578116 -1.0910971636399227 END 
START 14.435555555555556 11.927521367521367 0.7466666666666667 -0.6546582981839536 3.0812583901191415 -1.7282979072056375 END 
START 15.699145299145298 12.138119658119658 0.6317948717948718 -0.5848280797109986 2.662277079281411 -1.69338279796916 END 
START 16.52239316239316 12.54017094017094 0.3829059829059829 -0.49754030661980475 2.269482100371039 -1.4926209198594143 END 
START 17.173333333333332 12.980512820512821 0.2105982905982906 -0.41898131083773027 1.8243144576059507 -1.510078474477653 END 
START 17.9008547008547 12.750769230769231 0.28717948717948716 -0.4102525335286109 1.3791468148408623 -1.510078474477653 END 
START 18.322051282051284 12.674188034188035 0.49777777777777776 -0.366608646983014 1.0387244997852063 -1.2045712686584746 END 
START 18.570940170940172 12.808205128205127 0.47863247863247865 -0.2618633192735814 0.6546582981839536 -0.8379626216754605 END 
START 18.59008547008547 12.655042735042736 0.5169230769230769 -0.12220288232767133 0.27059209658270084 -0.5324554158562822 END 
START 18.245470085470085 12.367863247863248 0.67008547008547 -0.017457554618238762 -0.1396604369459101 -0.38406620160125277 END 
START 17.67111111111111 11.621196581196582 0.7849572649572649 0.008728777309119381 -0.5062690839289241 -0.3142359831282977 END 
START 16.867008547008545 10.72136752136752 0.8615384615384616 0.07855899578207443 -0.8379626216754605 -0.16584676887326824 END 
START 15.699145299145298 9.898119658119658 1.0147008547008547 0.11347410501855196 -1.1783849367311166 0 END 
START 12.96136752136752 8.404786324786325 1.435897435897436 0.10474532770943257 -1.8243144576059507 0.1396604369459101 END 
START 11.525470085470085 7.868717948717949 1.6464957264957265 0.07855899578207443 -2.1560079953524873 0.17457554618238763 END 
START 10.08957264957265 7.39008547008547 1.9528205128205127 0.034915109236477525 -2.4353288692443074 0.12220288232767133 END 
START 8.73025641025641 6.9688888888888885 2.3357264957264956 -0.034915109236477525 -2.609904415426695 0.052372663854716284 END 
START 7.466666666666667 6.605128205128205 2.5654700854700856 -0.16584676887326824 -2.636090747354053 0.017457554618238762 END 
START 6.432820512820513 6.356239316239316 2.508034188034188 -0.2793208738918202 -2.6186331927358144 -0.017457554618238762 END 
START 5.628717948717949 6.011623931623932 2.4123076923076923 -0.366608646983014 -2.6448195246631725 -0.07855899578207443 END 
START 4.958632478632478 5.628717948717949 2.374017094017094 -0.4626251973833272 -2.6710058565905306 -0.10474532770943257 END 
START 4.365128205128205 5.398974358974359 2.278290598290598 -0.549912970474521 -2.6273619700449338 -0.06983021847295505 END 
START 3.9247863247863246 5.398974358974359 2.0676923076923077 -0.6459295208748342 -2.5749893061902176 -0.08728777309119382 END 
START 3.675897435897436 5.264957264957265 1.837948717948718 -0.7506748485842668 -2.557531751571979 -0.12220288232767133 END 
START 2.661196581196581 5.532991452991453 1.4741880341880342 -0.9950806132396095 -2.5924468608084563 -0.43643886545596905 END 
START 2.201709401709402 5.475555555555555 1.2635897435897436 -1.1260122728764002 -2.6273619700449338 -0.6895734074204312 END 
START 1.7613675213675213 5.36068376068376 0.918974358974359 -1.2569439325131908 -2.6448195246631725 -0.8292338443663412 END 
START 1.3976068376068376 5.475555555555555 0.7658119658119658 -1.3704180375317427 -2.6448195246631725 -0.8117762897481025 END 
START 0.918974358974359 5.896752136752137 0.5552136752136753 -1.4315194786955785 -2.6186331927358144 -0.5760993024018791 END 
START 0.07658119658119658 6.739145299145299 0.3254700854700855 -1.4926209198594143 -2.5662605288810982 -0.41898131083773027 END 
START -0.5935042735042735 7.466666666666667 0.19145299145299144 -1.5886374702597275 -2.5051590877172623 -0.5149978612380435 END 
START -0.9955555555555555 8.423931623931624 0.019145299145299145 -1.7282979072056375 -2.3393123188439944 -0.6983021847295505 END 
START -1.435897435897436 9.534358974358975 -0.5169230769230769 -1.7981281256785926 -2.243295768443681 -1.0038093905487289 END 
START -1.7230769230769232 10.147008547008546 -0.9572649572649573 -1.8243144576059507 -2.1647367726616067 -1.187113714040236 END 
START -2.1442735042735044 10.931965811965812 -1.301880341880342 -1.7719417937512343 -2.042533890333935 -0.9950806132396095 END 
START -2.756923076923077 12.501880341880343 -1.435897435897436 -1.6584676887326824 -1.8155856802968313 -0.6110144116383567 END 
START -3.7141880341880342 15.411965811965812 -1.9719658119658119 -1.3442317056043847 -1.1958424913493553 -0.549912970474521 END 
START -3.80991452991453 16.13948717948718 -2.5654700854700856 -1.1434698274946389 -0.8379626216754605 -0.6459295208748342 END 
START -3.561025641025641 16.732991452991453 -3.178119658119658 -0.9077928401484157 -0.5586417477836404 -0.6546582981839536 END 
START -3.1015384615384614 17.23076923076923 -3.675897435897436 -0.6372007435657149 -0.30550720581917834 -0.5237266385471628 END 
START -2.795213675213675 17.70940170940171 -4.1928205128205125 -0.3229647604374171 -0.08728777309119382 -0.3753374242921334 END 
START -2.5463247863247864 17.996581196581197 -4.403418803418804 -0.017457554618238762 0.07855899578207443 -0.34042231505565584 END 
START -2.125128205128205 18.092307692307692 -4.441709401709402 0.30550720581917834 0.27059209658270084 -0.38406620160125277 END 
START -1.7230769230769232 17.8817094017094 -4.403418803418804 0.5848280797109986 0.39279497891037213 -0.5062690839289241 END 
START -1.3976068376068376 17.326495726495725 -4.231111111111111 0.8554201762936994 0.4713539746924466 -0.4626251973833272 END 
START -1.301880341880342 17.192478632478633 -4.135384615384615 1.1260122728764002 0.5673705250927598 -0.3316935377465365 END 
START -1.052991452991453 16.943589743589744 -3.9439316239316238 1.3355029282952653 0.663387075493073 -0.3142359831282977 END 
START -0.6126495726495726 16.38837606837607 -3.80991452991453 1.5449935837141304 0.7681324032025055 -0.3142359831282977 END 
START 0.3446153846153846 15.718290598290599 -3.4461538461538463 1.9290597853153832 0.9339791720757737 -0.28804965120093956 END 
START 0.7083760683760684 15.23965811965812 -3.388717948717949 2.0512626676430545 0.9339791720757737 -0.24440576465534267 END 
START 0.9572649572649573 14.990769230769232 -3.2355555555555555 2.1647367726616067 0.9252503947666544 -0.19203310080062638 END 
START 1.0147008547008547 14.569572649572649 -2.9292307692307693 2.269482100371039 0.9514367266940126 -0.183304323491507 END 
START 0.9764102564102564 13.918632478632478 -2.756923076923077 2.3654986507713525 0.9688942813122513 -0.16584676887326824 END 
START 0.918974358974359 13.248547008547009 -2.4505982905982906 2.426600091935188 0.9950806132396095 -0.06110144116383567 END 
START 0.918974358974359 12.884786324786324 -2.3357264957264956 2.478972755789904 1.0212669451669676 -0.04364388654559691 END 
START 1.2061538461538461 12.252991452991452 -1.9336752136752138 2.478972755789904 1.0474532770943257 -0.1483892142550295 END 
START 1.589059829059829 11.334017094017094 -1.8953846153846154 2.5051590877172623 1.0823683863308033 -0.017457554618238762 END 
START 1.6082051282051282 10.855384615384615 -1.7613675213675213 2.5313454196446203 1.0910971636399227 0.07855899578207443 END 
START 1.9145299145299146 10.127863247863248 -1.7422222222222221 2.522616642335501 1.1260122728764002 0.11347410501855196 END 
START 2.8143589743589743 8.74940170940171 -1.7230769230769232 2.522616642335501 1.1085547182581614 0.04364388654559691 END 
START 3.4652991452991455 7.6581196581196584 -1.6656410256410257 2.522616642335501 1.073639609021684 0.06110144116383567 END 
START 4.03965811965812 6.739145299145299 -1.8188034188034188 2.5313454196446203 1.029995722476087 0.21821943272798452 END 
START 4.326837606837607 5.762735042735042 -1.7805128205128204 2.522616642335501 0.916521617457535 0.3142359831282977 END 
START 4.499145299145299 4.690598290598291 -1.9719658119658119 2.3916849826987105 0.84669139898458 0.25313454196446206 END 
START 4.843760683760684 3.427008547008547 -2.4123076923076923 2.199651881898084 0.6983021847295505 -0.06983021847295505 END 
START 5.264957264957265 1.8188034188034188 -2.7186324786324785 2.042533890333935 0.593556857020118 -0.25313454196446206 END 
START 5.456410256410257 0.8423931623931624 -2.8143589743589743 1.9290597853153832 0.48008275200156597 -0.20949065541886513 END 
