START 1.7230769230769232 9.285470085470086 -4.384273504273504 -0.3753374242921334 -0.12220288232767133 -0.11347410501855196 END 
START 1.6273504273504273 9.036581196581196 -4.211965811965812 -0.40152375621949155 -0.20949065541886513 -0.008728777309119381 END 
START 1.3976068376068376 9.151452991452992 -3.963076923076923 -0.3753374242921334 -0.24440576465534267 0.06110144116383567 END 
START 1.2252991452991453 9.20888888888889 -3.8482051282051284 -0.30550720581917834 -0.21821943272798452 0.1309316596367907 END 
START 0.4403418803418803 9.438632478632478 -3.7524786324786326 -0.24440576465534267 -0.15711799156414885 0.17457554618238763 END 
START -1.4933333333333334 10.223589743589743 -3.273846153846154 -0.22694821003710391 -0.17457554618238763 -0.296778428510059 END 
START -1.9719658119658119 10.395897435897435 -3.158974358974359 -0.20949065541886513 -0.07855899578207443 -0.40152375621949155 END 
START -2.756923076923077 10.797948717948717 -3.158974358974359 -0.19203310080062638 0.026186331927358142 -0.39279497891037213 END 
START -3.4844444444444442 11.104273504273504 -3.312136752136752 -0.12220288232767133 0.12220288232767133 -0.4277100881468497 END 
START -4.288547008547009 11.027692307692307 -3.3695726495726497 -0.1483892142550295 0.21821943272798452 -0.5586417477836404 END 
START -4.8820512820512825 11.2 -3.4652991452991455 -0.12220288232767133 0.4102525335286109 -0.5237266385471628 END 
START -5.226666666666667 11.927521367521367 -3.2547008547008547 -0.06110144116383567 0.663387075493073 -0.4626251973833272 END 
START -5.092649572649573 12.329572649572649 -3.0441025641025643 -0.034915109236477525 0.9950806132396095 -0.4713539746924466 END 
START -4.977777777777778 12.750769230769231 -3.1398290598290597 0.052372663854716284 1.2482151552040714 -0.5673705250927598 END 
START -4.556581196581196 12.616752136752137 -3.024957264957265 0.09601655040031319 1.4315194786955785 -0.8816065082210575 END 
START -3.695042735042735 11.88923076923077 -3.1015384615384614 0.21821943272798452 1.7108403525873987 -0.8903352855301769 END 
START -2.3165811965811964 11.353162393162393 -3.082393162393162 0.39279497891037213 1.9028734533880252 -1.099825940949042 END 
START -1.435897435897436 10.893675213675214 -3.1015384615384614 0.3316935377465365 2.0076187810974577 -1.3355029282952653 END 
START -0.5360683760683761 10.357606837606838 -3.197264957264957 0.3578798696738946 2.0076187810974577 -1.3704180375317427 END 
START 0.13401709401709402 9.649230769230769 -3.063247863247863 0.38406620160125277 1.97270367186098 -1.2744014871314298 END 
START 0.7658119658119658 9.362051282051283 -2.7186324786324785 0.3142359831282977 2.0250763357156965 -1.1260122728764002 END 
START 1.6847863247863248 9.744957264957264 -2.7186324786324785 0.21821943272798452 2.11236410880689 -1.073639609021684 END 
START 2.6994871794871793 9.821538461538461 -2.7377777777777776 0.16584676887326824 2.0774489995704126 -1.0823683863308033 END 
START 3.4844444444444442 9.649230769230769 -2.5271794871794873 0.20076187810974577 1.9552461172427413 -0.9950806132396095 END 
START 4.058803418803419 8.864273504273504 -2.278290598290598 0.22694821003710391 1.83304323491507 -0.7855899578207443 END 
START 4.7097435897435895 8.615384615384615 -2.201709401709402 0.183304323491507 1.7544842391329956 -0.48008275200156597 END 
START 5.437264957264957 8.538803418803418 -2.24 0.10474532770943257 1.6322813568053243 -0.3229647604374171 END 
START 5.915897435897436 8.73025641025641 -2.278290598290598 0 1.4577058106229366 -0.30550720581917834 END 
START 6.203076923076923 8.691965811965812 -2.374017094017094 -0.008728777309119381 0.9688942813122513 -0.41898131083773027 END 
START 5.954188034188034 7.7729914529914526 -2.24 0.052372663854716284 0.7157597393477892 -0.3142359831282977 END 
START 5.667008547008547 6.9688888888888885 -2.086837606837607 0.008728777309119381 0.5586417477836404 -0.21821943272798452 END 
START 5.303247863247863 6.356239316239316 -1.9719658119658119 -0.12220288232767133 0.38406620160125277 -0.15711799156414885 END 
START 4.748034188034188 6.069059829059829 -1.6656410256410257 -0.2793208738918202 0.25313454196446206 -0.2356769873462233 END 
START 4.3076923076923075 5.532991452991453 -1.5507692307692307 -0.45389642007420783 0.11347410501855196 -0.34042231505565584 END 
START 3.6567521367521367 5.1692307692307695 -1.2635897435897436 -0.5062690839289241 -0.017457554618238762 -0.3316935377465365 END 
START 2.7377777777777776 4.556581196581196 -1.1104273504273505 -0.6022856343292373 -0.1309316596367907 -0.3753374242921334 END 
START 1.9719658119658119 3.9439316239316238 -0.8615384615384616 -0.7943187351298637 -0.17457554618238763 -0.24440576465534267 END 
START 1.3784615384615384 4.5948717948717945 -0.5935042735042735 -1.0910971636399227 -0.06110144116383567 -0.09601655040031319 END 
START 1.0147008547008547 5.264957264957265 -0.49777777777777776 -1.3442317056043847 0.017457554618238762 -0.1396604369459101 END 
START 0.5743589743589743 5.494700854700855 -0.36376068376068377 -1.466434587932056 0.017457554618238762 -0.22694821003710391 END 
START -0.4403418803418803 5.839316239316239 -0.11487179487179487 -1.4926209198594143 -0.1309316596367907 -0.296778428510059 END 
START -0.6126495726495726 6.700854700854701 -0.07658119658119658 -1.6060950248779662 -0.034915109236477525 -0.19203310080062638 END 
START -0.5935042735042735 7.217777777777778 0.24888888888888888 -1.8417720122241894 0.04364388654559691 -0.008728777309119381 END 
START -0.9955555555555555 8.251623931623932 0.24888888888888888 -2.0774489995704126 0 -0.2356769873462233 END 
START -0.9572649572649573 8.902564102564103 0.4403418803418803 -2.295668432298397 -0.09601655040031319 -0.45389642007420783 END 
START -0.8232478632478633 10.415042735042736 0.4403418803418803 -2.295668432298397 -0.008728777309119381 -0.2793208738918202 END 
START -0.49777777777777776 12.09982905982906 0.7275213675213675 -2.1036353314977707 0.008728777309119381 -0.1483892142550295 END 
START -0.26803418803418805 13.593162393162393 1.052991452991453 -1.9203310080062639 0 -0.11347410501855196 END 
START 0 14.914188034188035 1.0912820512820514 -1.8854158987697864 -0.052372663854716284 -0.30550720581917834 END 
START 0.49777777777777776 15.718290598290599 1.1295726495726495 -1.9290597853153832 -0.07855899578207443 -0.366608646983014 END 
START 0.67008547008547 16.560683760683762 1.1678632478632478 -1.8854158987697864 -0.12220288232767133 -0.41898131083773027 END 
START 1.9336752136752138 18.302905982905983 1.1104273504273505 -1.239486377894952 0 0.026186331927358142 END 
START 2.622905982905983 18.99213675213675 0.8806837606837606 -0.8641489536028187 -0.052372663854716284 -0.06983021847295505 END 
START 3.4652991452991455 18.762393162393163 0.918974358974359 -0.5848280797109986 -0.24440576465534267 -0.2618633192735814 END 
START 3.8482051282051284 18.226324786324785 0.8998290598290598 -0.40152375621949155 -0.39279497891037213 -0.21821943272798452 END 
START 4.269401709401709 17.47965811965812 0.9381196581196581 -0.12220288232767133 -0.40152375621949155 -0.017457554618238762 END 
START 4.499145299145299 16.732991452991453 0.918974358974359 0.16584676887326824 -0.39279497891037213 0.38406620160125277 END 
START 3.982222222222222 16.80957264957265 0.9572649572649573 0.39279497891037213 -0.4626251973833272 0.22694821003710391 END 
START 4.135384615384615 15.948034188034187 0.8615384615384616 0.44516764276508847 -0.8117762897481025 -0.30550720581917834 END 
START 4.384273504273504 14.875897435897436 1.1104273504273505 0.5673705250927598 -1.1347410501855195 -0.40152375621949155 END 
START 4.077948717948718 14.071794871794872 1.187008547008547 0.7506748485842668 -1.3093165963679072 -0.19203310080062638 END 
START 3.790769230769231 12.846495726495727 1.34017094017094 0.9427079493848932 -1.4140619240773398 0.12220288232767133 END 
START 2.9483760683760685 11.334017094017094 1.6464957264957265 0.9601655040031319 -1.6060950248779662 0.15711799156414885 END 
START 3.158974358974359 10.204444444444444 1.6656410256410257 0.7594036258933862 -1.8854158987697864 -0.06110144116383567 END 
START 3.024957264957265 9.457777777777778 1.6656410256410257 0.7768611805116249 -2.1385504407342486 0.16584676887326824 END 
START 2.4123076923076923 9.151452991452992 1.9719658119658119 0.8030475124389831 -2.313125986916636 0.3753374242921334 END 
START 1.6464957264957265 8.672820512820513 2.259145299145299 0.6895734074204312 -2.3480410961531137 0.49754030661980475 END 
START 1.0147008547008547 8.615384615384615 2.24 0.5324554158562822 -2.3305835415348746 0.6546582981839536 END 
START 0.3829059829059829 8.672820512820513 2.0485470085470086 0.30550720581917834 -2.40041376000783 0.49754030661980475 END 
START 0.019145299145299145 8.481367521367522 1.9145299145299146 0.09601655040031319 -2.4615152011716654 0.5237266385471628 END 
START -0.8423931623931624 8.787692307692307 1.7805128205128204 -0.026186331927358142 -2.478972755789904 0.6895734074204312 END 
START -2.1825641025641027 9.342905982905982 1.837948717948718 -0.1396604369459101 -2.5051590877172623 0.6284719662565954 END 
START -3.388717948717949 9.706666666666667 2.01025641025641 -0.25313454196446206 -2.426600091935188 0.549912970474521 END 
START -4.5374358974358975 10.147008547008546 2.0485470085470086 -0.34042231505565584 -2.217109436516323 0.593556857020118 END 
START -6.777435897435898 11.391452991452992 1.7805128205128204 -0.3753374242921334 -1.7108403525873987 0.2793208738918202 END 
START -7.17948717948718 11.621196581196582 1.5507692307692307 -0.296778428510059 -1.3442317056043847 0.12220288232767133 END 
START -7.007179487179487 11.831794871794871 1.1104273504273505 -0.17457554618238763 -0.8641489536028187 0.20076187810974577 END 
START -6.585982905982906 12.367863247863248 0.5552136752136753 -0.034915109236477525 -0.40152375621949155 0.183304323491507 END 
START -5.781880341880342 12.463589743589743 -0.019145299145299145 0.06110144116383567 -0.08728777309119382 -0.017457554618238762 END 
START -4.862905982905983 12.406153846153845 -0.5360683760683761 0.15711799156414885 0.08728777309119382 -0.20076187810974577 END 
START -3.8864957264957263 12.655042735042736 -0.8423931623931624 0.183304323491507 0.3316935377465365 -0.16584676887326824 END 
START -2.7377777777777776 13.382564102564103 -1.3210256410256411 0.20949065541886513 0.5848280797109986 0.017457554618238762 END 
START -1.6656410256410257 14.58871794871795 -1.8188034188034188 0.34915109236477526 0.7681324032025055 0.19203310080062638 END 
START -0.5360683760683761 15.794871794871796 -2.220854700854701 0.5848280797109986 0.7506748485842668 0.11347410501855196 END 
START 0.28717948717948716 16.38837606837607 -2.3357264957264956 0.8728777309119381 0.6022856343292373 -0.15711799156414885 END 
START 0.9572649572649573 16.08205128205128 -2.0676923076923077 1.0649108317125644 0.4713539746924466 -0.3316935377465365 END 
START 1.7230769230769232 15.411965811965812 -1.589059829059829 1.396604369459101 0.5324554158562822 0.06110144116383567 END 
START 1.9145299145299146 15.277948717948718 -1.5699145299145298 1.536264806405011 0.5149978612380435 0.1483892142550295 END 
START 2.1825641025641027 14.856752136752137 -1.589059829059829 1.649738911423563 0.4102525335286109 0.034915109236477525 END 
START 2.4314529914529914 14.263247863247864 -1.4741880341880342 1.7719417937512343 0.3316935377465365 0.052372663854716284 END 
START 2.4314529914529914 13.842051282051282 -1.435897435897436 1.8941446760789058 0.24440576465534267 0.08728777309119382 END 
START 2.1825641025641027 13.22940170940171 -1.2827350427350428 2.0076187810974577 0.1309316596367907 0.052372663854716284 END 
START 1.8762393162393163 12.57846153846154 -1.1678632478632478 2.1036353314977707 0.034915109236477525 0.017457554618238762 END 
START 1.6273504273504273 11.736068376068376 -1.0338461538461539 2.1821943272798454 0.008728777309119381 0.008728777309119381 END 
START 1.3976068376068376 10.893675213675214 -0.8423931623931624 2.217109436516323 -0.008728777309119381 0.04364388654559691 END 
START 0.9572649572649573 9.687521367521368 -0.67008547008547 2.147279218043368 -0.017457554618238762 -0.008728777309119381 END 
START 0.5743589743589743 8.538803418803418 -0.8806837606837606 2.042533890333935 -0.06110144116383567 -0.183304323491507 END 
START 0.49777777777777776 7.638974358974359 -1.1487179487179486 1.9639748945518607 -0.052372663854716284 -0.30550720581917834 END 
