START -1.5507692307692307 1.2444444444444445 -7.4858119658119655 0.16584676887326824 0.28804965120093956 0.34042231505565584 END 
START -0.9381196581196581 1.34017094017094 -7.6581196581196584 -0.19203310080062638 0.24440576465534267 0.45389642007420783 END 
START -0.8232478632478633 2.01025641025641 -7.9452991452991455 -0.20076187810974577 -0.2618633192735814 0.21821943272798452 END 
START -0.8998290598290598 1.8188034188034188 -6.9688888888888885 -0.17457554618238763 -0.7855899578207443 -0.06983021847295505 END 
START -1.4933333333333334 1.8188034188034188 -5.743589743589744 -0.41898131083773027 -0.8379626216754605 -0.08728777309119382 END 
START -2.5271794871794873 2.4123076923076923 -4.633162393162393 -0.6983021847295505 -0.8292338443663412 -0.4626251973833272 END 
START -6.164786324786324 2.1442735042735044 -1.1104273504273505 -1.649738911423563 -1.2482151552040714 -1.7457554618238762 END 
START -7.562393162393162 0.9572649572649573 0.40205128205128204 -2.0512626676430545 -0.9688942813122513 -1.8243144576059507 END 
START -8.443076923076923 0.4211965811965812 1.2444444444444445 -2.2782108776801584 -0.20949065541886513 -1.2569439325131908 END 
START -8.423931623931624 0.8615384615384616 1.7805128205128204 -2.478972755789904 0.916521617457535 -0.49754030661980475 END 
START -7.849572649572649 2.2974358974358973 2.3165811965811964 -2.8804965120093957 1.6322813568053243 -0.30550720581917834 END 
START -7.4283760683760685 3.5227350427350426 2.871794871794872 -3.6049850286663045 2.0774489995704126 -0.549912970474521 END 
START -6.758290598290598 4.862905982905983 3.1015384615384614 -4.207270662995541 2.705920965827008 -0.6459295208748342 END 
START -5.896752136752137 6.624273504273504 3.5993162393162392 -4.364388654559691 3.2820202682288873 -0.3316935377465365 END 
START -4.977777777777778 8.768547008547008 4.001367521367522 -4.268372104159377 3.7882893521578116 0.21821943272798452 END 
START -1.4741880341880342 13.057094017094018 1.7805128205128204 -4.277100881468497 4.591336864596794 0.6372007435657149 END 
START 2.5463247863247864 17.02017094017094 -1.2444444444444445 -4.119982889904348 4.6349807511423915 0.16584676887326824 END 
START 3.7716239316239317 18.226324786324785 -2.0676923076923077 -3.9104922344854827 3.66608646983014 -0.8816065082210575 END 
START 6.988034188034188 19.52820512820513 -3.80991452991453 -3.692272801757498 2.8455814027729183 -1.8854158987697864 END 
START 8.653675213675214 20.255726495726496 -4.8820512820512825 -3.0550720581917834 2.5313454196446203 -1.4315194786955785 END 
START 9.610940170940172 20.676923076923078 -5.303247863247863 -2.496430310408143 2.11236410880689 -1.1260122728764002 END 
START 10.376752136752136 20.715213675213676 -5.245811965811966 -2.0250763357156965 1.7195691298965181 -0.8990640628392963 END 
START 11.353162393162393 21.347008547008546 -5.437264957264957 -1.6584676887326824 1.3791468148408623 -0.7594036258933862 END 
START 12.521025641025641 21.576752136752138 -5.571282051282052 -1.187113714040236 0.9950806132396095 -0.5760993024018791 END 
START 13.133675213675213 21.212991452991453 -5.686153846153847 -0.6022856343292373 0.549912970474521 -0.2793208738918202 END 
START 13.018803418803419 20.121709401709403 -5.513846153846154 -0.017457554618238762 0.06983021847295505 0.08728777309119382 END 
START 12.425299145299146 18.953846153846154 -4.958632478632478 0.3753374242921334 -0.34042231505565584 0.25313454196446206 END 
START 11.678632478632478 17.537094017094017 -4.365128205128205 0.5673705250927598 -0.7855899578207443 0.09601655040031319 END 
START 10.893675213675214 15.928888888888888 -3.6567521367521367 0.733217293966028 -1.326774150986146 -0.04364388654559691 END 
START 6.892307692307693 11.448888888888888 -0.11487179487179487 1.213300045967594 -2.5138878650263816 0.1396604369459101 END 
START 5.513846153846154 10.30017094017094 0.9764102564102564 1.2744014871314298 -2.732107297754366 0.3142359831282977 END 
START 4.441709401709402 9.285470085470086 1.6847863247863248 1.2045712686584746 -2.976513062409709 0.20076187810974577 END 
START 3.6184615384615384 8.404786324786325 2.393162393162393 1.0910971636399227 -3.177274940519455 0.10474532770943257 END 
START 2.871794871794872 7.61982905982906 2.871794871794872 0.9950806132396095 -3.2645627136106485 0.11347410501855196 END 
START 1.8953846153846154 6.700854700854701 3.3695726495726497 0.7506748485842668 -3.2121900497559324 0.48008275200156597 END 
START 1.4933333333333334 6.451965811965812 3.3312820512820513 0.6721158528021923 -3.2907490455380066 0.6808446301113117 END 
START 0.9572649572649573 6.145641025641026 3.082393162393162 0.549912970474521 -3.3780368186292007 0.7855899578207443 END 
START 0.4594871794871795 5.896752136752137 2.9483760683760685 0.296778428510059 -3.5613411421207077 0.7506748485842668 END 
START -0.1723076923076923 5.82017094017094 2.890940170940171 0 -3.7446454656122143 0.7244885166569086 END 
START -2.8143589743589743 5.915897435897436 2.8335042735042735 -0.4102525335286109 -3.866848347939886 0.916521617457535 END 
START -4.862905982905983 6.834871794871795 2.8526495726495726 -0.6284719662565954 -3.9017634571763633 0.8728777309119381 END 
START -6.94974358974359 7.753846153846154 2.8526495726495726 -0.98635183593049 -3.866848347939886 0.4626251973833272 END 
START -9.113162393162392 8.50051282051282 2.9292307692307693 -1.2918590417496685 -3.683544024448379 0.1309316596367907 END 
START -11.42974358974359 9.955555555555556 2.776068376068376 -1.3878755921499817 -3.1947324951376936 0.1396604369459101 END 
START -12.942222222222222 11.468034188034189 2.3357264957264956 -1.3878755921499817 -2.54007419695374 0.06110144116383567 END 
START -13.593162393162393 13.018803418803419 0.9955555555555555 -1.2482151552040714 -1.7981281256785926 0.09601655040031319 END 
START -13.976068376068376 14.12923076923077 -0.40205128205128204 -1.073639609021684 -1.187113714040236 0.08728777309119382 END 
START -13.88034188034188 14.990769230769232 -1.6464957264957265 -0.8554201762936994 -0.6284719662565954 0.008728777309119381 END 
START -13.344273504273504 15.699145299145298 -2.756923076923077 -0.6110144116383567 -0.1483892142550295 -0.10474532770943257 END 
START -12.827350427350428 16.33094017094017 -3.5993162393162392 -0.40152375621949155 0.2356769873462233 -0.2618633192735814 END 
START -12.272136752136753 16.962735042735044 -4.403418803418804 -0.1309316596367907 0.593556857020118 -0.34042231505565584 END 
START -10.778803418803419 17.996581196581197 -4.365128205128205 0.619743188947476 1.4053331467682204 -0.10474532770943257 END 
START -9.553504273504274 18.207179487179488 -4.4225641025641025 0.9601655040031319 1.7457554618238762 -0.17457554618238763 END 
START -8.213333333333333 18.226324786324785 -4.384273504273504 1.3005878190587878 1.9377885626245026 -0.3229647604374171 END 
START -7.294358974358975 17.843418803418803 -4.001367521367522 1.5711799156414885 2.0512626676430545 -0.4713539746924466 END 
START -6.585982905982906 17.345641025641026 -3.58017094017094 1.8417720122241894 2.2083806592072035 -0.5237266385471628 END 
START -5.896752136752137 17.03931623931624 -3.1398290598290597 2.0774489995704126 2.382956205389591 -0.593556857020118 END 
START -3.7333333333333334 15.641709401709402 -2.24 2.6186331927358144 2.662277079281411 -0.34915109236477526 END 
START -4.805470085470086 16.33094017094017 -2.7186324786324785 2.321854764225755 2.54007419695374 -0.5760993024018791 END 
START -2.795213675213675 15.354529914529914 -1.9528205128205127 2.8543101800820376 2.6971921885178887 -0.16584676887326824 END 
START -1.6656410256410257 14.875897435897436 -1.9719658119658119 3.0114281716461866 2.653548301972292 -0.20076187810974577 END 
START -0.67008547008547 14.224957264957265 -1.5699145299145298 3.159817385901216 2.557531751571979 -0.296778428510059 END 
START 0.03829059829059829 13.363418803418803 -0.8423931623931624 3.24710515899241 2.4615152011716654 -0.4626251973833272 END 
START 1.9336752136752138 10.893675213675214 -0.7083760683760684 3.587527474048066 2.3480410961531137 -0.40152375621949155 END 
START 2.776068376068376 9.917264957264956 -0.4211965811965812 3.52642603288423 2.086177776879532 -0.733217293966028 END 
START 3.6567521367521367 8.002735042735043 -0.6317948717948718 3.2383763816832905 1.7370266845147568 -1.1958424913493553 END 
START 4.4225641025641025 5.973333333333334 -0.7083760683760684 3.151088608592097 1.483892142550295 -1.1783849367311166 END 
START 4.7671794871794875 4.441709401709402 -0.9381196581196581 2.8979540666276344 1.2307576005858327 -1.0038093905487289 END 
START 5.035213675213675 2.871794871794872 -0.9955555555555555 2.6011756381175757 1.0212669451669676 -0.9601655040031319 END 
START 5.130940170940171 1.301880341880342 -1.301880341880342 2.2258382138254422 0.916521617457535 -0.98635183593049 END 
