START 0.4403418803418803 9.744957264957264 -3.6184615384615384 -0.3316935377465365 -0.5673705250927598 0.3229647604374171 END 
START 0.3254700854700855 9.687521367521368 -3.3312820512820513 -0.25313454196446206 -0.6110144116383567 0.3753374242921334 END 
START 0.03829059829059829 9.323760683760684 -3.082393162393162 -0.3316935377465365 -0.4277100881468497 0.38406620160125277 END 
START -0.24888888888888888 9.151452991452992 -3.063247863247863 -0.4102525335286109 -0.296778428510059 0.34042231505565584 END 
START -0.6126495726495726 9.151452991452992 -2.871794871794872 -0.4626251973833272 -0.21821943272798452 0.27059209658270084 END 
START -1.34017094017094 9.266324786324786 -2.776068376068376 -0.3753374242921334 -0.16584676887326824 0.25313454196446206 END 
START -2.0676923076923077 9.917264957264956 -2.5463247863247864 -0.2618633192735814 -0.1309316596367907 0.21821943272798452 END 
START -2.756923076923077 10.568205128205129 -2.374017094017094 -0.25313454196446206 -0.008728777309119381 0.026186331927358142 END 
START -3.273846153846154 10.931965811965812 -2.5654700854700856 -0.24440576465534267 0.183304323491507 -0.20076187810974577 END 
START -3.7716239316239317 10.912820512820513 -2.5654700854700856 -0.2356769873462233 0.2793208738918202 -0.40152375621949155 END 
START -4.326837606837607 11.027692307692307 -2.4123076923076923 -0.20949065541886513 0.34915109236477526 -0.40152375621949155 END 
START -4.7097435897435895 11.812649572649573 -2.374017094017094 -0.1396604369459101 0.5237266385471628 -0.25313454196446206 END 
START -4.6523076923076925 13.19111111111111 -2.374017094017094 -0.008728777309119381 1.056182054403445 -0.34042231505565584 END 
START -4.6523076923076925 13.286837606837606 -2.4505982905982906 0.06110144116383567 1.1434698274946389 -0.5848280797109986 END 
START -4.365128205128205 13.171965811965812 -2.24 0.17457554618238763 1.2744014871314298 -0.6546582981839536 END 
START -3.9247863247863246 13.286837606837606 -2.086837606837607 0.3316935377465365 1.4489770333138172 -0.6284719662565954 END 
START -3.2547008547008547 12.865641025641025 -1.9336752136752138 0.48008275200156597 1.6322813568053243 -0.593556857020118 END 
START -1.6656410256410257 11.793504273504274 -1.6464957264957265 0.5673705250927598 1.9290597853153832 -0.5760993024018791 END 
START -0.6317948717948718 12.042393162393163 -1.7230769230769232 0.5062690839289241 1.990161226479219 -0.8292338443663412 END 
START 0.3446153846153846 11.468034188034189 -1.9145299145299146 0.49754030661980475 1.9814324491700996 -1.1085547182581614 END 
START 1.34017094017094 10.319316239316239 -1.7613675213675213 0.549912970474521 1.9988900037883384 -0.9427079493848932 END 
START 2.3165811965811964 9.783247863247864 -1.6656410256410257 0.593556857020118 2.0687202222612933 -0.6110144116383567 END 
START 3.4652991452991455 9.553504273504274 -1.7996581196581196 0.5411841931654017 2.0512626676430545 -0.549912970474521 END 
START 4.7097435897435895 9.591794871794871 -1.9145299145299146 0.41898131083773027 1.9290597853153832 -0.7157597393477892 END 
START 5.801025641025641 9.017435897435897 -2.3548717948717948 0.3578798696738946 1.7806705710603539 -0.8641489536028187 END 
START 6.547692307692308 8.098461538461539 -2.7186324786324785 0.3142359831282977 1.5275360290958917 -0.7244885166569086 END 
START 7.007179487179487 7.7155555555555555 -2.8526495726495726 0.27059209658270084 1.2656727098223102 -0.48008275200156597 END 
START 7.064615384615385 7.524102564102564 -2.8143589743589743 0.20076187810974577 1.0212669451669676 -0.3229647604374171 END 
START 6.700854700854701 7.581538461538462 -2.661196581196581 0.1396604369459101 0.7768611805116249 -0.296778428510059 END 
START 6.126495726495726 7.409230769230769 -2.374017094017094 0.017457554618238762 0.593556857020118 -0.40152375621949155 END 
START 5.456410256410257 6.988034188034188 -2.1442735042735044 -0.052372663854716284 0.43643886545596905 -0.4713539746924466 END 
START 4.614017094017094 6.509401709401709 -1.8570940170940171 -0.1483892142550295 0.3229647604374171 -0.45389642007420783 END 
START 3.7524786324786326 6.260512820512821 -1.6273504273504273 -0.27059209658270084 0.24440576465534267 -0.4713539746924466 END 
START 3.158974358974359 5.839316239316239 -1.3784615384615384 -0.3753374242921334 0.20076187810974577 -0.48881152931068533 END 
START 2.1825641025641027 5.092649572649573 -1.2252991452991453 -0.48008275200156597 0.11347410501855196 -0.549912970474521 END 
START 1.1104273504273505 3.9439316239316238 -0.8232478632478633 -0.6284719662565954 0.09601655040031319 -0.5062690839289241 END 
START 0.24888888888888888 3.1398290598290597 -0.2105982905982906 -1.0387244997852063 0.4277100881468497 0.27059209658270084 END 
START 0.13401709401709402 3.6184615384615384 0.03829059829059829 -1.2744014871314298 0.4713539746924466 0.28804965120093956 END 
START -0.09572649572649572 3.9056410256410254 0.057435897435897436 -1.5013496971685336 0.4102525335286109 0.183304323491507 END 
START -0.22974358974358974 4.269401709401709 0.24888888888888888 -1.7195691298965181 0.4277100881468497 0.1309316596367907 END 
START -0.4594871794871795 4.748034188034188 0.4594871794871795 -1.9377885626245026 0.4713539746924466 0.21821943272798452 END 
START -0.40205128205128204 6.183931623931624 0.67008547008547 -2.1821943272798454 0.5673705250927598 0.2356769873462233 END 
START -0.1723076923076923 7.9452991452991455 0.47863247863247865 -2.4091425373169493 0.5673705250927598 0.026186331927358142 END 
START 0.019145299145299145 9.515213675213674 0.4403418803418803 -2.5138878650263816 0.45389642007420783 -0.1483892142550295 END 
START -0.03829059829059829 11.314871794871795 0.650940170940171 -2.5138878650263816 0.3142359831282977 -0.20076187810974577 END 
START 0.24888888888888888 13.171965811965812 0.8615384615384616 -2.4877015330990235 0.3142359831282977 -0.21821943272798452 END 
START 0.8423931623931624 14.933333333333334 0.9764102564102564 -2.382956205389591 0.2793208738918202 -0.20076187810974577 END 
START 1.703931623931624 17.747692307692308 1.5507692307692307 -1.9988900037883384 0.08728777309119382 -0.3316935377465365 END 
START 2.125128205128205 18.666666666666668 1.6082051282051282 -1.675925243350921 0.008728777309119381 -0.3316935377465365 END 
START 2.488888888888889 18.78153846153846 1.9336752136752138 -1.3442317056043847 -0.10474532770943257 -0.3316935377465365 END 
START 2.756923076923077 18.60923076923077 2.0294017094017094 -1.0649108317125644 -0.09601655040031319 -0.24440576465534267 END 
START 3.312136752136752 18.36034188034188 2.01025641025641 -0.8117762897481025 -0.11347410501855196 -0.20076187810974577 END 
START 3.8482051282051284 18.015726495726497 1.9336752136752138 -0.5760993024018791 -0.16584676887326824 -0.21821943272798452 END 
START 4.499145299145299 17.077606837606837 1.9145299145299146 -0.3316935377465365 -0.27059209658270084 -0.3142359831282977 END 
START 4.9394871794871795 15.928888888888888 1.703931623931624 -0.09601655040031319 -0.4102525335286109 -0.27059209658270084 END 
START 5.188376068376068 14.78017094017094 1.7613675213675213 0.08728777309119382 -0.5760993024018791 -0.24440576465534267 END 
START 5.15008547008547 13.574017094017094 1.9336752136752138 0.24440576465534267 -0.8030475124389831 -0.20076187810974577 END 
START 4.843760683760684 12.444444444444445 2.3357264957264956 0.3142359831282977 -0.9950806132396095 -0.30550720581917834 END 
START 4.441709401709402 11.161709401709402 2.622905982905983 0.28804965120093956 -1.1696561594219972 -0.28804965120093956 END 
START 3.6567521367521367 9.515213675213674 3.0441025641025643 0.28804965120093956 -1.352960482913504 -0.11347410501855196 END 
START 3.427008547008547 9.036581196581196 2.986666666666667 0.25313454196446206 -1.4489770333138172 -0.026186331927358142 END 
START 3.2547008547008547 8.787692307692307 2.91008547008547 0.2356769873462233 -1.6148238021870855 -0.008728777309119381 END 
START 2.9483760683760685 8.423931623931624 2.9292307692307693 0.1483892142550295 -1.7457554618238762 -0.034915109236477525 END 
START 2.5463247863247864 8.366495726495726 2.890940170940171 0.06983021847295505 -1.7893993483694732 0.034915109236477525 END 
START 2.3165811965811964 8.71111111111111 2.776068376068376 -0.026186331927358142 -1.806856902987712 0.1396604369459101 END 
START 2.01025641025641 9.189743589743589 2.603760683760684 -0.06110144116383567 -1.9377885626245026 0.1483892142550295 END 
START 1.4741880341880342 9.438632478632478 2.7377777777777776 -0.06983021847295505 -2.147279218043368 0.06110144116383567 END 
START 0.650940170940171 9.438632478632478 3.1206837606837605 -0.06110144116383567 -2.1821943272798454 0.052372663854716284 END 
START -0.28717948717948716 9.553504273504274 3.273846153846154 -0.10474532770943257 -2.147279218043368 0.1483892142550295 END 
START -1.4933333333333334 10.08957264957265 3.4652991452991455 -0.20949065541886513 -2.1821943272798454 0.11347410501855196 END 
START -4.345982905982906 11.161709401709402 3.561025641025641 -0.30550720581917834 -2.0949065541886513 0.052372663854716284 END 
START -5.571282051282052 12.023247863247864 3.388717948717949 -0.27059209658270084 -1.83304323491507 0.06110144116383567 END 
START -6.145641025641026 12.616752136752137 3.063247863247863 -0.22694821003710391 -1.510078474477653 -0.017457554618238762 END 
START -6.356239316239316 12.980512820512821 2.5846153846153848 -0.12220288232767133 -1.1696561594219972 -0.08728777309119382 END 
START -6.471111111111111 13.095384615384615 2.105982905982906 -0.008728777309119381 -0.8903352855301769 -0.21821943272798452 END 
START -6.375384615384616 13.152820512820513 1.8188034188034188 0.11347410501855196 -0.6284719662565954 -0.27059209658270084 END 
START -6.069059829059829 13.535726495726495 1.3593162393162392 0.17457554618238763 -0.3316935377465365 -0.2356769873462233 END 
START -5.245811965811966 14.378119658119658 0.7275213675213675 0.21821943272798452 -0.017457554618238762 -0.30550720581917834 END 
START -4.135384615384615 15.105641025641026 0.07658119658119658 0.3753374242921334 0.183304323491507 -0.41898131083773027 END 
START -3.1206837606837605 15.46940170940171 -0.13401709401709402 0.593556857020118 0.22694821003710391 -0.4277100881468497 END 
START -2.0294017094017094 15.737435897435898 -0.11487179487179487 0.7855899578207443 0.34915109236477526 -0.20076187810974577 END 
START -0.8615384615384616 16.101196581196582 -0.28717948717948716 1.0212669451669676 0.44516764276508847 0.10474532770943257 END 
START 0.8615384615384616 17.115897435897438 -0.19145299145299144 1.3878755921499817 0.4102525335286109 0.06110144116383567 END 
START 1.4167521367521367 16.54153846153846 0.019145299145299145 1.536264806405011 0.2793208738918202 -0.2793208738918202 END 
START 1.6656410256410257 15.565128205128206 0.28717948717948716 1.7195691298965181 0.19203310080062638 -0.25313454196446206 END 
START 1.7613675213675213 14.971623931623931 0.5169230769230769 1.8417720122241894 0.15711799156414885 -0.1309316596367907 END 
START 1.8570940170940171 14.378119658119658 0.67008547008547 1.9552461172427413 0.10474532770943257 -0.017457554618238762 END 
START 1.7805128205128204 13.89948717948718 0.7849572649572649 2.042533890333935 0.052372663854716284 -0.026186331927358142 END 
START 1.6273504273504273 13.248547008547009 0.918974358974359 2.0774489995704126 0 -0.19203310080062638 END 
START 1.4933333333333334 12.329572649572649 0.918974358974359 2.129821663425129 -0.07855899578207443 -0.28804965120093956 END 
START 1.1487179487179486 11.314871794871795 0.9381196581196581 2.199651881898084 -0.12220288232767133 -0.20949065541886513 END 
START 0.8041025641025641 10.395897435897435 0.9572649572649573 2.217109436516323 -0.07855899578207443 -0.11347410501855196 END 
START 0.5169230769230769 9.247179487179487 0.9381196581196581 2.1909231045889648 -0.06983021847295505 -0.11347410501855196 END 
START 0.2105982905982906 8.098461538461539 0.7275213675213675 2.11236410880689 -0.04364388654559691 -0.1309316596367907 END 
START -0.057435897435897436 5.724444444444444 0 1.8941446760789058 0.017457554618238762 -0.10474532770943257 END 
START -0.057435897435897436 4.748034188034188 -0.5169230769230769 1.7457554618238762 0.08728777309119382 -0.017457554618238762 END 
START 0 3.963076923076923 -0.8423931623931624 1.5624511383323691 0.12220288232767133 0.09601655040031319 END 
START 0 3.4652991452991455 -1.301880341880342 1.3355029282952653 0.1483892142550295 0.034915109236477525 END 
START 0.057435897435897436 2.68034188034188 -1.837948717948718 1.099825940949042 0.16584676887326824 -0.052372663854716284 END 
START 0.057435897435897436 2.259145299145299 -2.2974358974358973 0.8903352855301769 0.183304323491507 0.008728777309119381 END 
START 0.07658119658119658 2.1442735042735044 -2.776068376068376 0.6459295208748342 0.21821943272798452 0.07855899578207443 END 
START 0.26803418803418805 2.5846153846153848 -3.2355555555555555 0.34915109236477526 0.3142359831282977 0.15711799156414885 END 
