START 1.4167521367521367 9.189743589743589 -3.695042735042735 -0.16584676887326824 -0.3578798696738946 0.25313454196446206 END 
START 1.1487179487179486 9.323760683760684 -3.6376068376068376 -0.183304323491507 -0.41898131083773027 0.19203310080062638 END 
START 0.8423931623931624 9.323760683760684 -3.4461538461538463 -0.22694821003710391 -0.43643886545596905 0.15711799156414885 END 
START 0.3063247863247863 9.323760683760684 -3.197264957264957 -0.2793208738918202 -0.4277100881468497 0.1483892142550295 END 
START -0.4594871794871795 9.381196581196582 -3.1398290598290597 -0.30550720581917834 -0.4277100881468497 0.11347410501855196 END 
START -1.9719658119658119 9.974700854700854 -2.8335042735042735 -0.2793208738918202 -0.34915109236477526 0.052372663854716284 END 
START -2.890940170940171 10.147008547008546 -2.603760683760684 -0.25313454196446206 -0.24440576465534267 0 END 
START -3.7333333333333334 10.147008547008546 -2.508034188034188 -0.22694821003710391 -0.11347410501855196 -0.07855899578207443 END 
START -4.326837606837607 10.204444444444444 -2.278290598290598 -0.22694821003710391 0.07855899578207443 -0.034915109236477525 END 
START -4.6523076923076925 10.587350427350428 -2.278290598290598 -0.27059209658270084 0.3142359831282977 0.07855899578207443 END 
START -4.8820512820512825 11.257435897435897 -2.4314529914529914 -0.25313454196446206 0.5411841931654017 0.17457554618238763 END 
START -5.073504273504273 11.602051282051281 -2.5654700854700856 -0.20949065541886513 0.663387075493073 0.026186331927358142 END 
START -5.15008547008547 11.468034188034189 -2.6994871794871793 -0.1483892142550295 0.7506748485842668 -0.08728777309119382 END 
START -5.15008547008547 11.582905982905983 -2.603760683760684 -0.10474532770943257 0.8292338443663412 -0.034915109236477525 END 
START -5.092649572649573 12.367863247863248 -2.259145299145299 -0.017457554618238762 0.9688942813122513 -0.12220288232767133 END 
START -4.671452991452991 12.942222222222222 -1.9719658119658119 0.052372663854716284 1.1609273821128776 -0.39279497891037213 END 
START -4.001367521367522 13.22940170940171 -1.7996581196581196 0.11347410501855196 1.3704180375317427 -0.6546582981839536 END 
START -3.0441025641025643 13.037948717948717 -1.7230769230769232 0.16584676887326824 1.6584676887326824 -0.9427079493848932 END 
START -0.057435897435897436 12.597606837606838 -1.8953846153846154 0.34042231505565584 1.990161226479219 -0.9427079493848932 END 
START 1.5699145299145298 12.827350427350428 -2.3165811965811964 0.366608646983014 1.990161226479219 -1.1783849367311166 END 
START 3.063247863247863 12.138119658119658 -2.393162393162393 0.38406620160125277 1.8417720122241894 -1.396604369459101 END 
START 3.8673504273504276 11.1808547008547 -2.259145299145299 0.43643886545596905 1.7108403525873987 -1.326774150986146 END 
START 4.1928205128205125 10.204444444444444 -2.01025641025641 0.43643886545596905 1.5886374702597275 -1.1783849367311166 END 
START 4.671452991452991 9.419487179487179 -1.8762393162393163 0.38406620160125277 1.510078474477653 -0.9601655040031319 END 
START 4.996923076923077 9.113162393162392 -1.8188034188034188 0.3578798696738946 1.4053331467682204 -0.7855899578207443 END 
START 5.188376068376068 8.806837606837608 -1.6847863247863248 0.296778428510059 1.2569439325131908 -0.7244885166569086 END 
START 5.188376068376068 8.213333333333333 -1.7613675213675213 0.20949065541886513 1.1172834955672808 -0.7506748485842668 END 
START 4.996923076923077 7.5432478632478634 -1.8188034188034188 0.1309316596367907 0.98635183593049 -0.7681324032025055 END 
START 4.6523076923076925 7.007179487179487 -1.8953846153846154 0.06983021847295505 0.8292338443663412 -0.7419460712751474 END 
START 3.790769230769231 4.805470085470086 -2.0485470085470086 -0.06983021847295505 0.6022856343292373 -0.49754030661980475 END 
START 3.312136752136752 4.614017094017094 -1.991111111111111 -0.2356769873462233 0.549912970474521 -0.2793208738918202 END 
START 3.063247863247863 4.748034188034188 -1.8570940170940171 -0.45389642007420783 0.48008275200156597 -0.30550720581917834 END 
START 2.756923076923077 4.499145299145299 -1.7422222222222221 -0.6284719662565954 0.40152375621949155 -0.39279497891037213 END 
START 2.278290598290598 3.9056410256410254 -1.6464957264957265 -0.7244885166569086 0.24440576465534267 -0.366608646983014 END 
START 1.6847863247863248 3.4461538461538463 -0.918974358974359 -0.84669139898458 0.16584676887326824 -0.1396604369459101 END 
START 1.0338461538461539 3.6184615384615384 -0.3829059829059829 -1.056182054403445 0.20076187810974577 0.07855899578207443 END 
START 0.8423931623931624 4.269401709401709 0 -1.326774150986146 0.24440576465534267 0.10474532770943257 END 
START 0.7083760683760684 5.0543589743589745 0.09572649572649572 -1.5886374702597275 0.28804965120093956 -0.034915109236477525 END 
START 0.3829059829059829 5.532991452991453 0.24888888888888888 -1.7981281256785926 0.27059209658270084 -0.21821943272798452 END 
START 0.019145299145299145 5.877606837606837 0.7658119658119658 -1.9028734533880252 0.24440576465534267 -0.19203310080062638 END 
START -0.24888888888888888 6.700854700854701 1.0912820512820514 -1.9377885626245026 0.20949065541886513 -0.04364388654559691 END 
START 0.11487179487179487 9.534358974358975 1.0912820512820514 -2.374227428080472 0.366608646983014 0.008728777309119381 END 
START 0.22974358974358974 10.893675213675214 0.8041025641025641 -2.470243978480785 0.2793208738918202 0.017457554618238762 END 
START 0.24888888888888888 13.057094017094018 0.7849572649572649 -2.426600091935188 0.1396604369459101 0.10474532770943257 END 
START 0.4211965811965812 15.641709401709402 0.9955555555555555 -2.321854764225755 0.052372663854716284 0.008728777309119381 END 
START 0.4594871794871795 17.154188034188035 1.3593162393162392 -2.1036353314977707 -0.07855899578207443 -0.27059209658270084 END 
START -0.13401709401709402 17.364786324786326 1.7613675213675213 -1.7893993483694732 -0.2618633192735814 -0.48881152931068533 END 
START -0.40205128205128204 17.288205128205128 2.3548717948717948 -1.579908692950608 -0.21821943272798452 -0.41898131083773027 END 
START -0.09572649572649572 17.9008547008547 2.220854700854701 -1.4227907013864591 -0.008728777309119381 -0.1309316596367907 END 
START 1.052991452991453 19.26017094017094 1.9528205128205127 -1.1609273821128776 0.1483892142550295 0.11347410501855196 END 
START 2.278290598290598 20.121709401709403 1.3784615384615384 -0.8205050670572218 0.1396604369459101 0.15711799156414885 END 
START 3.178119658119658 19.585641025641024 1.1487179487179486 -0.45389642007420783 0 -0.008728777309119381 END 
START 3.8290598290598292 18.14974358974359 1.0912820512820514 -0.12220288232767133 -0.10474532770943257 -0.10474532770943257 END 
START 4.958632478632478 15.258803418803419 1.0721367521367522 0.25313454196446206 -0.3578798696738946 0.06983021847295505 END 
START 5.2841025641025645 14.224957264957265 1.1487179487179486 0.3142359831282977 -0.5586417477836404 0.12220288232767133 END 
START 5.188376068376068 13.267692307692307 1.301880341880342 0.38406620160125277 -0.84669139898458 0.008728777309119381 END 
START 4.901196581196581 12.11897435897436 1.6847863247863248 0.4626251973833272 -1.1696561594219972 -0.017457554618238762 END 
START 4.326837606837607 11.276581196581196 2.201709401709402 0.5237266385471628 -1.3616892602226234 0.026186331927358142 END 
START 3.80991452991453 10.606495726495726 2.756923076923077 0.5411841931654017 -1.4402482560046979 0.07855899578207443 END 
START 3.273846153846154 9.821538461538461 3.063247863247863 0.48008275200156597 -1.510078474477653 0.10474532770943257 END 
START 2.795213675213675 9.266324786324786 3.2547008547008547 0.41898131083773027 -1.536264806405011 0.1483892142550295 END 
START 2.508034188034188 8.73025641025641 3.273846153846154 0.34915109236477526 -1.579908692950608 0.17457554618238763 END 
START 2.086837606837607 8.423931623931624 3.158974358974359 0.3142359831282977 -1.675925243350921 0.2356769873462233 END 
START 1.4933333333333334 8.232478632478632 3.178119658119658 0.22694821003710391 -1.806856902987712 0.2793208738918202 END 
START 0.13401709401709402 8.06017094017094 3.178119658119658 0.052372663854716284 -1.9377885626245026 0.34915109236477526 END 
START -0.8806837606837606 8.175042735042735 3.2164102564102564 -0.06983021847295505 -1.9639748945518607 0.366608646983014 END 
START -2.0294017094017094 8.653675213675214 3.082393162393162 -0.22694821003710391 -1.97270367186098 0.3142359831282977 END 
START -3.005811965811966 9.323760683760684 2.890940170940171 -0.3229647604374171 -1.9116022306971445 0.27059209658270084 END 
START -3.9247863247863246 10.338461538461539 2.795213675213675 -0.3316935377465365 -1.7893993483694732 0.2356769873462233 END 
START -4.614017094017094 11.2 2.5654700854700856 -0.30550720581917834 -1.5973662475688468 0.16584676887326824 END 
START -5.073504273504273 11.793504273504274 2.1825641025641027 -0.24440576465534267 -1.4315194786955785 0.052372663854716284 END 
START -5.532991452991453 12.272136752136753 1.8762393162393163 -0.19203310080062638 -1.239486377894952 -0.09601655040031319 END 
START -5.877606837606837 12.73162393162393 1.6082051282051282 -0.1309316596367907 -1.0125381678578482 -0.25313454196446206 END 
START -6.030769230769231 13.152820512820513 1.2635897435897436 -0.06110144116383567 -0.733217293966028 -0.3316935377465365 END 
START -5.647863247863248 13.765470085470085 0.918974358974359 0 -0.45389642007420783 -0.24440576465534267 END 
START -5.092649572649573 15.067350427350428 0.3829059829059829 0.183304323491507 -0.21821943272798452 -0.10474532770943257 END 
START -3.58017094017094 17.096752136752137 -0.057435897435897436 0.5324554158562822 0.1483892142550295 -0.3142359831282977 END 
START -2.776068376068376 17.594529914529915 -0.24888888888888888 0.8030475124389831 0.2793208738918202 -0.2618633192735814 END 
START -2.086837606837607 17.843418803418803 -0.22974358974358974 1.1347410501855195 0.3229647604374171 -0.15711799156414885 END 
START -1.455042735042735 17.843418803418803 0.057435897435897436 1.396604369459101 0.3753374242921334 -0.052372663854716284 END 
START -0.8615384615384616 17.862564102564104 0.24888888888888888 1.5886374702597275 0.4626251973833272 -0.052372663854716284 END 
START -0.22974358974358974 17.556239316239317 0.4403418803418803 1.7719417937512343 0.48881152931068533 -0.16584676887326824 END 
START 0.3063247863247863 16.79042735042735 0.5360683760683761 1.97270367186098 0.49754030661980475 -0.16584676887326824 END 
START 0.6317948717948718 16.005470085470087 0.5743589743589743 2.1647367726616067 0.4626251973833272 -0.06110144116383567 END 
START 1.0338461538461539 15.277948717948718 0.7275213675213675 2.3480410961531137 0.43643886545596905 0.08728777309119382 END 
START 1.1678632478632478 14.741880341880341 0.7849572649572649 2.4877015330990235 0.38406620160125277 0.1483892142550295 END 
START 1.1104273504273505 13.918632478632478 0.918974358974359 2.5662605288810982 0.296778428510059 -0.09601655040031319 END 
START 1.0912820512820514 11.065982905982906 0.8806837606837606 2.5924468608084563 0.24440576465534267 -0.25313454196446206 END 
START 0.9764102564102564 9.63008547008547 0.8615384615384616 2.636090747354053 0.20949065541886513 -0.21821943272798452 END 
START 0.8041025641025641 7.983589743589744 0.7466666666666667 2.5924468608084563 0.16584676887326824 -0.183304323491507 END 
START 0.5552136752136753 6.164786324786324 0.5743589743589743 2.4440576465534267 0.10474532770943257 -0.30550720581917834 END 
START 0.3829059829059829 4.288547008547009 0.3446153846153846 2.199651881898084 0.11347410501855196 -0.3142359831282977 END 
START 0.09572649572649572 2.776068376068376 0.03829059829059829 1.9203310080062639 0.183304323491507 -0.27059209658270084 END 
START -0.11487179487179487 1.4933333333333334 -0.3829059829059829 1.5449935837141304 0.3142359831282977 -0.183304323491507 END 
START -0.3446153846153846 0.40205128205128204 -1.0912820512820514 1.239486377894952 0.34042231505565584 -0.183304323491507 END 
START -0.6317948717948718 -1.0338461538461539 -1.5507692307692307 1.0649108317125644 0.30550720581917834 0.06110144116383567 END 
