START 0.4403418803418803 9.744957264957264 -4.728888888888889 -0.1483892142550295 -0.21821943272798452 0.17457554618238763 END 
START -0.019145299145299145 9.381196581196582 -4.25025641025641 -0.07855899578207443 -0.34042231505565584 0.2618633192735814 END 
START -0.918974358974359 9.381196581196582 -3.963076923076923 -0.07855899578207443 -0.27059209658270084 0.3142359831282977 END 
START -1.6464957264957265 9.802393162393162 -3.963076923076923 -0.1309316596367907 -0.08728777309119382 0.20076187810974577 END 
START -1.8953846153846154 10.281025641025641 -3.8290598290598292 -0.16584676887326824 0.08728777309119382 0.04364388654559691 END 
START -2.201709401709402 10.874529914529914 -3.8482051282051284 -0.07855899578207443 0.1483892142550295 -0.034915109236477525 END 
START -2.5846153846153848 10.98940170940171 -3.7524786324786326 0.06110144116383567 0.183304323491507 -0.15711799156414885 END 
START -3.197264957264957 10.683076923076923 -3.790769230769231 0.1309316596367907 0.296778428510059 -0.22694821003710391 END 
START -3.4844444444444442 10.740512820512821 -3.675897435897436 0.11347410501855196 0.48008275200156597 -0.21821943272798452 END 
START -3.9439316239316238 11.716923076923077 -3.388717948717949 0.09601655040031319 0.7506748485842668 -0.7244885166569086 END 
START -4.001367521367522 11.161709401709402 -3.3312820512820513 0.1309316596367907 0.8292338443663412 -1.0910971636399227 END 
START -4.135384615384615 10.376752136752136 -3.3695726495726497 0.21821943272798452 1.0212669451669676 -0.9601655040031319 END 
START -3.9247863247863246 10.75965811965812 -3.5227350427350426 0.2793208738918202 1.3355029282952653 -0.5673705250927598 END 
START -3.0441025641025643 11.908376068376068 -3.4652991452991455 0.34915109236477526 1.6410101341144436 -0.43643886545596905 END 
START -2.220854700854701 12.693333333333333 -3.388717948717949 0.43643886545596905 1.7108403525873987 -0.8030475124389831 END 
START -1.6847863247863248 12.31042735042735 -3.1398290598290597 0.5149978612380435 1.6584676887326824 -1.3791468148408623 END 
START -1.2061538461538461 11.1808547008547 -3.082393162393162 0.619743188947476 1.7108403525873987 -1.5275360290958917 END 
START -0.650940170940171 10.338461538461539 -3.1206837606837605 0.663387075493073 1.9116022306971445 -1.3005878190587878 END 
START 0.15316239316239316 10.357606837606838 -2.91008547008547 0.5848280797109986 2.086177776879532 -1.0910971636399227 END 
START 1.2827350427350428 10.931965811965812 -2.9675213675213676 0.48008275200156597 2.1909231045889648 -1.1783849367311166 END 
START 2.603760683760684 10.98940170940171 -3.2547008547008547 0.41898131083773027 2.1036353314977707 -1.6322813568053243 END 
START 4.211965811965812 8.462222222222222 -3.388717948717949 0.43643886545596905 1.9203310080062639 -1.2744014871314298 END 
START 4.901196581196581 8.27076923076923 -3.5418803418803417 0.38406620160125277 1.9116022306971445 -0.7681324032025055 END 
START 5.705299145299145 8.557948717948719 -3.695042735042735 0.34042231505565584 1.7893993483694732 -0.5411841931654017 END 
START 6.183931623931624 8.74940170940171 -3.982222222222222 0.27059209658270084 1.5624511383323691 -0.5848280797109986 END 
START 6.585982905982906 8.462222222222222 -4.058803418803419 0.24440576465534267 1.2831302644405491 -0.6546582981839536 END 
START 6.451965811965812 7.734700854700855 -4.097094017094017 0.2618633192735814 1.0387244997852063 -0.593556857020118 END 
START 6.356239316239316 7.045470085470085 -3.982222222222222 0.21821943272798452 0.8728777309119381 -0.3578798696738946 END 
START 6.011623931623932 7.026324786324786 -3.9439316239316238 0.17457554618238763 0.7506748485842668 -0.17457554618238763 END 
START 5.686153846153847 7.102905982905983 -3.8864957264957263 0.06110144116383567 0.6110144116383567 -0.30550720581917834 END 
START 5.418119658119658 6.930598290598291 -3.7716239316239317 0 0.44516764276508847 -0.3316935377465365 END 
START 4.805470085470086 6.815726495726496 -3.7333333333333334 -0.052372663854716284 0.28804965120093956 -0.3229647604374171 END 
START 3.4844444444444442 5.839316239316239 -3.3504273504273505 -0.1483892142550295 0.09601655040031319 -0.30550720581917834 END 
START 2.756923076923077 5.36068376068376 -3.292991452991453 -0.25313454196446206 0.026186331927358142 -0.3142359831282977 END 
START 2.201709401709402 4.8246153846153845 -3.1015384615384614 -0.4102525335286109 -0.04364388654559691 -0.41898131083773027 END 
START 1.5316239316239315 4.03965811965812 -2.8143589743589743 -0.5586417477836404 -0.10474532770943257 -0.4713539746924466 END 
START 0.7658119658119658 3.4844444444444442 -2.278290598290598 -0.733217293966028 -0.10474532770943257 -0.34915109236477526 END 
START 0.28717948717948716 3.292991452991453 -1.7805128205128204 -0.9514367266940126 -0.026186331927358142 -0.2618633192735814 END 
START 0 3.292991452991453 -1.4741880341880342 -1.1609273821128776 0.04364388654559691 -0.17457554618238763 END 
START -0.47863247863247865 3.58017094017094 -1.0912820512820514 -1.4140619240773398 0.052372663854716284 -0.183304323491507 END 
START -0.650940170940171 3.695042735042735 -0.7849572649572649 -1.6671964660418017 0.12220288232767133 -0.17457554618238763 END 
START -0.7083760683760684 4.001367521367522 -0.5169230769230769 -1.8854158987697864 0.27059209658270084 0.008728777309119381 END 
START -1.0721367521367522 4.6523076923076925 -0.22974358974358974 -2.0774489995704126 0.296778428510059 0.09601655040031319 END 
START -1.1295726495726495 5.724444444444444 0.1723076923076923 -2.2782108776801584 0.30550720581917834 -0.017457554618238762 END 
START -0.8041025641025641 7.7729914529914526 0.19145299145299144 -2.7233785204452468 0.39279497891037213 -0.19203310080062638 END 
START -0.8423931623931624 8.538803418803418 0.49777777777777776 -2.81939507084556 0.366608646983014 -0.07855899578207443 END 
START -0.6892307692307692 10.30017094017094 0.5935042735042735 -2.8717677347002764 0.38406620160125277 0.1396604369459101 END 
START -0.28717948717948716 12.808205128205127 0.8041025641025641 -2.932869175864112 0.366608646983014 0.06983021847295505 END 
START 0.019145299145299145 14.646153846153846 0.5552136752136753 -2.932869175864112 0.20949065541886513 -0.1309316596367907 END 
START 0.057435897435897436 16.13948717948718 0.8232478632478633 -2.732107297754366 0.1309316596367907 -0.20076187810974577 END 
START -0.15316239316239316 17.326495726495725 1.2444444444444445 -2.5138878650263816 0.034915109236477525 -0.34042231505565584 END 
START -0.19145299145299144 17.92 1.6656410256410257 -2.2520245457528003 0.017457554618238762 -0.48008275200156597 END 
START -0.07658119658119658 18.207179487179488 1.9719658119658119 -1.990161226479219 -0.008728777309119381 -0.4626251973833272 END 
START 0.24888888888888888 18.570940170940172 2.278290598290598 -1.7457554618238762 0.052372663854716284 -0.3316935377465365 END 
START 1.0147008547008547 18.934700854700854 2.24 -1.5275360290958917 0.17457554618238763 -0.17457554618238763 END 
START 1.9719658119658119 19.126153846153848 1.9528205128205127 -1.1783849367311166 0.24440576465534267 0 END 
START 3.58017094017094 18.436923076923076 1.4741880341880342 -0.38406620160125277 0.183304323491507 0.1483892142550295 END 
START 4.326837606837607 17.47965811965812 1.4741880341880342 -0.15711799156414885 0.06110144116383567 0 END 
START 4.843760683760684 16.40752136752137 1.4741880341880342 -0.034915109236477525 -0.08728777309119382 -0.1396604369459101 END 
START 5.245811965811966 15.392820512820514 1.301880341880342 0.11347410501855196 -0.25313454196446206 -0.183304323491507 END 
START 5.513846153846154 14.35897435897436 1.301880341880342 0.27059209658270084 -0.43643886545596905 -0.1396604369459101 END 
START 5.532991452991453 13.574017094017094 1.3593162393162392 0.43643886545596905 -0.6546582981839536 -0.06983021847295505 END 
START 5.2841025641025645 12.923076923076923 1.6656410256410257 0.5848280797109986 -0.9514367266940126 -0.1309316596367907 END 
START 4.8246153846153845 12.138119658119658 2.1825641025641027 0.663387075493073 -1.1609273821128776 -0.15711799156414885 END 
START 4.365128205128205 11.353162393162393 2.5846153846153848 0.7244885166569086 -1.3355029282952653 -0.10474532770943257 END 
START 3.790769230769231 10.817094017094018 2.890940170940171 0.7681324032025055 -1.4402482560046979 -0.026186331927358142 END 
START 3.292991452991453 10.395897435897435 3.1398290598290597 0.7244885166569086 -1.5013496971685336 -0.07855899578207443 END 
START 3.178119658119658 9.898119658119658 3.082393162393162 0.6895734074204312 -1.5537223610232498 -0.07855899578207443 END 
START 2.7377777777777776 9.783247863247864 3.1015384615384614 0.619743188947476 -1.7108403525873987 0.034915109236477525 END 
START 2.374017094017094 9.649230769230769 3.178119658119658 0.5848280797109986 -1.7806705710603539 0 END 
START 1.991111111111111 9.476923076923077 3.063247863247863 0.549912970474521 -1.8155856802968313 -0.034915109236477525 END 
START 1.5699145299145298 9.228034188034188 3.024957264957265 0.48008275200156597 -1.8505007895333088 -0.034915109236477525 END 
START 1.2827350427350428 9.036581196581196 2.8526495726495726 0.4277100881468497 -1.8243144576059507 0.08728777309119382 END 
START 0.9572649572649573 9.094017094017094 2.68034188034188 0.39279497891037213 -1.8505007895333088 0.28804965120093956 END 
START 0.47863247863247865 9.342905982905982 2.393162393162393 0.3753374242921334 -1.8854158987697864 0.38406620160125277 END 
START -0.057435897435897436 9.457777777777778 2.2974358974358973 0.28804965120093956 -1.946517339933622 0.3142359831282977 END 
START -0.8423931623931624 9.572649572649572 2.105982905982906 0.20949065541886513 -2.0250763357156965 0.27059209658270084 END 
START -2.01025641025641 9.649230769230769 2.01025641025641 0.1396604369459101 -2.033805113024816 0.24440576465534267 END 
START -3.388717948717949 9.878974358974359 1.8762393162393163 0.06110144116383567 -1.9552461172427413 0.296778428510059 END 
START -5.494700854700855 10.644786324786324 1.3593162393162392 0.10474532770943257 -1.6584676887326824 0.44516764276508847 END 
START -6.279658119658119 10.970256410256411 1.2444444444444445 0.08728777309119382 -1.4926209198594143 0.07855899578207443 END 
START -6.681709401709401 10.855384615384615 1.052991452991453 0 -1.2482151552040714 -0.3753374242921334 END 
START -6.471111111111111 10.72136752136752 0.650940170940171 -0.026186331927358142 -0.9077928401484157 -0.48008275200156597 END 
START -5.973333333333334 10.874529914529914 0.19145299145299144 0.06110144116383567 -0.6022856343292373 -0.40152375621949155 END 
START -4.460854700854701 11.065982905982906 -0.3829059829059829 0.1396604369459101 -0.12220288232767133 -0.3753374242921334 END 
START -3.5035897435897434 11.238290598290599 -0.6317948717948718 0.10474532770943257 0.008728777309119381 -0.4713539746924466 END 
START -2.488888888888889 11.621196581196582 -0.918974358974359 0.052372663854716284 0.1309316596367907 -0.49754030661980475 END 
START -1.5124786324786326 12.061538461538461 -1.1487179487179486 0.10474532770943257 0.20076187810974577 -0.4277100881468497 END 
START -0.7466666666666667 12.54017094017094 -1.34017094017094 0.183304323491507 0.21821943272798452 -0.24440576465534267 END 
START -0.19145299145299144 13.44 -1.4741880341880342 0.296778428510059 0.21821943272798452 -0.11347410501855196 END 
START 0.5169230769230769 14.35897435897436 -1.3784615384615384 0.44516764276508847 0.11347410501855196 -0.10474532770943257 END 
START 0.5360683760683761 14.58871794871795 -1.1487179487179486 0.5237266385471628 0.09601655040031319 0.008728777309119381 END 
START 0.5552136752136753 15.067350427350428 -1.1295726495726495 0.6459295208748342 0.07855899578207443 0.04364388654559691 END 
START 0.6892307692307692 15.067350427350428 -0.918974358974359 0.8117762897481025 0.026186331927358142 0.09601655040031319 END 
START 0.4594871794871795 15.067350427350428 -0.5360683760683761 0.9776230586213707 0.034915109236477525 0.20949065541886513 END 
START 0.3446153846153846 15.00991452991453 -0.5169230769230769 1.073639609021684 0.08728777309119382 0.20949065541886513 END 
START 0.5360683760683761 14.895042735042734 -0.5360683760683761 1.1958424913493553 0.1309316596367907 0.20949065541886513 END 
START 0.5935042735042735 14.646153846153846 -0.6317948717948718 1.352960482913504 0.11347410501855196 0.22694821003710391 END 
START 0.4594871794871795 14.397264957264957 -0.5360683760683761 1.510078474477653 0.09601655040031319 0.20949065541886513 END 
START 0.49777777777777776 13.803760683760684 -0.47863247863247865 1.579908692950608 0.12220288232767133 0.1309316596367907 END 
START 0.6317948717948718 13.19111111111111 -0.67008547008547 1.6584676887326824 0.1483892142550295 0.16584676887326824 END 
START 0.7083760683760684 12.042393162393163 -0.918974358974359 1.83304323491507 0.12220288232767133 0.21821943272798452 END 
START 0.6317948717948718 11.678632478632478 -1.0338461538461539 1.8592295668424281 0.11347410501855196 0.19203310080062638 END 
START 0.7466666666666667 11.238290598290599 -1.1487179487179486 1.8766871214606669 0.1309316596367907 0.1396604369459101 END 
START 0.7466666666666667 10.702222222222222 -1.1487179487179486 1.8854158987697864 0.1309316596367907 0.12220288232767133 END 
START 0.67008547008547 10.032136752136752 -1.3784615384615384 1.9116022306971445 0.10474532770943257 0.06110144116383567 END 
START 0.67008547008547 9.247179487179487 -1.6656410256410257 1.9203310080062639 0.08728777309119382 -0.008728777309119381 END 
START 0.67008547008547 8.27076923076923 -1.6847863247863248 1.8941446760789058 0.08728777309119382 -0.008728777309119381 END 
START 0.5935042735042735 7.141196581196581 -1.7805128205128204 1.8505007895333088 0.07855899578207443 -0.034915109236477525 END 
START 0.40205128205128204 5.935042735042735 -1.7422222222222221 1.763213016442115 0.06983021847295505 -0.10474532770943257 END 
START 0.3446153846153846 4.786324786324786 -1.8953846153846154 1.5973662475688468 0.09601655040031319 -0.17457554618238763 END 
START 0.28717948717948716 3.695042735042735 -2.0294017094017094 1.396604369459101 0.11347410501855196 -0.24440576465534267 END 
START 0.3446153846153846 2.7377777777777776 -2.3165811965811964 1.1609273821128776 0.1309316596367907 -0.34042231505565584 END 
START 0.4403418803418803 0.28717948717948716 -3.005811965811966 0.3578798696738946 0.17457554618238763 0.2793208738918202 END 
START 0.6317948717948718 1.3976068376068376 -3.6567521367521367 -0.008728777309119381 0.2618633192735814 0.3753374242921334 END 
START 1.0721367521367522 2.9292307692307693 -4.403418803418804 -0.2356769873462233 0.3316935377465365 0.21821943272798452 END 
