START -2.91008547008547 1.6082051282051282 -1.8953846153846154 0.4626251973833272 -0.8728777309119381 -0.15711799156414885 END 
START -3.388717948717949 0.5743589743589743 -1.435897435897436 0.1483892142550295 -0.48008275200156597 -0.5324554158562822 END 
START -3.963076923076923 0.019145299145299145 -1.6464957264957265 -0.04364388654559691 0.06110144116383567 -0.5237266385471628 END 
START -4.862905982905983 0.3254700854700855 -1.991111111111111 -0.183304323491507 0.41898131083773027 -0.593556857020118 END 
START -5.628717948717949 0.47863247863247865 -2.1442735042735044 -0.22694821003710391 0.6721158528021923 -0.7681324032025055 END 
START -6.356239316239316 0.4594871794871795 -1.7613675213675213 -0.28804965120093956 0.9339791720757737 -0.8903352855301769 END 
START -6.662564102564103 0.4403418803418803 -1.0912820512820514 -0.4277100881468497 1.352960482913504 -0.9252503947666544 END 
START -6.796581196581196 0.6892307692307692 -0.5360683760683761 -0.7244885166569086 1.9028734533880252 -0.8728777309119381 END 
START -6.681709401709401 1.2827350427350428 -0.4594871794871795 -1.029995722476087 2.3916849826987105 -0.8030475124389831 END 
START -6.203076923076923 2.4314529914529914 0.3829059829059829 -1.2220288232767134 2.8543101800820376 -0.7506748485842668 END 
START -5.552136752136752 3.3695726495726497 1.2061538461538461 -1.466434587932056 3.2820202682288873 -0.8641489536028187 END 
START -3.2355555555555555 5.877606837606837 2.5846153846153848 -1.9639748945518607 4.111254112595229 -0.9950806132396095 END 
START -1.2444444444444445 7.868717948717949 2.890940170940171 -2.1647367726616067 4.268372104159377 -1.187113714040236 END 
START 0.019145299145299145 9.094017094017094 3.2547008547008547 -2.356769873462233 4.22472821761378 -1.5275360290958917 END 
START 2.795213675213675 11.372307692307693 3.6184615384615384 -2.5138878650263816 4.399303763796168 -1.4315194786955785 END 
START 8.04102564102564 15.584273504273504 3.6567521367521367 -2.5662605288810982 4.477862759578243 -1.1434698274946389 END 
START 12.444444444444445 20.102564102564102 2.8335042735042735 -2.321854764225755 3.9715936756493186 -1.3616892602226234 END 
START 15.431111111111111 22.534017094017095 2.661196581196581 -1.8941446760789058 3.072529612810022 -1.763213016442115 END 
START 16.59897435897436 24.64 3.1398290598290597 -1.5188072517867723 2.470243978480785 -1.187113714040236 END 
START 18.13059829059829 27.377777777777776 3.4844444444444442 -1.073639609021684 2.3393123188439944 -0.183304323491507 END 
START 20.1791452991453 30.01982905982906 3.5418803418803417 -0.5149978612380435 2.295668432298397 0.549912970474521 END 
START 21.76820512820513 31.398290598290597 2.68034188034188 0.2356769873462233 1.9377885626245026 0.9601655040031319 END 
START 21.615042735042735 30.823931623931625 1.7230769230769232 1.0823683863308033 1.2569439325131908 0.9776230586213707 END 
START 18.85811965811966 25.386666666666667 2.5654700854700856 2.478972755789904 0.2618633192735814 1.6148238021870855 END 
START 16.426666666666666 22.15111111111111 3.024957264957265 2.950326730482351 -0.16584676887326824 1.9116022306971445 END 
START 13.363418803418803 19.011282051282052 3.8673504273504276 3.255833936301529 -0.593556857020118 1.7719417937512343 END 
START 10.72136752136752 15.603418803418803 4.3076923076923075 3.38676559593832 -0.8816065082210575 1.4053331467682204 END 
START 8.634529914529914 12.501880341880343 4.671452991452991 3.4478670371021556 -1.1085547182581614 1.1783849367311166 END 
START 6.892307692307693 9.764102564102565 4.92034188034188 3.4216807051747975 -1.2569439325131908 1.1696561594219972 END 
START 5.532991452991453 7.3709401709401705 4.8246153846153845 3.299477822847126 -1.352960482913504 1.1260122728764002 END 
START 4.441709401709402 5.130940170940171 4.518290598290598 3.116173499355619 -1.4577058106229366 0.9776230586213707 END 
START 3.695042735042735 3.1398290598290597 4.269401709401709 2.932869175864112 -1.5449935837141304 0.916521617457535 END 
START 3.1206837606837605 1.4167521367521367 4.058803418803419 2.6884634112087693 -1.5624511383323691 1.0649108317125644 END 
START 2.4697435897435898 0.057435897435897436 3.5035897435897434 2.4091425373169493 -1.5188072517867723 1.1085547182581614 END 
START 2.0294017094017094 -1.2061538461538461 3.063247863247863 2.1036353314977707 -1.4489770333138172 0.8554201762936994 END 
START 1.8188034188034188 -4.116239316239316 2.086837606837607 1.3791468148408623 -1.213300045967594 0.2793208738918202 END 
START 1.9719658119658119 -5.15008547008547 1.6464957264957265 1.029995722476087 -1.1434698274946389 0.28804965120093956 END 
START 2.086837606837607 -5.839316239316239 1.1295726495726495 0.6022856343292373 -1.0649108317125644 0.34915109236477526 END 
START 2.0294017094017094 -6.260512820512821 0.67008547008547 0.17457554618238763 -0.98635183593049 0.2793208738918202 END 
START 1.9719658119658119 -6.662564102564103 0.4403418803418803 -0.30550720581917834 -0.9339791720757737 0.052372663854716284 END 
START 1.991111111111111 -6.854017094017094 0.3254700854700855 -0.8205050670572218 -0.8030475124389831 -0.06983021847295505 END 
START 1.991111111111111 -6.547692307692308 0.3446153846153846 -1.3180453736770266 -0.7070309620386699 -0.08728777309119382 END 
START 2.0485470085470086 -5.954188034188034 0.4403418803418803 -1.7370266845147568 -0.7419460712751474 -0.06110144116383567 END 
START 2.1634188034188035 -5.264957264957265 1.0338461538461539 -2.1560079953524873 -0.7419460712751474 0 END 
START 2.1825641025641027 -4.345982905982906 1.589059829059829 -2.609904415426695 -0.6546582981839536 0 END 
START 2.0676923076923077 -3.2547008547008547 2.1634188034188035 -3.089987167428261 -0.5760993024018791 -0.1483892142550295 END 
START 1.991111111111111 -0.8041025641025641 3.1398290598290597 -4.023966339504034 -0.4713539746924466 -0.38406620160125277 END 
START 2.4697435897435898 0.9764102564102564 3.7524786324786326 -4.486591536887362 -0.4626251973833272 -0.20949065541886513 END 
START 3.8864957264957263 3.6376068376068376 4.25025641025641 -5.001589398125406 -0.3753374242921334 0.4277100881468497 END 
START 4.843760683760684 8.787692307692307 4.862905982905983 -5.5078584820543295 -0.3142359831282977 0.9950806132396095 END 
START 4.441709401709402 16.40752136752137 5.341538461538462 -5.699891582854956 -0.3753374242921334 0.34915109236477526 END 
START 4.077948717948718 22.476581196581197 5.781880341880342 -5.5078584820543295 -0.5673705250927598 -1.1085547182581614 END 
START 3.6376068376068376 26.133333333333333 5.513846153846154 -4.923030402343331 -0.7419460712751474 -1.6060950248779662 END 
START 3.1206837606837605 28.296752136752136 4.901196581196581 -3.9715936756493186 -0.7681324032025055 -0.8728777309119381 END 
START 2.278290598290598 28.985982905982905 3.6567521367521367 -2.993970617027948 -0.5586417477836404 -0.183304323491507 END 
START 1.6656410256410257 27.56923076923077 2.4123076923076923 -2.1210928861160094 -0.3229647604374171 -0.44516764276508847 END 
START 2.1634188034188035 24.42940170940171 1.4933333333333334 -1.4751633652411755 -0.09601655040031319 -0.7506748485842668 END 
START 3.082393162393162 21.672478632478633 0.6317948717948718 -0.9776230586213707 0.12220288232767133 -0.48881152931068533 END 
START 5.667008547008547 18.379487179487178 -0.4403418803418803 -0.2793208738918202 0.25313454196446206 0.17457554618238763 END 
START 6.164786324786324 16.924444444444443 -0.6126495726495726 0.034915109236477525 0.1309316596367907 0.296778428510059 END 
START 5.743589743589744 15.545982905982905 -0.40205128205128204 0.3316935377465365 0 0.10474532770943257 END 
START 5.37982905982906 13.593162393162393 -0.09572649572649572 0.5149978612380435 -0.052372663854716284 -0.22694821003710391 END 
