START 2.4505982905982906 14.033504273504274 -9.074871794871795 -2.3305835415348746 -0.44516764276508847 0.3578798696738946 END 
START 1.0721367521367522 14.875897435897436 -10.683076923076923 -1.7806705710603539 -0.6022856343292373 0.026186331927358142 END 
START 0.24888888888888888 17.326495726495725 -11.085128205128205 -0.6546582981839536 -0.4277100881468497 -0.20949065541886513 END 
START 1.7996581196581196 19.45162393162393 -11.008547008547009 0.7594036258933862 -0.052372663854716284 -1.0387244997852063 END 
START 3.082393162393162 22.246837606837605 -10.223589743589743 1.5973662475688468 -0.1483892142550295 -2.016347558406577 END 
START 5.226666666666667 23.587008547008548 -7.926153846153846 2.217109436516323 -0.593556857020118 -2.915411621245873 END 
START 8.50051282051282 23.663589743589743 -8.136752136752136 2.9852418397188285 -1.675925243350921 -3.7795605748486922 END 
START 5.341538461538462 18.666666666666668 -4.518290598290598 2.086177776879532 -0.3753374242921334 -3.430409482483917 END 
START 5.743589743589744 13.095384615384615 -5.877606837606837 3.3082066001562453 0.34042231505565584 -3.8144756840851697 END 
START 3.9056410256410254 5.130940170940171 -4.288547008547009 2.636090747354053 0.20076187810974577 -4.09379655797699 END 
START 2.5654700854700856 -4.862905982905983 -3.5227350427350426 2.016347558406577 0.10474532770943257 -3.9890512302675574 END 
START 0.9764102564102564 -13.66974358974359 -3.063247863247863 1.2569439325131908 0.5237266385471628 -2.4091425373169493 END 
START 1.7805128205128204 -14.646153846153846 -4.4225641025641025 0.6372007435657149 1.239486377894952 -1.2045712686584746 END 
START 9.189743589743589 -16.464957264957263 -8.825982905982906 -0.11347410501855196 1.9028734533880252 0.366608646983014 END 
START 4.326837606837607 -18.80068376068376 -11.774358974358975 -0.7419460712751474 0.8292338443663412 0.663387075493073 END 
START -0.26803418803418805 -14.35897435897436 -13.478290598290599 -1.5275360290958917 -0.4713539746924466 0.7244885166569086 END 
START -1.589059829059829 -9.438632478632478 -12.655042735042736 -1.1172834955672808 -0.366608646983014 0.7419460712751474 END 
START -1.2827350427350428 -7.811282051282051 -10.147008547008546 -0.49754030661980475 0.8641489536028187 1.073639609021684 END 
START 0.7466666666666667 -6.279658119658119 -8.194188034188034 -0.28804965120093956 1.2831302644405491 1.0823683863308033 END 
START 0.11487179487179487 -6.337094017094017 -10.319316239316239 -0.7943187351298637 -0.619743188947476 -0.017457554618238762 END 
START 0.11487179487179487 -5.456410256410257 -10.75965811965812 -0.6284719662565954 -0.8641489536028187 0 END 
START -1.455042735042735 -4.3076923076923075 -10.702222222222222 0.04364388654559691 0.017457554618238762 0.1396604369459101 END 
START -1.301880341880342 -3.8290598290598292 -11.238290598290599 0.3753374242921334 0.7681324032025055 -0.183304323491507 END 
START 0.26803418803418805 -3.675897435897436 -12.157264957264957 0.8030475124389831 1.0387244997852063 -0.4277100881468497 END 
START 1.6082051282051282 -5.992478632478632 -12.635897435897435 1.0212669451669676 0.7070309620386699 -0.39279497891037213 END 
START 1.991111111111111 -6.394529914529914 -12.31042735042735 1.2656727098223102 0.2356769873462233 -0.2793208738918202 END 
START 1.2635897435897436 -6.72 -11.161709401709402 1.7893993483694732 0.41898131083773027 -0.1309316596367907 END 
START 1.7422222222222221 -7.3709401709401705 -9.649230769230769 2.5662605288810982 1.0212669451669676 0.11347410501855196 END 
START 2.8335042735042735 -9.342905982905982 -7.16034188034188 3.203461272446813 1.3442317056043847 0.43643886545596905 END 
START 5.035213675213675 -13.267692307692307 -3.7333333333333334 3.4391382597930362 1.2831302644405491 0.8641489536028187 END 
START 8.50051282051282 -17.843418803418803 0.7466666666666667 3.692272801757498 1.5711799156414885 1.6846540206600407 END 
START 5.341538461538462 -22.4191452991453 4.25025641025641 3.4391382597930362 2.1036353314977707 3.177274940519455 END 
START 4.154529914529914 -22.22769230769231 4.460854700854701 2.40041376000783 2.042533890333935 3.116173499355619 END 
START 4.48 -20.81094017094017 1.8953846153846154 1.1434698274946389 1.352960482913504 3.046343280882664 END 
START 3.3504273504273505 -18.53264957264957 0.2105982905982906 0.06110144116383567 0.6808446301113117 3.893034679867244 END 
START 0.5360683760683761 -14.052649572649573 1.187008547008547 -1.2918590417496685 0.2356769873462233 3.6748152471392594 END 
START -1.9145299145299146 -9.17059829059829 3.4844444444444442 -2.5138878650263816 1.396604369459101 2.5924468608084563 END 
START 4.614017094017094 -5.130940170940171 3.178119658119658 -3.1947324951376936 2.243295768443681 2.522616642335501 END 
START 7.524102564102564 1.991111111111111 9.074871794871795 -4.460405204960003 3.8319332387034084 3.52642603288423 END 
START 13.554871794871795 20.40888888888889 9.878974358974359 -5.961754902128537 5.7522642467096725 3.5176972555751105 END 
START 17.9008547008547 37.02700854700855 13.976068376068376 -9.060470846865918 7.026665733841102 2.0774489995704126 END 
START 34.95931623931624 51.80717948717949 7.811282051282051 -10.85859897254451 9.008098183011201 1.4577058106229366 END 
START 18.14974358974359 39.57333333333333 -42.5217094017094 -5.664976473618478 -1.187113714040236 1.1958424913493553 END 
START 2.5463247863247864 31.953504273504272 -24.046495726495728 -2.7582936296817246 -7.183783725405251 -1.3005878190587878 END 
START 4.097094017094017 11.2191452991453 3.4461538461538463 1.8679583441515475 -2.557531751571979 -1.4227907013864591 END 
START 10.549059829059829 -4.9394871794871795 11.65948717948718 4.591336864596794 3.0812583901191415 0.6284719662565954 END 
START 12.884786324786324 -10.740512820512821 7.811282051282051 2.0774489995704126 2.0250763357156965 1.326774150986146 END 
START 3.7716239316239317 4.154529914529914 -5.973333333333334 -2.5488029742628595 -1.675925243350921 0.034915109236477525 END 
START 1.6464957264957265 8.117606837606838 -12.712478632478632 -1.396604369459101 -0.08728777309119382 -0.916521617457535 END 
START 9.074871794871795 6.222222222222222 -15.46940170940171 0.07855899578207443 1.0910971636399227 -0.619743188947476 END 
START 11.334017094017094 4.92034188034188 -12.903931623931625 0.7768611805116249 0.593556857020118 0.1309316596367907 END 
START 7.217777777777778 3.4461538461538463 -8.098461538461539 0.5760993024018791 -0.034915109236477525 0.2356769873462233 END 
START 7.026324786324786 1.34017094017094 -6.547692307692308 -0.08728777309119382 0.1396604369459101 -0.183304323491507 END 
START 10.644786324786324 5.092649572649573 -12.923076923076923 -0.9252503947666544 0.1396604369459101 -0.5673705250927598 END 
START 8.021880341880342 6.930598290598291 -14.11008547008547 -1.0823683863308033 -0.8030475124389831 -0.9252503947666544 END 
START 8.155897435897437 5.705299145299145 -13.095384615384615 -0.7943187351298637 -0.916521617457535 -0.9427079493848932 END 
START 9.706666666666667 3.8290598290598292 -12.367863247863248 -0.15711799156414885 -0.034915109236477525 -0.549912970474521 END 
START 10.663931623931624 3.2547008547008547 -12.444444444444445 0.34042231505565584 0.6808446301113117 -0.17457554618238763 END 
START 10.127863247863248 4.5948717948717945 -12.34871794871795 0.09601655040031319 0.4713539746924466 -0.3753374242921334 END 
START 8.691965811965812 6.432820512820513 -11.602051282051281 -0.41898131083773027 -0.4626251973833272 -1.1958424913493553 END 
START 7.524102564102564 7.811282051282051 -10.127863247863248 -0.7244885166569086 -1.239486377894952 -2.11236410880689 END 
START 8.691965811965812 7.4858119658119655 -7.734700854700855 -0.4277100881468497 -0.9514367266940126 -2.2520245457528003 END 
