START 4.077948717948718 0.5169230769230769 -3.7141880341880342 -1.4402482560046979 -1.4751633652411755 0.11347410501855196 END 
START 3.2547008547008547 0.1723076923076923 -5.322393162393162 -1.483892142550295 -2.217109436516323 -0.2618633192735814 END 
START 3.58017094017094 -0.5743589743589743 -5.743589743589744 -1.3878755921499817 -2.5662605288810982 -0.3578798696738946 END 
START 5.303247863247863 -2.3357264957264956 -5.705299145299145 -1.510078474477653 -2.173465549970726 -0.07855899578207443 END 
START 7.562393162393162 -3.2164102564102564 -5.628717948717949 -1.5973662475688468 -1.7719417937512343 0.3578798696738946 END 
START 8.615384615384615 -2.8335042735042735 -5.992478632478632 -1.5449935837141304 -2.1385504407342486 0.22694821003710391 END 
START 9.534358974358975 -2.9483760683760685 -6.681709401709401 -1.4751633652411755 -2.5662605288810982 -0.12220288232767133 END 
START 10.012991452991454 -3.273846153846154 -7.332649572649573 -1.3791468148408623 -2.321854764225755 0 END 
START 9.438632478632478 -2.3165811965811964 -9.036581196581196 -1.2482151552040714 -1.213300045967594 0.2618633192735814 END 
START 9.419487179487179 -2.4123076923076923 -10.147008547008546 -0.9514367266940126 -0.7244885166569086 0.38406620160125277 END 
START 9.132307692307693 -2.8143589743589743 -11.142564102564103 -0.49754030661980475 -0.593556857020118 0.3229647604374171 END 
START 8.845128205128205 -3.8864957264957263 -11.42974358974359 -0.17457554618238763 -0.5062690839289241 0.2793208738918202 END 
START 9.553504273504274 -5.628717948717949 -11.065982905982906 0.12220288232767133 -0.19203310080062638 0.3316935377465365 END 
START 10.893675213675214 -8.232478632478632 -10.817094017094018 0.2356769873462233 0.20949065541886513 0.30550720581917834 END 
START 11.372307692307693 -10.702222222222222 -11.008547008547009 0.34042231505565584 0.6459295208748342 0.3316935377465365 END 
START 11.123418803418803 -13.22940170940171 -11.87008547008547 0.5149978612380435 1.1347410501855195 0.2356769873462233 END 
START 10.147008547008546 -15.45025641025641 -11.831794871794871 0.7768611805116249 1.510078474477653 0.07855899578207443 END 
START 9.20888888888889 -16.80957264957265 -10.817094017094018 0.7419460712751474 2.0687202222612933 -0.22694821003710391 END 
START 8.347350427350428 -18.226324786324785 -9.515213675213674 0.4713539746924466 3.1685461632103356 -0.3316935377465365 END 
START 7.61982905982906 -20.255726495726496 -7.9452991452991455 0.008728777309119381 4.329473545323213 -0.2356769873462233 END 
START 7.677264957264957 -20.40888888888889 -6.643418803418803 -0.84669139898458 5.411841931654016 0.3229647604374171 END 
START 5.513846153846154 -16.905299145299146 -4.690598290598291 -1.1521986048037582 5.202351276235151 0.7419460712751474 END 
START 2.986666666666667 -14.052649572649573 -1.1487179487179486 -1.8941446760789058 5.272181494708106 0.45389642007420783 END 
START 1.187008547008547 -11.391452991452992 2.5463247863247864 -3.1947324951376936 5.857009574419105 0.5324554158562822 END 
START -2.488888888888889 -7.236923076923077 6.892307692307693 -4.739726078851824 6.8084463011131175 1.2918590417496685 END 
START -5.935042735042735 -0.22974358974358974 12.138119658119658 -6.014127565983253 7.75988302780713 1.4053331467682204 END 
START -7.4858119658119655 8.404786324786325 18.34119658119658 -6.424380099511865 8.536744208318755 0.7681324032025055 END 
START -9.515213675213674 17.192478632478633 28.947692307692307 -6.555311759148656 9.802416918141065 -0.5586417477836404 END 
START 2.7377777777777776 23.874188034188034 49.85435897435897 -7.786069359734488 13.180453736770266 -1.2482151552040714 END 
START 30.44102564102564 22.782905982905984 64.02188034188035 -9.73258669966811 18.836701433079625 2.767022406990844 END 
START 27.856410256410257 24.850598290598292 26.095042735042735 -10.265042115524393 10.85859897254451 0.3142359831282977 END 
START 4.269401709401709 29.847521367521367 -22.4191452991453 -4.835742629252137 -4.565150532669437 -6.887005296895191 END 
START 8.251623931623932 12.57846153846154 -3.5035897435897434 4.2334569949229 -0.6022856343292373 0.6546582981839536 END 
START 6.681709401709401 9.20888888888889 10.549059829059829 5.726077914782314 -4.338202322632332 -0.6022856343292373 END 
START 8.423931623931624 8.098461538461539 19.43247863247863 6.337092326420671 -5.603875032454643 -0.15711799156414885 END 
START 7.504957264957265 9.610940170940172 21.557606837606837 5.647518919000239 -5.8831959063464625 -0.08728777309119382 END 
START 6.222222222222222 9.228034188034188 17.44136752136752 5.0103181754345245 -6.852090187658714 -1.2045712686584746 END 
START 6.413675213675214 10.032136752136752 13.305982905982907 4.94048795696157 -8.074119010935428 -2.836852625463799 END 
START 7.026324786324786 11.372307692307693 8.845128205128205 5.350740490490181 -9.278690279593903 -4.303287213395855 END 
START 6.834871794871795 13.363418803418803 5.724444444444444 6.040313897910612 -9.924619800468736 -5.987941234055896 END 
START 9.457777777777778 11.353162393162393 6.203076923076923 6.363278658348029 -8.798607527592337 -6.075229007147089 END 
START 7.562393162393162 8.213333333333333 4.326837606837607 6.049042675219731 -5.534044813981688 -3.2209188270650517 END 
START 2.5846153846153848 6.94974358974359 0.918974358974359 5.865738351728224 -4.023966339504034 -1.7370266845147568 END 
START -0.22974358974358974 0 0.07658119658119658 5.403113154344897 -5.490400927436091 -2.9590555077914704 END 
START 2.0294017094017094 -5.092649572649573 -1.5316239316239315 4.626251973833272 -4.896844070415973 -2.059991444952174 END 
START 2.756923076923077 -9.783247863247864 -3.695042735042735 3.020156948955306 -3.343121709392723 -0.7855899578207443 END 
START 5.226666666666667 -12.463589743589743 -8.366495726495726 2.243295768443681 -2.557531751571979 -0.6110144116383567 END 
START 13.937777777777777 -14.933333333333334 -10.644786324786324 2.0512626676430545 -3.709730356375737 -1.2482151552040714 END 
START 25.09948717948718 -16.962735042735044 -9.821538461538461 1.510078474477653 -4.477862759578243 -0.8205050670572218 END 
START 27.894700854700854 -17.537094017094017 -9.228034188034188 0.6459295208748342 -4.591336864596794 0.5673705250927598 END 
START 21.05982905982906 -14.32068376068376 -10.185299145299146 0 -4.914301625034212 1.3180453736770266 END 
START 11.927521367521367 -9.936410256410257 -12.272136752136753 -0.10474532770943257 -4.713539746924466 1.0910971636399227 END 
START 4.843760683760684 -8.155897435897437 -13.612307692307692 -0.25313454196446206 -3.5787986967389465 1.1172834955672808 END 
START 0.11487179487179487 -6.413675213675214 -14.684444444444445 -0.34915109236477526 -1.579908692950608 1.4402482560046979 END 
START -1.7805128205128204 -4.02051282051282 -14.186666666666667 -0.4277100881468497 0.4713539746924466 1.213300045967594 END 
START 1.5507692307692307 1.837948717948718 -11.506324786324786 0 2.321854764225755 -0.24440576465534267 END 
START 5.035213675213675 2.125128205128205 -9.898119658119658 0.21821943272798452 2.295668432298397 -0.45389642007420783 END 
START 6.834871794871795 1.3976068376068376 -8.615384615384615 0.2793208738918202 1.7806705710603539 -0.38406620160125277 END 
START 7.275213675213675 0.6892307692307692 -7.8878632478632476 0.11347410501855196 1.073639609021684 -0.41898131083773027 END 
START 6.739145299145299 0.2105982905982906 -7.7155555555555555 -0.10474532770943257 0.593556857020118 -0.28804965120093956 END 
START 5.494700854700855 0.26803418803418805 -8.538803418803418 -0.15711799156414885 0.3578798696738946 -0.07855899578207443 END 
START 4.154529914529914 0.3063247863247863 -9.419487179487179 -0.07855899578207443 0.1309316596367907 0.07855899578207443 END 
START 3.4461538461538463 0.36376068376068377 -9.974700854700854 -0.017457554618238762 -0.11347410501855196 0.06983021847295505 END 
START 3.292991452991453 0.36376068376068377 -9.936410256410257 0.06110144116383567 -0.28804965120093956 -0.06110144116383567 END 
START 3.6567521367521367 0.22974358974358974 -9.744957264957264 0.12220288232767133 -0.34915109236477526 -0.183304323491507 END 
START 3.982222222222222 0.1723076923076923 -9.323760683760684 0.09601655040031319 -0.21821943272798452 -0.20076187810974577 END 
