START 9.917264957264956 -6.892307692307693 -4.460854700854701 0.7244885166569086 0.7070309620386699 0.27059209658270084 END 
START 9.591794871794871 -5.992478632478632 -2.6994871794871793 0.7157597393477892 0.48881152931068533 0.3316935377465365 END 
START 9.132307692307693 -6.203076923076923 -0.07658119658119658 0.6983021847295505 -0.034915109236477525 0.21821943272798452 END 
START 8.28991452991453 -5.494700854700855 2.6994871794871793 0.619743188947476 -0.6459295208748342 -0.07855899578207443 END 
START 7.064615384615385 -2.4123076923076923 9.898119658119658 -0.6284719662565954 -0.6546582981839536 1.2307576005858327 END 
START 4.231111111111111 1.2827350427350428 11.142564102564103 -1.6671964660418017 -0.5324554158562822 1.1609273821128776 END 
START 2.2974358974358973 5.207521367521368 11.697777777777778 -2.496430310408143 -0.8728777309119381 0.7419460712751474 END 
START 2.4314529914529914 8.96 10.702222222222222 -3.159817385901216 -0.98635183593049 0.5324554158562822 END 
START 3.2164102564102564 12.903931623931625 7.466666666666667 -3.849390793321647 -0.7855899578207443 0.98635183593049 END 
START 3.790769230769231 15.794871794871796 3.675897435897436 -4.51277786881472 -0.619743188947476 1.0823683863308033 END 
START 4.728888888888889 17.69025641025641 0.40205128205128204 -5.027775730052763 -0.49754030661980475 0.916521617457535 END 
START 6.011623931623932 17.575384615384614 -1.5316239316239315 -5.429299486272255 -0.549912970474521 0.8641489536028187 END 
START 6.317948717948718 16.292649572649573 -2.105982905982906 -5.621332587072882 -0.7855899578207443 0.9950806132396095 END 
START 6.471111111111111 14.818461538461538 -1.5699145299145298 -5.822094465182627 -1.1172834955672808 1.2045712686584746 END 
START 6.222222222222222 14.32068376068376 -0.8232478632478633 -6.162516780238283 -1.2918590417496685 1.466434587932056 END 
START 5.0543589743589745 14.818461538461538 0.22974358974358974 -6.590226868385133 -1.4140619240773398 1.7195691298965181 END 
START 2.7186324786324785 16.637264957264957 2.201709401709402 -7.663866477406817 -1.7021115752782794 2.3654986507713525 END 
START 1.0912820512820514 20.102564102564102 0.9572649572649573 -8.143949229408383 -1.675925243350921 2.636090747354053 END 
START -0.09572649572649572 23.433846153846154 -1.2252991452991453 -8.61530320410083 -2.129821663425129 2.496430310408143 END 
START -1.5124786324786326 25.53982905982906 -2.0485470085470086 -8.964454296465604 -2.4877015330990235 2.5138878650263816 END 
START -1.455042735042735 30.096410256410255 -3.158974358974359 -9.17394495188447 -1.9028734533880252 3.142359831282977 END 
START -0.03829059829059829 36.96957264957265 -8.175042735042735 -9.191402506502708 -0.3142359831282977 4.1374404445225865 END 
START -1.6273504273504273 42.13880341880342 -17.364786324786326 -8.59784564948259 0.1396604369459101 3.709730356375737 END 
START -4.48 40.10940170940171 -24.86974358974359 -7.786069359734488 -2.1821943272798454 1.7108403525873987 END 
START -6.739145299145299 35.05504273504273 -28.756239316239316 -6.598955645694252 -4.538964200742078 0.40152375621949155 END 
START -7.9452991452991455 28.354188034188034 -29.464615384615385 -5.376926822417539 -4.3905749864870485 0.366608646983014 END 
START -6.892307692307693 20.485470085470084 -28.392478632478632 -4.477862759578243 -2.147279218043368 1.0823683863308033 END 
START -2.8526495726495726 10.75965811965812 -29.522051282051283 -3.116173499355619 0.3229647604374171 1.0823683863308033 END 
START 2.603760683760684 7.792136752136752 -31.3025641025641 -1.4053331467682204 0.24440576465534267 0.5760993024018791 END 
START 3.9247863247863246 7.141196581196581 -32.27897435897436 -0.48008275200156597 0.5848280797109986 0.5411841931654017 END 
START 4.365128205128205 6.9688888888888885 -32.96820512820513 0.5324554158562822 0.9514367266940126 0.49754030661980475 END 
START 3.675897435897436 7.581538461538462 -33.79145299145299 1.6410101341144436 1.0125381678578482 0.296778428510059 END 
START 2.1825641025641027 9.285470085470086 -33.94461538461538 2.7757511842999634 0.7943187351298637 -0.034915109236477525 END 
START 0.4403418803418803 11.2 -32.566153846153846 3.8057469067760503 1.187113714040236 -0.27059209658270084 END 
START -1.0912820512820514 13.708034188034189 -31.81948717948718 4.661167083069749 2.6710058565905306 -0.19203310080062638 END 
START -1.2061538461538461 17.345641025641026 -32.68102564102564 5.595146255145523 3.8406620160125278 -0.15711799156414885 END 
START -1.3976068376068376 20.696068376068375 -33.485128205128206 6.6251419776216105 3.849390793321647 -0.2793208738918202 END 
START -2.1442735042735044 24.123076923076923 -33.274529914529914 7.550392372388265 3.0026993943370672 -0.5760993024018791 END 
START -4.996923076923077 32.336410256410254 -32.24068376068376 9.182673729193588 2.3043972096075165 -0.6459295208748342 END 
START -6.94974358974359 35.59111111111111 -30.383589743589745 9.88097591392314 2.426600091935188 -0.6721158528021923 END 
START -8.06017094017094 38.941538461538464 -28.545641025641025 10.4483464390159 2.4178713146260686 -0.7506748485842668 END 
START -6.892307692307693 41.69846153846154 -25.52068376068376 10.928429191017464 2.54007419695374 -0.7768611805116249 END 
START -4.633162393162393 43.306666666666665 -22.017094017094017 11.207750064909286 2.8979540666276344 -0.733217293966028 END 
START -2.278290598290598 44.14905982905983 -18.666666666666668 11.295037838000479 3.2645627136106485 -0.6895734074204312 END 
START -1.187008547008547 43.80444444444444 -14.837606837606838 11.164106178363689 3.351850486701842 -0.663387075493073 END 
START 0.6317948717948718 43.287521367521364 -9.189743589743589 10.788768754071555 3.3954943732474394 -0.6983021847295505 END 
START 2.5654700854700856 40.051965811965815 -3.6376068376068376 10.28249967014263 3.552612364811588 -0.41898131083773027 END 
START 2.508034188034188 36.376068376068375 2.1634188034188035 9.662756481195155 3.273291490919768 -0.026186331927358142 END 
START 1.8762393162393163 31.513162393162393 8.155897435897437 8.711319754501142 3.046343280882664 0.183304323491507 END 
START 2.278290598290598 26.726837606837606 13.976068376068376 7.5591211496973845 2.8804965120093957 0.549912970474521 END 
START 1.837948717948718 17.9008547008547 20.274871794871796 4.617523196524153 0.9339791720757737 0.8990640628392963 END 
START 0.650940170940171 14.646153846153846 21.32786324786325 3.3693080413200813 -0.3229647604374171 0.8816065082210575 END 
START -0.6126495726495726 11.88923076923077 21.672478632478633 2.321854764225755 -1.3791468148408623 0.6110144116383567 END 
START -0.9764102564102564 8.883418803418804 21.481025641025642 1.3878755921499817 -1.7981281256785926 0.2793208738918202 END 
START -0.9572649572649573 6.145641025641026 20.447179487179486 0.6022856343292373 -1.6671964660418017 0.06983021847295505 END 
START 0.07658119658119658 3.6376068376068376 18.36034188034188 -0.06983021847295505 -1.5275360290958917 -0.034915109236477525 END 
START 1.5699145299145298 1.052991452991453 16.043760683760684 -0.7943187351298637 -1.4489770333138172 -0.19203310080062638 END 
START 3.3312820512820513 -0.7849572649572649 12.96136752136752 -1.4315194786955785 -1.4489770333138172 -0.3142359831282977 END 
START 4.728888888888889 -1.301880341880342 9.821538461538461 -1.990161226479219 -1.4926209198594143 -0.5411841931654017 END 
START 5.973333333333334 -1.4167521367521367 7.16034188034188 -2.4091425373169493 -1.2831302644405491 -0.5586417477836404 END 
START 6.930598290598291 -0.8806837606837606 4.48 -2.7495648523726053 -1.029995722476087 -0.49754030661980475 END 
START 7.562393162393162 -0.057435897435897436 1.9145299145299146 -2.96778428510059 -0.9601655040031319 -0.3753374242921334 END 
