START 3.5418803418803417 3.9247863247863246 -8.117606837606838 0.593556857020118 0.9427079493848932 -0.549912970474521 END 
START 4.786324786324786 5.130940170940171 -9.668376068376068 0.44516764276508847 0.026186331927358142 -0.12220288232767133 END 
START 3.427008547008547 8.50051282051282 -9.591794871794871 0.052372663854716284 -0.48881152931068533 -0.1396604369459101 END 
START 3.273846153846154 11.563760683760684 -9.898119658119658 0.04364388654559691 -0.9077928401484157 -0.8554201762936994 END 
START 2.4697435897435898 11.506324786324786 -9.706666666666667 0.04364388654559691 -0.9950806132396095 -1.2831302644405491 END 
START 2.24 11.946666666666667 -8.672820512820513 0 -0.9339791720757737 -1.623552579496205 END 
START 3.024957264957265 11.2 -7.141196581196581 -0.1309316596367907 -0.8292338443663412 -1.8505007895333088 END 
START 4.269401709401709 11.525470085470085 -6.528547008547009 -0.38406620160125277 -1.1434698274946389 -2.1385504407342486 END 
START 4.7671794871794875 8.462222222222222 -5.398974358974359 -0.619743188947476 -1.1783849367311166 -2.0250763357156965 END 
START 2.776068376068376 -1.6464957264957265 -4.441709401709402 -0.1483892142550295 0.183304323491507 -1.1434698274946389 END 
START -0.4594871794871795 -8.557948717948719 -5.035213675213675 -0.7070309620386699 -0.04364388654559691 -0.44516764276508847 END 
START -1.1678632478632478 -10.376752136752136 -7.141196581196581 -2.2869396549892778 -1.1085547182581614 -0.10474532770943257 END 
START -1.0912820512820514 -10.893675213675214 -9.017435897435897 -2.915411621245873 -1.4926209198594143 0.7943187351298637 END 
START -4.8246153846153845 -7.332649572649573 -11.295726495726496 -2.8804965120093957 -0.9339791720757737 1.4402482560046979 END 
START -6.471111111111111 -5.418119658119658 -12.827350427350428 -2.732107297754366 -0.663387075493073 1.187113714040236 END 
START -6.892307692307693 -5.303247863247863 -13.88034188034188 -2.3654986507713525 -0.593556857020118 0.7070309620386699 END 
START -5.877606837606837 -4.843760683760684 -14.339829059829059 -1.9028734533880252 -0.008728777309119381 0.34042231505565584 END 
START -2.4505982905982906 -4.1928205128205125 -15.45025641025641 -1.326774150986146 1.0212669451669676 -0.052372663854716284 END 
START 0.7275213675213675 -2.6420512820512823 -16.98188034188034 -0.6284719662565954 1.7981281256785926 -0.12220288232767133 END 
START 1.9719658119658119 -0.918974358974359 -18.59008547008547 -0.034915109236477525 1.5275360290958917 -0.183304323491507 END 
START 0.7658119658119658 0.03829059829059829 -16.694700854700855 1.4315194786955785 0.8554201762936994 -0.2618633192735814 END 
START 0.26803418803418805 -0.49777777777777776 -15.373675213675213 2.478972755789904 1.579908692950608 0.3578798696738946 END 
START -0.057435897435897436 -1.052991452991453 -14.32068376068376 3.4653245917203943 1.8592295668424281 0.7681324032025055 END 
START -0.13401709401709402 -2.4314529914529914 -12.674188034188035 4.128711667213468 1.5537223610232498 1.1521986048037582 END 
START 0.28717948717948716 -4.5948717948717945 -10.453333333333333 4.434218873032646 0.9339791720757737 1.2744014871314298 END 
START -0.13401709401709402 -6.451965811965812 -7.045470085470085 4.774641188088301 0.8903352855301769 1.483892142550295 END 
START -0.5743589743589743 -8.787692307692307 -4.116239316239316 5.0714196165983605 1.396604369459101 1.1260122728764002 END 
START 0.8806837606837606 -12.712478632478632 -2.8335042735042735 4.923030402343331 1.5275360290958917 1.1172834955672808 END 
START 1.9336752136752138 -21.04068376068376 -2.8526495726495726 4.425490095723526 1.2307576005858327 1.2744014871314298 END 
START 0.8041025641025641 -24.505982905982904 -4.748034188034188 3.151088608592097 0.034915109236477525 1.510078474477653 END 
START 1.4741880341880342 -22.3617094017094 -6.796581196581196 1.2045712686584746 -1.6322813568053243 1.2744014871314298 END 
START 0.67008547008547 -19.566495726495727 -7.141196581196581 -0.3142359831282977 -2.950326730482351 0.48008275200156597 END 
START 1.3784615384615384 -16.84786324786325 -2.3165811965811964 -0.7506748485842668 -0.8816065082210575 1.4402482560046979 END 
START 2.5846153846153848 -12.616752136752137 1.589059829059829 -0.27059209658270084 1.946517339933622 2.9852418397188285 END 
START 8.155897435897437 -4.518290598290598 7.064615384615385 -1.806856902987712 4.172355553759064 3.151088608592097 END 
START 20.006837606837607 6.451965811965812 7.811282051282051 -4.058881448740512 4.2334569949229 4.08506778066787 END 
START 23.874188034188034 23.587008547008548 12.884786324786324 -5.822094465182627 6.232346998711238 5.027775730052763 END 
START 31.704615384615384 46.56136752136752 8.098461538461539 -8.370897439445487 6.8782765195860724 4.661167083069749 END 
START 37.16102564102564 53.98974358974359 -12.903931623931625 -9.331062943448618 3.177274940519455 4.277100881468497 END 
START 12.482735042735042 45.508376068376066 -36.203760683760684 -8.152678006717503 -5.987941234055896 2.452786423862546 END 
START -10.855384615384615 36.29948717948718 -19.26017094017094 -4.8182850746338985 -11.00698818679954 0.11347410501855196 END 
START -5.628717948717949 17.44136752136752 0.4403418803418803 1.2744014871314298 -2.8804965120093957 -1.2656727098223102 END 
START 9.974700854700854 2.393162393162393 3.963076923076923 6.782259969185759 5.237266385471629 -0.183304323491507 END 
START 13.401709401709402 -9.610940170940172 11.2191452991453 5.193622498926032 3.8843059025581246 0.8117762897481025 END 
START 6.011623931623932 0.22974358974358974 -2.8335042735042735 -3.1947324951376936 -1.9552461172427413 1.1434698274946389 END 
START -1.4167521367521367 7.562393162393162 -10.223589743589743 -3.177274940519455 -1.5275360290958917 0.5324554158562822 END 
START 0.5552136752136753 9.725811965811966 -17.383931623931623 -1.3355029282952653 0.5237266385471628 0.24440576465534267 END 
START 1.1104273504273505 8.96 -16.59897435897436 0.28804965120093956 1.2918590417496685 0.27059209658270084 END 
START 1.455042735042735 5.858461538461539 -12.34871794871795 0.6372007435657149 1.326774150986146 -0.026186331927358142 END 
START 5.36068376068376 2.795213675213675 -11.295726495726496 0.1309316596367907 1.1347410501855195 -0.20949065541886513 END 
START 7.696410256410257 2.5654700854700856 -12.501880341880343 -0.4626251973833272 0.916521617457535 -0.15711799156414885 END 
START 6.222222222222222 4.173675213675214 -13.66974358974359 -1.073639609021684 0.48008275200156597 -0.30550720581917834 END 
START 5.322393162393162 6.04991452991453 -14.224957264957265 -1.6671964660418017 0.17457554618238763 -0.8379626216754605 END 
START 9.094017094017094 8.213333333333333 -16.254358974358976 -1.1172834955672808 0.39279497891037213 -0.916521617457535 END 
START 7.9452991452991455 8.443076923076923 -16.06290598290598 0.20949065541886513 0.4277100881468497 -0.9427079493848932 END 
