START 5.667008547008547 -1.9145299145299146 -6.432820512820513 -0.5237266385471628 0.5324554158562822 0.4713539746924466 END 
START 6.088205128205129 -0.8232478632478633 -6.241367521367521 -0.06110144116383567 0.45389642007420783 1.1260122728764002 END 
START 5.035213675213675 -0.2105982905982906 -7.064615384615385 -0.30550720581917834 0.08728777309119382 0.7506748485842668 END 
START 5.035213675213675 -0.7083760683760684 -7.734700854700855 -0.39279497891037213 0.1309316596367907 0.5760993024018791 END 
START 4.097094017094017 -0.5360683760683761 -8.155897435897437 -0.30550720581917834 0.30550720581917834 0.6808446301113117 END 
START 4.25025641025641 -0.8232478632478633 -7.983589743589744 -0.026186331927358142 0.16584676887326824 0.7768611805116249 END 
START 4.7097435897435895 -1.4933333333333334 -7.677264957264957 0.34042231505565584 0.026186331927358142 0.9252503947666544 END 
START 6.451965811965812 -5.437264957264957 -4.365128205128205 1.1696561594219972 0.2793208738918202 0.9950806132396095 END 
START 6.566837606837606 -11.946666666666667 -3.561025641025641 1.3616892602226234 0.5324554158562822 0.8205050670572218 END 
START 7.39008547008547 -18.704957264957265 -2.7186324786324785 1.4402482560046979 0.7594036258933862 0.6546582981839536 END 
START 9.553504273504274 -25.99931623931624 -0.7083760683760684 1.1521986048037582 1.4315194786955785 0.7157597393477892 END 
START 9.113162393162392 -30.038974358974357 -0.47863247863247865 0.20076187810974577 2.0687202222612933 1.1434698274946389 END 
START 10.223589743589743 -31.62803418803419 -0.8041025641025641 -0.49754030661980475 2.8281238481546795 1.1783849367311166 END 
START 8.443076923076923 -30.881367521367522 -1.6273504273504273 -0.8903352855301769 3.2645627136106485 1.2656727098223102 END 
START 5.992478632478632 -28.71794871794872 -0.5360683760683761 -1.1696561594219972 3.639900137902782 1.4402482560046979 END 
START 3.58017094017094 -22.87863247863248 1.0912820512820514 -1.9377885626245026 4.870657738488615 1.7457554618238762 END 
START 2.68034188034188 -16.57982905982906 2.0676923076923077 -2.7757511842999634 6.398193767584506 1.4053331467682204 END 
START 2.603760683760684 -9.228034188034188 4.518290598290598 -3.3693080413200813 7.166326170787012 1.4315194786955785 END 
START 0.8232478632478633 3.5035897435897434 9.687521367521368 -3.3169353774653647 7.105224729623176 0.4713539746924466 END 
START -1.0338461538461539 15.641709401709402 14.58871794871795 -4.79209874270654 6.8084463011131175 -2.059991444952174 END 
START 9.668376068376068 39.43931623931624 26.784273504273504 -7.951916128607756 8.763692418355859 -5.839552019800866 END 
START 33.90632478632479 42.4834188034188 32.04923076923077 -8.091576565553666 15.179343740558604 -3.613713805975424 END 
START 40.66461538461539 34.557264957264955 -1.435897435897436 -7.838442023589204 11.42596949763727 -2.836852625463799 END 
START 35.43794871794872 26.114188034188036 -47.53777777777778 -3.8406620160125278 -1.5711799156414885 -2.356769873462233 END 
START 7.6581196581196584 18.092307692307692 -33.121367521367524 3.3693080413200813 -8.196321893263098 -0.45389642007420783 END 
START -1.9145299145299146 16.962735042735044 3.5227350427350426 6.459295208748342 -9.043013292247679 -0.6721158528021923 END 
START 5.896752136752137 11.257435897435897 20.045128205128204 5.603875032454643 -6.686243418785446 -0.733217293966028 END 
START 4.5374358974358975 8.347350427350428 15.45025641025641 4.285829658777616 -4.853200183870376 -0.20076187810974577 END 
START 3.695042735042735 11.697777777777778 8.883418803418804 3.6573576925210207 -5.769721801327911 -1.1696561594219972 END 
START 6.681709401709401 17.47965811965812 3.005811965811966 3.5176972555751105 -7.33217293966028 -2.4615152011716654 END 
START 8.864273504273504 21.021538461538462 1.455042735042735 4.111254112595229 -6.694972196094565 -2.059991444952174 END 
START 3.292991452991453 20.562051282051282 1.0147008547008547 3.535154810193349 -4.713539746924466 -1.6846540206600407 END 
START -1.301880341880342 10.338461538461539 -2.259145299145299 3.2209188270650517 -5.560231145909046 -3.4478670371021556 END 
START 1.703931623931624 3.982222222222222 -1.589059829059829 3.5438835875024686 -4.896844070415973 -4.469133982269123 END 
START 5.398974358974359 -2.9675213675213676 -1.9528205128205127 3.6573576925210207 -4.006508784885796 -4.207270662995541 END 
START 9.974700854700854 -11.257435897435897 -4.365128205128205 3.2121900497559324 -3.9017634571763633 -3.4915109236477524 END 
START 13.152820512820513 -15.00991452991453 -6.528547008547009 2.3043972096075165 -3.613713805975424 -2.906682843936754 END 
START 16.503247863247864 -16.828717948717948 -9.017435897435897 1.3878755921499817 -3.709730356375737 -2.557531751571979 END 
START 16.694700854700855 -17.76683760683761 -12.559316239316239 1.056182054403445 -3.9366785664128408 -2.3043972096075165 END 
START 12.693333333333333 -19.987692307692306 -14.339829059829059 1.3355029282952653 -4.504049091505601 -2.7233785204452468 END 
START 17.096752136752137 -22.476581196581197 -12.004102564102563 0.9601655040031319 -2.129821663425129 -2.243295768443681 END 
START 22.84034188034188 -14.627008547008547 -8.806837606837608 -0.3753374242921334 2.1210928861160094 -0.19203310080062638 END 
START 22.036239316239318 -5.667008547008547 -12.57846153846154 -1.0649108317125644 2.8543101800820376 0.3753374242921334 END 
START 12.425299145299146 3.4461538461538463 -13.21025641025641 0.366608646983014 -0.20949065541886513 0.9514367266940126 END 
START 5.0543589743589745 3.9439316239316238 -10.874529914529914 0.4277100881468497 0.008728777309119381 1.187113714040236 END 
START -0.49777777777777776 2.278290598290598 -10.127863247863248 0.1483892142550295 0.5237266385471628 0.9601655040031319 END 
START -2.259145299145299 -0.09572649572649572 -9.017435897435897 0.10474532770943257 0.3229647604374171 0.49754030661980475 END 
START -1.3976068376068376 -1.2252991452991453 -7.3135042735042735 0.20949065541886513 0.15711799156414885 0.40152375621949155 END 
START 1.1487179487179486 -2.01025641025641 -6.509401709401709 0.1309316596367907 -0.017457554618238762 0.296778428510059 END 
START 2.661196581196581 -1.8953846153846154 -6.432820512820513 0.12220288232767133 -0.1396604369459101 0.08728777309119382 END 
START 4.6523076923076925 -2.220854700854701 -6.317948717948718 0 -0.10474532770943257 -0.034915109236477525 END 
START 6.088205128205129 -1.9336752136752138 -6.9688888888888885 -0.07855899578207443 -0.06983021847295505 0.20076187810974577 END 
START 6.490256410256411 -1.4741880341880342 -7.447521367521367 -0.017457554618238762 -0.24440576465534267 0.40152375621949155 END 
