START 7.026324786324786 -2.24 -4.384273504273504 -0.43643886545596905 0.4713539746924466 0.25313454196446206 END 
START 6.585982905982906 -1.9336752136752138 -3.982222222222222 -0.5673705250927598 0.27059209658270084 0.28804965120093956 END 
START 6.164786324786324 -1.9719658119658119 -3.7716239316239317 -0.7943187351298637 0.07855899578207443 0.07855899578207443 END 
START 5.973333333333334 -2.105982905982906 -4.02051282051282 -0.7681324032025055 -0.008728777309119381 0.25313454196446206 END 
START 5.532991452991453 -1.187008547008547 -4.633162393162393 -0.6459295208748342 -0.2793208738918202 0.28804965120093956 END 
START 5.935042735042735 -0.9381196581196581 -4.901196581196581 -0.48008275200156597 -0.5586417477836404 0 END 
START 6.815726495726496 -1.703931623931624 -5.418119658119658 -0.27059209658270084 -0.916521617457535 -0.20076187810974577 END 
START 7.275213675213675 -2.68034188034188 -5.513846153846154 -0.21821943272798452 -1.0823683863308033 -0.19203310080062638 END 
START 7.964444444444444 -3.2355555555555555 -5.15008547008547 -0.07855899578207443 -0.9688942813122513 -0.12220288232767133 END 
START 8.691965811965812 -3.5035897435897434 -5.59042735042735 0.06983021847295505 -0.7681324032025055 0.017457554618238762 END 
START 10.012991452991454 -4.384273504273504 -5.82017094017094 0.16584676887326824 -0.663387075493073 0.183304323491507 END 
START 11.334017094017094 -6.279658119658119 -6.413675213675214 0.183304323491507 -0.5324554158562822 0.34915109236477526 END 
START 11.736068376068376 -8.998290598290598 -7.351794871794872 0.3142359831282977 -0.40152375621949155 0.44516764276508847 END 
START 11.257435897435897 -11.812649572649573 -8.672820512820513 0.5237266385471628 -0.27059209658270084 0.3142359831282977 END 
START 10.778803418803419 -14.512136752136753 -9.936410256410257 0.6808446301113117 0.20076187810974577 0.3578798696738946 END 
START 10.051282051282051 -16.560683760683762 -10.874529914529914 0.9077928401484157 0.8292338443663412 0.30550720581917834 END 
START 9.63008547008547 -18.81982905982906 -9.85982905982906 1.073639609021684 1.1434698274946389 0.16584676887326824 END 
START 8.07931623931624 -23.91247863247863 -3.2355555555555555 0.4713539746924466 1.7282979072056375 0.28804965120093956 END 
START 5.513846153846154 -23.031794871794872 -0.67008547008547 -0.2793208738918202 2.2607533230619197 0.48008275200156597 END 
START 3.790769230769231 -20.102564102564102 -0.3829059829059829 -1.0649108317125644 2.932869175864112 0.7594036258933862 END 
START 2.3165811965811964 -15.718290598290599 0.09572649572649572 -1.649738911423563 3.5002397009568718 1.0125381678578482 END 
START 2.0294017094017094 -11.697777777777778 2.2974358974358973 -2.243295768443681 3.66608646983014 0.84669139898458 END 
START 1.7613675213675213 -5.992478632478632 4.460854700854701 -2.863038957391157 3.6573576925210207 1.1609273821128776 END 
START 0.24888888888888888 1.1104273504273505 6.815726495726496 -3.639900137902782 4.076339003358751 0.7855899578207443 END 
START 0.5552136752136753 7.332649572649573 8.538803418803418 -4.172355553759064 4.521506646123839 -0.06110144116383567 END 
START 0.11487179487179487 13.516581196581196 10.376752136752136 -4.477862759578243 4.6960821923062275 -0.7768611805116249 END 
START 1.435897435897436 19.68136752136752 13.344273504273504 -4.8793865157977345 5.019046952743644 -1.946517339933622 END 
START 8.194188034188034 25.176068376068375 18.264615384615386 -5.36819804510842 6.712429750712804 -2.0512626676430545 END 
START 18.877264957264956 27.186324786324786 17.345641025641026 -5.6911628055458365 9.02555573762944 -1.1609273821128776 END 
START 16.503247863247864 19.815384615384616 -10.012991452991454 -3.5613411421207077 -0.16584676887326824 -2.609904415426695 END 
START 12.73162393162393 12.980512820512821 -13.248547008547009 -0.38406620160125277 -3.7184591336848563 -2.8717677347002764 END 
START 13.574017094017094 9.725811965811966 -4.499145299145299 2.173465549970726 -1.3616892602226234 -0.5411841931654017 END 
START 15.565128205128206 10.08957264957265 4.5948717948717945 3.24710515899241 0.4277100881468497 1.0474532770943257 END 
START 13.382564102564103 12.712478632478632 8.06017094017094 3.5176972555751105 0.1309316596367907 2.0076187810974577 END 
START 10.549059829059829 16.484102564102564 10.051282051282051 3.692272801757498 -1.2045712686584746 2.129821663425129 END 
START 8.328205128205129 17.76683760683761 9.821538461538461 3.9715936756493186 -2.5138878650263816 1.623552579496205 END 
START 7.868717948717949 17.537094017094017 8.806837606837608 3.8581195706307665 -3.823204461394289 0.06110144116383567 END 
START 8.806837606837608 16.043760683760684 7.8304273504273505 3.7010015790666175 -3.6224425832845433 -0.6110144116383567 END 
START 8.309059829059828 13.918632478632478 5.437264957264957 3.5002397009568718 -2.4178713146260686 -0.43643886545596905 END 
START 7.39008547008547 10.07042735042735 3.80991452991453 3.9366785664128408 -1.675925243350921 -0.034915109236477525 END 
START 0.5360683760683761 1.703931623931624 2.24 3.9104922344854827 -1.2482151552040714 -1.0212669451669676 END 
START 1.301880341880342 -2.8526495726495726 1.187008547008547 3.351850486701842 -1.3791468148408623 -1.675925243350921 END 
START 2.795213675213675 -7.064615384615385 -0.3063247863247863 2.976513062409709 -1.806856902987712 -0.8641489536028187 END 
START 3.675897435897436 -9.649230769230769 -1.7805128205128204 2.0076187810974577 -2.3043972096075165 -0.8292338443663412 END 
START 6.088205128205129 -14.11008547008547 -3.158974358974359 1.3180453736770266 -2.2869396549892778 -0.49754030661980475 END 
START 8.136752136752136 -16.33094017094017 -3.6376068376068376 1.213300045967594 -3.142359831282977 -0.619743188947476 END 
START 13.612307692307692 -19.89196581196581 -1.1295726495726495 1.579908692950608 -4.914301625034212 -1.0823683863308033 END 
START 20.064273504273505 -24.123076923076923 3.1015384615384614 1.2744014871314298 -5.769721801327911 -1.0823683863308033 END 
START 20.313162393162393 -26.075897435897435 5.245811965811966 0.052372663854716284 -5.743535469400553 0.30550720581917834 END 
START 15.565128205128206 -22.80205128205128 3.9439316239316238 -0.9514367266940126 -5.272181494708106 1.3704180375317427 END 
START 11.142564102564103 -16.962735042735044 0.019145299145299145 -1.7893993483694732 -4.329473545323213 1.7195691298965181 END 
START 7.7155555555555555 -9.457777777777778 -5.475555555555555 -2.2782108776801584 -2.889225289318515 1.6410101341144436 END 
START 6.145641025641026 2.278290598290598 -16.77128205128205 -1.6060950248779662 0.6110144116383567 0.296778428510059 END 
START 8.27076923076923 3.9056410256410254 -16.77128205128205 -0.366608646983014 1.3791468148408623 0 END 
START 9.572649572649572 3.7524786324786326 -12.808205128205127 0.6895734074204312 0.98635183593049 -0.39279497891037213 END 
START 10.663931623931624 1.9336752136752138 -8.194188034188034 1.1260122728764002 0.6808446301113117 -0.5149978612380435 END 
START 10.549059829059829 0.057435897435897436 -5.437264957264957 0.9427079493848932 0.4713539746924466 -0.20949065541886513 END 
START 8.596239316239316 -1.0147008547008547 -4.288547008547009 0.7157597393477892 0.17457554618238763 -0.06983021847295505 END 
START 7.007179487179487 -1.837948717948718 -4.097094017094017 0.49754030661980475 -0.08728777309119382 -0.1396604369459101 END 
START 6.145641025641026 -2.488888888888889 -5.035213675213675 0.34915109236477526 -0.27059209658270084 -0.09601655040031319 END 
START 5.82017094017094 -2.488888888888889 -5.915897435897436 0.20949065541886513 -0.4713539746924466 -0.026186331927358142 END 
START 6.107350427350427 -1.991111111111111 -6.337094017094017 0.12220288232767133 -0.549912970474521 -0.12220288232767133 END 
START 6.72 -1.589059829059829 -6.700854700854701 0.017457554618238762 -0.5237266385471628 -0.27059209658270084 END 
START 7.16034188034188 -1.0912820512820514 -6.930598290598291 -0.017457554618238762 -0.3753374242921334 -0.39279497891037213 END 
START 8.07931623931624 -0.8041025641025641 -7.007179487179487 0.12220288232767133 -0.20076187810974577 -0.34915109236477526 END 
START 8.194188034188034 -0.650940170940171 -6.834871794871795 0.19203310080062638 -0.28804965120093956 -0.21821943272798452 END 
START 8.021880341880342 -0.47863247863247865 -6.585982905982906 0.15711799156414885 -0.22694821003710391 -0.052372663854716284 END 
START 7.4858119658119655 -0.19145299145299144 -6.528547008547009 0.1483892142550295 -0.1483892142550295 0.034915109236477525 END 
START 6.873162393162393 -0.19145299145299144 -6.356239316239316 0.183304323491507 -0.17457554618238763 -0.07855899578207443 END 
START 6.566837606837606 -0.5552136752136753 -6.164786324786324 0.16584676887326824 -0.183304323491507 -0.11347410501855196 END 
START 6.222222222222222 -0.67008547008547 -6.107350427350427 0.17457554618238763 -0.15711799156414885 -0.07855899578207443 END 
