START 4.001367521367522 -5.935042735042735 -3.8290598290598292 0.06110144116383567 0.2793208738918202 -0.593556857020118 END 
START 5.686153846153847 -6.394529914529914 -3.005811965811966 -0.27059209658270084 0.39279497891037213 0.052372663854716284 END 
START 7.294358974358975 -4.9394871794871795 -0.9764102564102564 -0.5237266385471628 0.48881152931068533 0.8117762897481025 END 
START 8.443076923076923 -3.197264957264957 1.7422222222222221 -0.733217293966028 0.38406620160125277 0.7768611805116249 END 
START 10.166153846153847 -2.4505982905982906 4.269401709401709 -1.2831302644405491 0.6110144116383567 0.7594036258933862 END 
START 10.434188034188034 -0.8041025641025641 6.432820512820513 -2.1560079953524873 1.2744014871314298 1.0910971636399227 END 
START 9.706666666666667 1.2252991452991453 8.021880341880342 -2.9852418397188285 1.9814324491700996 1.69338279796916 END 
START 7.983589743589744 4.1928205128205125 8.423931623931624 -3.6311713605936626 2.147279218043368 2.1560079953524873 END 
START 6.624273504273504 8.615384615384615 8.864273504273504 -5.115063503143958 1.483892142550295 2.0250763357156965 END 
START 6.585982905982906 10.797948717948717 7.236923076923077 -5.848280797109985 1.7719417937512343 2.2345669911345616 END 
START 7.294358974358975 12.521025641025641 4.5948717948717945 -6.537854204530417 2.147279218043368 2.7495648523726053 END 
START 6.643418803418803 15.182222222222222 0.19145299145299144 -6.616413200312491 2.1560079953524873 2.8804965120093957 END 
START 5.245811965811966 16.005470085470087 -4.575726495726496 -6.694972196094565 0.9776230586213707 2.4178713146260686 END 
START 4.748034188034188 17.173333333333332 -7.504957264957265 -6.677514641476327 -0.15711799156414885 2.1036353314977707 END 
START 3.9056410256410254 16.943589743589744 -8.9408547008547 -6.459295208748342 -0.43643886545596905 2.313125986916636 END 
START 2.986666666666667 15.718290598290599 -9.610940170940172 -6.171245557547403 0.2793208738918202 2.9415979531732313 END 
START 1.1295726495726495 14.244102564102564 -10.683076923076923 -6.0053987886741345 0.9514367266940126 3.046343280882664 END 
START -0.019145299145299145 12.616752136752137 -12.76991452991453 -5.953026124819418 0.5237266385471628 2.3916849826987105 END 
START 0.019145299145299145 13.057094017094018 -15.22051282051282 -5.795908133255269 -0.1396604369459101 1.7806705710603539 END 
START 1.455042735042735 13.746324786324786 -18.07316239316239 -5.429299486272255 -0.549912970474521 1.3704180375317427 END 
START 3.312136752136752 13.095384615384615 -22.553162393162392 -4.442947650341765 0.7943187351298637 1.4140619240773398 END 
START 2.986666666666667 12.11897435897436 -25.386666666666667 -3.9366785664128408 0.6284719662565954 0.8379626216754605 END 
START 2.661196581196581 9.85982905982906 -26.267350427350426 -3.3082066001562453 -0.1483892142550295 0.20949065541886513 END 
START 3.024957264957265 7.409230769230769 -25.29094017094017 -2.6011756381175757 -0.3316935377465365 -0.034915109236477525 END 
START 3.388717948717949 5.207521367521368 -24.027350427350427 -1.946517339933622 0.10474532770943257 -0.017457554618238762 END 
START 3.4844444444444442 3.8673504273504276 -23.472136752136752 -1.4489770333138172 0.5760993024018791 -0.21821943272798452 END 
START 3.7333333333333334 4.001367521367522 -24.754871794871796 -0.8990640628392963 0.7681324032025055 -0.549912970474521 END 
START 3.5035897435897434 4.326837606837607 -27.33948717948718 -0.3316935377465365 0.3753374242921334 -1.073639609021684 END 
START 3.7524786324786326 4.5374358974358975 -28.564786324786326 0.3316935377465365 -0.21821943272798452 -1.4053331467682204 END 
START 3.8673504273504276 5.437264957264957 -29.885811965811964 0.916521617457535 0.6983021847295505 -0.8990640628392963 END 
START 1.0338461538461539 7.792136752136752 -35.57196581196581 1.7806705710603539 1.8941446760789058 -0.8903352855301769 END 
START -1.3976068376068376 10.376752136752136 -41.37299145299145 2.993970617027948 1.5624511383323691 -1.7370266845147568 END 
START 0.5743589743589743 15.00991452991453 -42.272820512820516 5.953026124819418 1.3704180375317427 -2.478972755789904 END 
START 1.4933333333333334 19.107008547008547 -43.134358974358975 7.166326170787012 2.4353288692443074 -1.9028734533880252 END 
START 2.7186324786324785 24.735726495726496 -43.03863247863248 8.45818521253668 2.11236410880689 -1.8417720122241894 END 
START 4.7671794871794875 29.1582905982906 -38.0991452991453 9.680214035813394 1.579908692950608 -1.7719417937512343 END 
START 6.490256410256411 33.14051282051282 -31.76205128205128 10.614193207889167 1.536264806405011 -1.3442317056043847 END 
START 8.021880341880342 35.9357264957265 -26.43965811965812 11.146648623745449 1.4489770333138172 -0.8030475124389831 END 
START 8.404786324786325 38.44376068376069 -20.906666666666666 11.225207619527524 1.029995722476087 -0.48008275200156597 END 
START 8.481367521367522 38.61606837606838 -14.799316239316239 11.068089627963376 0.84669139898458 -0.3229647604374171 END 
START 8.787692307692307 37.58222222222222 -9.132307692307693 10.684023426362122 1.0125381678578482 -0.20076187810974577 END 
START 8.71111111111111 34.99760683760684 -5.628717948717949 10.177754342433198 1.2482151552040714 0.034915109236477525 END 
START 8.691965811965812 32.60444444444445 -2.278290598290598 9.671485258504275 1.4053331467682204 0.38406620160125277 END 
START 6.509401709401709 28.71794871794872 8.098461538461539 8.082847788244546 2.1647367726616067 1.2307576005858327 END 
START 3.273846153846154 25.482393162393162 13.344273504273504 6.686243418785446 1.7457554618238762 1.2656727098223102 END 
START -0.8041025641025641 22.706324786324785 17.192478632478633 5.088877171216599 0.5324554158562822 0.733217293966028 END 
START -2.0485470085470086 17.47965811965812 19.011282051282052 3.639900137902782 -0.2793208738918202 0.34915109236477526 END 
START -2.7377777777777776 13.305982905982907 18.99213675213675 2.470243978480785 -0.48881152931068533 0.28804965120093956 END 
START -2.776068376068376 9.113162393162392 18.85811965811966 1.4489770333138172 -0.9252503947666544 0.12220288232767133 END 
START -1.4933333333333334 5.628717948717949 18.34119658119658 0.5586417477836404 -1.3093165963679072 -0.183304323491507 END 
START 0.3829059829059829 3.2547008547008547 16.732991452991453 -0.20076187810974577 -1.579908692950608 -0.5237266385471628 END 
START 2.603760683760684 0.8041025641025641 14.569572649572649 -0.8030475124389831 -1.649738911423563 -0.7943187351298637 END 
START 4.556581196581196 -0.8806837606837606 11.793504273504274 -1.3616892602226234 -1.352960482913504 -0.8554201762936994 END 
START 5.858461538461539 -1.589059829059829 9.189743589743589 -1.8766871214606669 -0.9776230586213707 -0.8554201762936994 END 
START 7.504957264957265 -0.8615384615384616 6.413675213675214 -2.3654986507713525 -0.5149978612380435 -0.7419460712751474 END 
START 9.323760683760684 0.8423931623931624 -0.9955555555555555 -2.7844799616090827 -0.27059209658270084 -0.8030475124389831 END 
START 10.395897435897435 0.28717948717948716 -4.365128205128205 -2.7582936296817246 -0.6895734074204312 -1.0474532770943257 END 
