START 3.675897435897436 5.092649572649573 -8.787692307692307 -0.7594036258933862 -0.8554201762936994 0.2793208738918202 END 
START 3.80991452991453 7.3709401709401705 -8.232478632478632 -0.1309316596367907 -0.11347410501855196 1.0474532770943257 END 
START 3.5993162393162392 9.878974358974359 -7.638974358974359 0.034915109236477525 0.6721158528021923 1.1260122728764002 END 
START 3.005811965811966 12.903931623931625 -8.213333333333333 -0.06110144116383567 0.9427079493848932 0.366608646983014 END 
START 3.8864957264957263 15.029059829059829 -9.898119658119658 0.20949065541886513 0.21821943272798452 -0.41898131083773027 END 
START 4.25025641025641 15.890598290598291 -9.438632478632478 0.5324554158562822 0.1396604369459101 -0.5586417477836404 END 
START 3.5227350427350426 16.369230769230768 -8.538803418803418 0.7070309620386699 0.09601655040031319 -0.9427079493848932 END 
START 3.2164102564102564 15.22051282051282 -7.39008547008547 0.8990640628392963 -0.017457554618238762 -1.4489770333138172 END 
START 3.5227350427350426 13.66974358974359 -6.854017094017094 0.9950806132396095 -0.24440576465534267 -1.7544842391329956 END 
START 4.518290598290598 11.104273504273504 -6.566837606837606 1.073639609021684 -0.6372007435657149 -1.7370266845147568 END 
START 5.035213675213675 7.6006837606837605 -5.743589743589744 0.98635183593049 -0.6459295208748342 -1.352960482913504 END 
START 4.518290598290598 1.9145299145299146 -4.901196581196581 1.1260122728764002 0.16584676887326824 -0.6546582981839536 END 
START 1.2635897435897436 -3.790769230769231 -6.145641025641026 1.0038093905487289 0.5848280797109986 0.34915109236477526 END 
START -0.40205128205128204 -5.59042735042735 -7.504957264957265 -0.04364388654559691 -0.6808446301113117 0.5237266385471628 END 
START 0.5169230769230769 -6.394529914529914 -7.217777777777778 -0.98635183593049 -1.8592295668424281 1.1434698274946389 END 
START -0.15316239316239316 -8.634529914529914 -6.758290598290598 -1.3791468148408623 -1.69338279796916 2.173465549970726 END 
START -4.499145299145299 -7.504957264957265 -10.98940170940171 -2.0774489995704126 -1.3093165963679072 3.1685461632103356 END 
START -6.203076923076923 -6.490256410256411 -12.214700854700855 -2.452786423862546 -2.2869396549892778 2.81939507084556 END 
START -7.3709401709401705 -5.0543589743589745 -12.846495726495727 -2.5051590877172623 -2.8019375162273215 2.3916849826987105 END 
START -7.3135042735042735 -3.5035897435897434 -13.382564102564103 -2.374227428080472 -2.5313454196446203 1.8505007895333088 END 
START -6.490256410256411 -2.6420512820512823 -13.19111111111111 -2.033805113024816 -1.8155856802968313 1.352960482913504 END 
START -6.528547008547009 -2.374017094017094 -12.99965811965812 -1.6060950248779662 -1.0038093905487289 0.8205050670572218 END 
START -6.605128205128205 -2.622905982905983 -12.521025641025641 -1.352960482913504 -0.3753374242921334 0.15711799156414885 END 
START -5.437264957264957 -2.201709401709402 -11.88923076923077 -1.1260122728764002 0.2356769873462233 -0.40152375621949155 END 
START -4.326837606837607 -1.6273504273504273 -11.468034188034189 -0.8641489536028187 0.9688942813122513 -0.8554201762936994 END 
START -2.776068376068376 -1.7613675213675213 -11.104273504273504 -0.3316935377465365 1.5886374702597275 -0.8816065082210575 END 
START -3.1015384615384614 -1.9336752136752138 -11.965811965811966 0.21821943272798452 1.97270367186098 -0.9776230586213707 END 
START -4.326837606837607 -4.48 -14.205811965811966 1.5013496971685336 1.8592295668424281 -1.099825940949042 END 
START -2.9292307692307693 -5.341538461538462 -14.933333333333334 2.321854764225755 2.1036353314977707 -1.3093165963679072 END 
START -1.6464957264957265 -6.854017094017094 -14.914188034188035 3.24710515899241 2.1036353314977707 -1.1783849367311166 END 
START -1.34017094017094 -8.73025641025641 -14.627008547008547 3.709730356375737 1.623552579496205 -1.0387244997852063 END 
START -0.6126495726495726 -9.63008547008547 -14.492991452991452 4.067610226049632 1.3005878190587878 -0.593556857020118 END 
START 2.3357264957264956 -10.07042735042735 -13.076239316239317 4.277100881468497 1.5537223610232498 -0.12220288232767133 END 
START 5.092649572649573 -10.98940170940171 -12.903931623931625 4.669895860378869 1.8505007895333088 0.7244885166569086 END 
START 6.011623931623932 -9.878974358974359 -12.09982905982906 4.51277786881472 0.6372007435657149 1.2482151552040714 END 
START 5.59042735042735 -10.051282051282051 -8.404786324786325 3.4042231505565588 -0.07855899578207443 1.7108403525873987 END 
START 4.48 -8.136752136752136 -5.188376068376068 2.033805113024816 -0.1396604369459101 1.7806705710603539 END 
START 3.6376068376068376 -4.5948717948717945 -2.8143589743589743 1.0910971636399227 -0.04364388654559691 2.1210928861160094 END 
START 2.105982905982906 -1.052991452991453 0.28717948717948716 0.7681324032025055 0.8292338443663412 2.950326730482351 END 
START 10.52991452991453 4.345982905982906 2.9292307692307693 -2.269482100371039 0.2793208738918202 2.470243978480785 END 
START 8.921709401709402 14.58871794871795 6.107350427350427 -5.088877171216599 2.96778428510059 3.5613411421207077 END 
START 13.89948717948718 27.626666666666665 4.8246153846153845 -5.664976473618478 5.097605948525719 2.8804965120093957 END 
START 24.218803418803418 31.417435897435897 -0.8998290598290598 -5.918111015582941 6.476752763366581 2.8804965120093957 END 
START 32.585299145299146 29.943247863247862 -13.171965811965812 -5.272181494708106 4.678624637687989 3.3780368186292007 END 
START 18.475213675213674 30.421880341880343 -25.80786324786325 -5.411841931654016 -1.0038093905487289 3.2209188270650517 END 
START -2.871794871794872 31.723760683760684 -22.62974358974359 -4.617523196524153 -6.49421031798482 0.7681324032025055 END 
START -4.077948717948718 19.355897435897436 -9.725811965811966 -0.7768611805116249 -3.8319332387034084 -1.352960482913504 END 
START 8.462222222222222 5.494700854700855 -0.6317948717948718 3.0812583901191415 1.4227907013864591 -0.6110144116383567 END 
START 11.697777777777778 -2.1442735042735044 4.135384615384615 3.2820202682288873 2.3043972096075165 0.619743188947476 END 
START 9.610940170940172 -4.805470085470086 1.9336752136752138 0.44516764276508847 0.3578798696738946 0.84669139898458 END 
START 6.298803418803419 1.837948717948718 -6.203076923076923 -2.147279218043368 -1.2307576005858327 0.4713539746924466 END 
START 0.4403418803418803 10.319316239316239 -15.660854700854701 -0.7943187351298637 -0.38406620160125277 -0.30550720581917834 END 
START 6.069059829059829 7.17948717948718 -15.00991452991453 -0.3142359831282977 -0.7768611805116249 -1.1085547182581614 END 
START 9.687521367521368 0.8041025641025641 -10.663931623931624 -1.0125381678578482 -1.7370266845147568 -0.09601655040031319 END 
START 4.365128205128205 4.4225641025641025 -11.544615384615385 -0.8554201762936994 -0.6284719662565954 -0.21821943272798452 END 
START 3.982222222222222 4.6523076923076925 -13.401709401709402 -0.6721158528021923 -0.16584676887326824 -0.08728777309119382 END 
START 5.207521367521368 6.145641025641026 -13.976068376068376 -0.10474532770943257 0.366608646983014 0.1483892142550295 END 
START 3.082393162393162 7.8878632478632476 -12.061538461538461 0.4277100881468497 0.5411841931654017 0.39279497891037213 END 
START 0.3829059829059829 7.064615384615385 -10.893675213675214 0.3316935377465365 0.27059209658270084 0.026186331927358142 END 
START 2.086837606837607 4.996923076923077 -11.161709401709402 -0.1309316596367907 -0.09601655040031319 -0.4277100881468497 END 
START 4.8246153846153845 3.675897435897436 -10.970256410256411 -0.5411841931654017 -0.34915109236477526 -0.6895734074204312 END 
START 5.628717948717949 4.805470085470086 -10.415042735042736 -0.5848280797109986 -0.4713539746924466 -0.6022856343292373 END 
