START 4.03965811965812 1.0338461538461539 -7.0837606837606835 -0.3578798696738946 -0.2618633192735814 0.296778428510059 END 
START 3.4461538461538463 0.019145299145299145 -8.443076923076923 -0.3753374242921334 -0.5237266385471628 0.6372007435657149 END 
START 1.5699145299145298 0.3063247863247863 -8.806837606837608 -0.5760993024018791 -1.0038093905487289 0.6459295208748342 END 
START 1.9719658119658119 0 -9.85982905982906 -0.5062690839289241 -1.4315194786955785 0.49754030661980475 END 
START 3.1015384615384614 -0.9764102564102564 -9.476923076923077 -0.3578798696738946 -1.579908692950608 0.44516764276508847 END 
START 4.231111111111111 -2.3357264957264956 -9.132307692307693 -0.24440576465534267 -1.5537223610232498 0.5237266385471628 END 
START 4.403418803418804 -3.7141880341880342 -9.151452991452992 -0.183304323491507 -1.6148238021870855 0.5062690839289241 END 
START 4.269401709401709 -4.690598290598291 -9.342905982905982 -0.04364388654559691 -1.675925243350921 0.296778428510059 END 
START 3.790769230769231 -5.686153846153847 -9.974700854700854 -0.017457554618238762 -1.3791468148408623 0.052372663854716284 END 
START 4.03965811965812 -6.605128205128205 -11.65948717948718 -0.10474532770943257 0.09601655040031319 0 END 
START 5.341538461538462 -6.547692307692308 -12.272136752136753 -0.22694821003710391 0.7070309620386699 0.24440576465534267 END 
START 7.16034188034188 -6.873162393162393 -12.597606837606838 -0.20949065541886513 1.1783849367311166 0.5149978612380435 END 
START 8.002735042735043 -8.06017094017094 -12.827350427350428 -0.034915109236477525 1.5013496971685336 0.5586417477836404 END 
START 7.753846153846154 -9.725811965811966 -12.942222222222222 0.06983021847295505 1.623552579496205 0.3142359831282977 END 
START 7.217777777777778 -11.965811965811966 -12.482735042735042 0.15711799156414885 2.042533890333935 0.3316935377465365 END 
START 7.524102564102564 -14.186666666666667 -10.95111111111111 0.10474532770943257 2.810666293536441 0.6022856343292373 END 
START 8.28991452991453 -16.101196581196582 -8.74940170940171 0.09601655040031319 3.7533742429213337 0.9514367266940126 END 
START 8.596239316239316 -16.98188034188034 -6.394529914529914 -0.16584676887326824 4.556421755360317 1.0649108317125644 END 
START 9.247179487179487 -16.464957264957263 -5.245811965811966 -0.6459295208748342 5.062690839289241 1.213300045967594 END 
START 8.883418803418804 -14.78017094017094 -5.2841025641025645 -1.187113714040236 5.272181494708106 1.4751633652411755 END 
START 9.228034188034188 -12.76991452991453 -5.1692307692307695 -1.2220288232767134 5.804636910564389 2.313125986916636 END 
START 5.915897435897436 -8.098461538461539 -1.7613675213675213 -1.5973662475688468 7.541663595079146 3.229647604374171 END 
START 1.7613675213675213 -3.695042735042735 -0.2105982905982906 -1.3878755921499817 7.794798137043608 3.1947324951376936 END 
START 0.1723076923076923 0.5552136752136753 4.5374358974358975 -1.649738911423563 7.358359271587639 2.147279218043368 END 
START -3.3312820512820513 5.839316239316239 9.228034188034188 -2.0949065541886513 7.489290931224429 0.6721158528021923 END 
START -3.58017094017094 11.965811965811966 12.616752136752137 -2.976513062409709 8.117762897481024 -1.3704180375317427 END 
START -2.5463247863247864 18.704957264957265 16.445811965811966 -3.770831797539573 8.938267964538246 -2.8979540666276344 END 
START 6.605128205128205 24.946324786324787 23.165811965811965 -5.1325210577621965 11.146648623745449 -3.6748152471392594 END 
START 27.645811965811966 28.603076923076923 29.656068376068376 -5.280910272017225 16.733066101581855 -2.0512626676430545 END 
START 36.64410256410257 21.72991452991453 22.514871794871794 -4.661167083069749 18.016196366022402 -0.19203310080062638 END 
START 9.821538461538461 16.962735042735044 -16.80957264957265 -4.79209874270654 1.7195691298965181 -3.8057469067760503 END 
START 6.624273504273504 18.436923076923076 -33.88717948717949 -0.84669139898458 -15.039683303612694 -7.882085910134801 END 
START 11.716923076923077 14.224957264957265 -20.045128205128204 4.329473545323213 -15.737985488342245 -6.363278658348029 END 
START 16.08205128205128 17.575384615384614 5.82017094017094 4.704810969615346 -4.617523196524153 -0.7681324032025055 END 
START 6.662564102564103 22.916923076923077 3.005811965811966 5.202351276235151 -3.849390793321647 0.07855899578207443 END 
START 3.8482051282051284 24.716581196581195 3.005811965811966 5.848280797109985 -5.490400927436091 -1.5275360290958917 END 
START 5.494700854700855 24.19965811965812 3.5993162393162392 6.179974334856522 -6.398193767584506 -2.8455814027729183 END 
START 5.781880341880342 20.657777777777778 2.0485470085470086 5.865738351728224 -6.459295208748342 -3.9715936756493186 END 
START 7.17948717948718 13.822905982905983 1.1295726495726495 5.664976473618478 -5.918111015582941 -4.119982889904348 END 
START 6.375384615384616 8.596239316239316 0.3254700854700855 5.21108005354427 -4.215999440304661 -3.66608646983014 END 
START 6.490256410256411 4.614017094017094 -0.7083760683760684 5.612603809763762 -2.5924468608084563 -3.4391382597930362 END 
START 9.036581196581196 0.9764102564102564 0.8423931623931624 5.027775730052763 -2.4877015330990235 -2.810666293536441 END 
START 9.85982905982906 -2.661196581196581 0.15316239316239316 4.329473545323213 -2.4353288692443074 -1.990161226479219 END 
START 13.727179487179487 -6.777435897435898 -1.7422222222222221 3.709730356375737 -2.452786423862546 -1.4489770333138172 END 
START 17.173333333333332 -8.921709401709402 -1.4167521367521367 2.906682843936754 -2.147279218043368 -0.6459295208748342 END 
START 19.89196581196581 -14.014358974358974 -3.082393162393162 2.382956205389591 -4.329473545323213 -0.183304323491507 END 
START 21.347008547008546 -15.718290598290599 -2.201709401709402 2.016347558406577 -4.6960821923062275 0.7419460712751474 END 
START 19.107008547008547 -17.096752136752137 -0.8615384615384616 1.4402482560046979 -4.006508784885796 1.7195691298965181 END 
START 14.11008547008547 -17.805128205128206 -2.220854700854701 0.5673705250927598 -2.7844799616090827 1.7806705710603539 END 
START 11.41059829059829 -15.201367521367521 -5.073504273504273 -0.3229647604374171 -0.9514367266940126 1.6410101341144436 END 
START 9.572649572649572 -9.094017094017094 -7.409230769230769 -1.2220288232767134 0.6372007435657149 1.990161226479219 END 
START 5.915897435897436 -2.4697435897435898 -11.602051282051281 -1.5886374702597275 1.3005878190587878 2.313125986916636 END 
START 2.259145299145299 1.7805128205128204 -14.665299145299146 -1.2569439325131908 1.2656727098223102 1.83304323491507 END 
START -0.19145299145299144 3.3504273504273505 -15.086495726495727 -0.663387075493073 0.9950806132396095 0.733217293966028 END 
START -0.057435897435897436 2.622905982905983 -14.033504273504274 -0.2356769873462233 0.8205050670572218 -0.026186331927358142 END 
START 1.0338461538461539 0.9572649572649573 -12.157264957264957 0.20949065541886513 0.5324554158562822 -0.25313454196446206 END 
START 4.48 -1.1678632478632478 -7.1986324786324785 0.39279497891037213 -0.026186331927358142 -0.25313454196446206 END 
START 5.571282051282052 -1.6082051282051282 -6.241367521367521 0.183304323491507 -0.10474532770943257 -0.38406620160125277 END 
START 6.490256410256411 -2.105982905982906 -6.471111111111111 -0.052372663854716284 -0.008728777309119381 -0.49754030661980475 END 
START 7.026324786324786 -2.393162393162393 -7.504957264957265 -0.2793208738918202 -0.017457554618238762 -0.366608646983014 END 
START 6.758290598290598 -2.220854700854701 -9.017435897435897 -0.296778428510059 -0.11347410501855196 -0.017457554618238762 END 
START 5.532991452991453 -1.6273504273504273 -9.936410256410257 -0.2356769873462233 -0.27059209658270084 0.09601655040031319 END 
START 4.326837606837607 -0.8423931623931624 -10.242735042735042 -0.20076187810974577 -0.25313454196446206 -0.034915109236477525 END 
START 3.790769230769231 -0.5169230769230769 -10.702222222222222 -0.2356769873462233 0.1483892142550295 -0.1309316596367907 END 
START 3.388717948717949 -0.5935042735042735 -10.855384615384615 -0.20949065541886513 0.5324554158562822 0.08728777309119382 END 
START 3.312136752136752 -0.5169230769230769 -10.319316239316239 0 0.5586417477836404 0.16584676887326824 END 
START 3.6376068376068376 -0.5743589743589743 -9.362051282051283 0.28804965120093956 0.3753374242921334 -0.026186331927358142 END 
START 4.154529914529914 -0.5743589743589743 -8.328205128205129 0.366608646983014 0.1483892142550295 -0.20076187810974577 END 
