START 2.8143589743589743 1.0721367521367522 -8.462222222222222 -0.12220288232767133 0.07855899578207443 0.34915109236477526 END 
START 2.4123076923076923 1.2252991452991453 -8.845128205128205 0.1396604369459101 -0.19203310080062638 0.4626251973833272 END 
START 2.8526495726495726 0.4594871794871795 -8.672820512820513 -0.07855899578207443 -0.48881152931068533 0.84669139898458 END 
START 2.6994871794871793 0.6126495726495726 -7.466666666666667 -0.06110144116383567 -0.44516764276508847 1.187113714040236 END 
START 2.1442735042735044 -0.6892307692307692 -7.6006837606837605 -0.052372663854716284 -0.7157597393477892 1.0823683863308033 END 
START 1.8570940170940171 -1.4167521367521367 -7.141196581196581 0.11347410501855196 -1.2569439325131908 0.48008275200156597 END 
START 2.8143589743589743 -2.3357264957264956 -6.681709401709401 0.28804965120093956 -1.4402482560046979 0.20076187810974577 END 
START 4.326837606837607 -4.326837606837607 -7.217777777777778 0.4713539746924466 -1.1609273821128776 0.15711799156414885 END 
START 5.188376068376068 -5.1692307692307695 -8.06017094017094 0.39279497891037213 -0.98635183593049 0.21821943272798452 END 
START 5.781880341880342 -5.705299145299145 -9.151452991452992 0.296778428510059 -0.8205050670572218 0.3229647604374171 END 
START 5.858461538461539 -5.877606837606837 -10.281025641025641 0.19203310080062638 -0.6022856343292373 0.366608646983014 END 
START 5.552136752136752 -5.973333333333334 -11.697777777777778 0.15711799156414885 -0.3142359831282977 0.2356769873462233 END 
START 5.418119658119658 -6.605128205128205 -13.66974358974359 0.1309316596367907 0.07855899578207443 0.1483892142550295 END 
START 5.781880341880342 -7.7155555555555555 -14.856752136752137 0.183304323491507 0.7768611805116249 0.49754030661980475 END 
START 6.471111111111111 -9.40034188034188 -15.354529914529914 0.3753374242921334 1.4402482560046979 0.5848280797109986 END 
START 7.3135042735042735 -11.295726495726496 -15.124786324786324 0.6284719662565954 1.9028734533880252 0.48008275200156597 END 
START 7.7155555555555555 -13.4208547008547 -14.58871794871795 0.8816065082210575 2.2520245457528003 0.25313454196446206 END 
START 8.9791452991453 -16.06290598290598 -12.463589743589743 1.073639609021684 2.6710058565905306 0.2356769873462233 END 
START 9.917264957264956 -18.762393162393163 -9.228034188034188 1.0212669451669676 3.6573576925210207 0.6895734074204312 END 
START 8.768547008547008 -21.136410256410258 -3.9056410256410254 0.3753374242921334 5.1325210577621965 1.029995722476087 END 
START 7.868717948717949 -20.236581196581195 -1.4167521367521367 -0.17457554618238763 5.411841931654016 0.7419460712751474 END 
START 7.7729914529914526 -18.13059829059829 1.8762393162393163 -1.3005878190587878 6.214889444092999 1.675925243350921 END 
START 7.256068376068376 -13.497435897435897 4.9394871794871795 -2.3305835415348746 6.939377960749908 3.2383763816832905 END 
START 2.8526495726495726 -6.375384615384616 7.217777777777778 -2.8455814027729183 8.056661456317189 4.067610226049632 END 
START -2.0294017094017094 -0.9381196581196581 8.251623931623932 -3.4216807051747975 8.30106722097253 2.96778428510059 END 
START -3.4461538461538463 5.839316239316239 11.525470085470085 -4.006508784885796 8.248694557117815 1.1172834955672808 END 
START -2.201709401709402 13.057094017094018 14.703589743589744 -4.626251973833272 8.658947090646427 -0.15711799156414885 END 
START -3.0441025641025643 22.476581196581197 19.68136752136752 -5.621332587072882 9.069199624175036 -2.3480410961531137 END 
START 5.686153846153847 31.053675213675213 28.047863247863248 -6.930649183440789 10.107924123960244 -4.215999440304661 END 
START 25.635555555555555 36.586666666666666 37.02700854700855 -7.777340582425369 12.717828539386938 -3.6224425832845433 END 
START 24.008205128205127 35.7825641025641 15.948034188034187 -7.951916128607756 9.819874472759304 -3.4915109236477524 END 
START 11.736068376068376 18.99213675213675 -38.82666666666667 -0.6459295208748342 -7.3409017169694 -5.839552019800866 END 
START 5.188376068376068 12.693333333333333 -23.26153846153846 4.111254112595229 -4.460405204960003 -2.2869396549892778 END 
START 10.874529914529914 12.827350427350428 -0.5360683760683761 5.78717935594615 -3.09871594473738 -0.7768611805116249 END 
START 12.463589743589743 14.895042735042734 7.8304273504273505 5.167436166998674 -3.3954943732474394 0.052372663854716284 END 
START 6.490256410256411 19.202735042735043 7.026324786324786 5.376926822417539 -5.307096603944584 -0.45389642007420783 END 
START 5.532991452991453 20.025982905982907 7.064615384615385 5.830823242491746 -6.825903855731356 -2.033805113024816 END 
START 5.877606837606837 18.877264957264956 5.264957264957265 5.664976473618478 -7.594036258933862 -3.046343280882664 END 
START 5.264957264957265 17.9008547008547 2.086837606837607 5.0103181754345245 -8.056661456317189 -3.8581195706307665 END 
START 5.092649572649573 14.990769230769232 -0.7275213675213675 4.2334569949229 -7.794798137043608 -4.957945511579808 END 
START 4.786324786324786 12.501880341880343 -3.80991452991453 4.08506778066787 -6.572769313766894 -5.734806692091434 END 
START 8.443076923076923 8.615384615384615 -6.413675213675214 5.167436166998674 -5.272181494708106 -5.3594692677993 END 
START 8.825982905982906 -2.24 -4.5374358974358975 4.111254112595229 -2.40041376000783 -1.6410101341144436 END 
START 7.6006837606837605 -4.786324786324786 -6.394529914529914 3.299477822847126 -3.38676559593832 -2.033805113024816 END 
START 10.644786324786324 -8.404786324786325 -8.27076923076923 2.8804965120093957 -3.9366785664128408 -2.1385504407342486 END 
START 15.814017094017094 -11.602051282051281 -9.936410256410257 2.5051590877172623 -3.38676559593832 -0.8030475124389831 END 
START 16.867008547008545 -12.655042735042736 -9.821538461538461 2.1385504407342486 -2.609904415426695 0.8990640628392963 END 
START 13.746324786324786 -14.11008547008547 -10.012991452991454 1.4926209198594143 -2.950326730482351 1.3093165963679072 END 
START 9.955555555555556 -14.569572649572649 -10.434188034188034 1.099825940949042 -3.613713805975424 0.619743188947476 END 
START 8.423931623931624 -15.967179487179488 -10.510769230769231 0.7506748485842668 -3.360579264010962 0.11347410501855196 END 
START 7.0837606837606835 -16.732991452991453 -10.510769230769231 0.22694821003710391 -1.7195691298965181 0.27059209658270084 END 
START 7.0837606837606835 -13.401709401709402 -10.07042735042735 -0.40152375621949155 0.4277100881468497 0.593556857020118 END 
START 7.3709401709401705 -7.562393162393162 -10.242735042735042 -0.7244885166569086 1.8505007895333088 0.7594036258933862 END 
START 6.241367521367521 -2.8526495726495726 -11.487179487179487 -0.6808446301113117 2.1036353314977707 0.6721158528021923 END 
START 3.3504273504273505 2.105982905982906 -12.501880341880343 -0.20949065541886513 1.1172834955672808 0.09601655040031319 END 
START 2.3548717948717948 1.9719658119658119 -11.563760683760684 -0.10474532770943257 0.8117762897481025 -0.183304323491507 END 
START 1.8762393162393163 0.7466666666666667 -10.395897435897435 -0.052372663854716284 0.619743188947476 -0.25313454196446206 END 
START 2.508034188034188 -0.11487179487179487 -9.362051282051283 0.183304323491507 0.41898131083773027 -0.1309316596367907 END 
START 3.063247863247863 -0.9381196581196581 -8.232478632478632 0.34042231505565584 0.1396604369459101 -0.08728777309119382 END 
