START 6.988034188034188 -4.8246153846153845 -3.5418803418803417 0.8728777309119381 0.84669139898458 0.026186331927358142 END 
START 7.141196581196581 -4.575726495726496 -1.6656410256410257 0.9077928401484157 0.8641489536028187 0.10474532770943257 END 
START 6.777435897435898 -3.9247863247863246 0.8423931623931624 0.549912970474521 0.48881152931068533 0.2793208738918202 END 
START 6.394529914529914 -2.086837606837607 6.873162393162393 -0.12220288232767133 -0.34042231505565584 -0.017457554618238762 END 
START 6.317948717948718 -0.8998290598290598 9.074871794871795 -0.7594036258933862 -0.6022856343292373 0.1309316596367907 END 
START 6.164786324786324 0.03829059829059829 11.334017094017094 -1.6584676887326824 -0.6372007435657149 0.5673705250927598 END 
START 5.973333333333334 1.8188034188034188 12.406153846153845 -2.6186331927358144 -0.43643886545596905 1.0387244997852063 END 
START 5.781880341880342 4.097094017094017 12.233846153846153 -3.5613411421207077 -0.43643886545596905 1.187113714040236 END 
START 6.126495726495726 6.662564102564103 11.391452991452992 -4.346931099941452 -0.593556857020118 1.3093165963679072 END 
START 6.030769230769231 9.572649572649572 9.802393162393162 -5.036504507361883 -0.6721158528021923 1.510078474477653 END 
START 5.628717948717949 12.214700854700855 7.236923076923077 -5.63879014169112 -0.733217293966028 1.6584676887326824 END 
START 5.494700854700855 14.416410256410256 4.48 -6.110144116383567 -0.8379626216754605 1.6322813568053243 END 
START 5.437264957264957 15.967179487179488 1.2444444444444445 -6.363278658348029 -0.8379626216754605 1.6846540206600407 END 
START 5.341538461538462 17.51794871794872 -1.5507692307692307 -6.502939095293939 -0.7855899578207443 1.7195691298965181 END 
START 5.111794871794872 17.996581196581197 -3.8864957264957263 -6.433108876820984 -0.6895734074204312 1.97270367186098 END 
START 3.8673504273504276 18.666666666666668 -7.045470085470085 -6.319634771802432 -0.4713539746924466 2.173465549970726 END 
START 3.273846153846154 19.06871794871795 -8.825982905982906 -6.275990885256835 -0.40152375621949155 2.1385504407342486 END 
START 3.2164102564102564 19.355897435897436 -10.912820512820513 -6.310905994493313 -0.4713539746924466 2.2083806592072035 END 
START 3.178119658119658 19.662222222222223 -12.09982905982906 -6.310905994493313 -0.6372007435657149 2.557531751571979 END 
START 2.5271794871794873 19.987692307692306 -12.54017094017094 -6.136330448310925 -0.733217293966028 2.8455814027729183 END 
START 1.8762393162393163 20.236581196581195 -12.559316239316239 -6.031585120601492 -0.7768611805116249 2.67973463389965 END 
START 1.6847863247863248 19.662222222222223 -12.808205128205127 -6.0053987886741345 -0.8728777309119381 2.4440576465534267 END 
START 1.34017094017094 19.43247863247863 -13.861196581196582 -6.0053987886741345 -1.1696561594219972 2.1909231045889648 END 
START 1.455042735042735 18.685811965811965 -15.794871794871796 -5.93556857020118 -1.4926209198594143 2.042533890333935 END 
START 1.589059829059829 17.70940170940171 -17.192478632478633 -5.830823242491746 -1.4751633652411755 2.1036353314977707 END 
START 1.7422222222222221 16.54153846153846 -18.302905982905983 -5.673705250927598 -0.7855899578207443 2.295668432298397 END 
START 2.0294017094017094 15.68 -21.30871794871795 -5.490400927436091 0.27059209658270084 2.2258382138254422 END 
START 3.3312820512820513 15.373675213675213 -32.50871794871795 -4.399303763796168 0.6459295208748342 1.4577058106229366 END 
START 3.8290598290598292 13.363418803418803 -36.184615384615384 -3.159817385901216 -0.19203310080062638 0.9601655040031319 END 
START 3.9439316239316238 9.764102564102565 -37.04615384615385 -1.9290597853153832 -0.45389642007420783 0.7681324032025055 END 
START 3.197264957264957 6.643418803418803 -37.02700854700855 -0.7419460712751474 -0.2356769873462233 0.6546582981839536 END 
START 2.086837606837607 4.403418803418804 -36.77811965811966 0.296778428510059 -0.09601655040031319 0.4626251973833272 END 
START 0.15316239316239316 3.9247863247863246 -36.62495726495727 1.4577058106229366 -0.09601655040031319 0.2356769873462233 END 
START -1.7230769230769232 4.862905982905983 -35.07418803418803 2.705920965827008 -0.16584676887326824 -0.296778428510059 END 
START -2.622905982905983 6.777435897435898 -32.66188034188034 3.7795605748486922 0.21821943272798452 -0.6983021847295505 END 
START -3.7333333333333334 9.285470085470086 -31.723760683760684 4.6960821923062275 1.3878755921499817 -0.9688942813122513 END 
START -4.288547008547009 11.008547008547009 -32.24068376068376 5.673705250927598 1.97270367186098 -1.5013496971685336 END 
START -2.9675213675213676 12.99965811965812 -31.455726495726495 6.581498091076013 2.059991444952174 -1.8592295668424281 END 
START -1.0721367521367522 19.48991452991453 -32.221538461538465 7.9344585739895175 2.321854764225755 -1.7195691298965181 END 
START -1.3210256410256411 23.395555555555557 -34.49982905982906 8.545472985627875 2.2345669911345616 -1.536264806405011 END 
START -2.4505982905982906 27.56923076923077 -37.141880341880345 9.348520498066858 1.623552579496205 -1.623552579496205 END 
START -3.4844444444444442 32.77675213675214 -37.9842735042735 10.15156801050584 1.0125381678578482 -1.806856902987712 END 
START -3.1015384615384614 37.103589743589744 -36.031452991452994 10.86732774985363 1.0212669451669676 -1.7981281256785926 END 
START -1.6273504273504273 40.09025641025641 -32.08752136752137 11.312495392618718 1.69338279796916 -1.4489770333138172 END 
START 1.187008547008547 42.15794871794872 -27.28205128205128 11.513257270728463 2.1385504407342486 -1.2307576005858327 END 
START 3.3312820512820513 45.08717948717949 -22.112820512820512 11.487070938801105 2.0076187810974577 -1.1172834955672808 END 
START 4.575726495726496 46.84854700854701 -15.392820512820514 11.338681724546076 1.8505007895333088 -1.2482151552040714 END 
START 6.739145299145299 44.55111111111111 -7.275213675213675 10.972073077563062 2.40041376000783 -0.9339791720757737 END 
START 6.585982905982906 39.76478632478632 1.9145299145299146 10.317414779379108 2.5488029742628595 -0.5411841931654017 END 
START 5.762735042735042 34.557264957264955 11.142564102564103 9.15648739726623 2.3654986507713525 -0.20076187810974577 END 
START 2.9292307692307693 23.05094017094017 18.264615384615386 6.275990885256835 1.483892142550295 0.12220288232767133 END 
START 1.5316239316239315 18.41777777777778 19.355897435897436 4.992860620816286 0.9077928401484157 0.17457554618238763 END 
START 1.0338461538461539 14.052649572649573 19.52820512820513 3.8144756840851697 0.38406620160125277 0.16584676887326824 END 
START 0.8232478632478633 10.702222222222222 19.26017094017094 2.8543101800820376 0.008728777309119381 0.08728777309119382 END 
START 1.3593162393162392 7.9452991452991455 18.99213675213675 1.9552461172427413 -0.22694821003710391 -0.06110144116383567 END 
START 2.105982905982906 5.437264957264957 18.34119658119658 1.0649108317125644 -0.296778428510059 -0.2618633192735814 END 
START 2.8143589743589743 3.8290598290598292 16.79042735042735 0.2618633192735814 -0.3229647604374171 -0.48881152931068533 END 
START 3.7524786324786326 2.5463247863247864 14.569572649572649 -0.43643886545596905 -0.41898131083773027 -0.6546582981839536 END 
START 4.671452991452991 1.8762393162393163 11.984957264957265 -1.0212669451669676 -0.5324554158562822 -0.7506748485842668 END 
START 5.571282051282052 1.7613675213675213 9.572649572649572 -1.4227907013864591 -0.5586417477836404 -0.7070309620386699 END 
START 5.628717948717949 1.7805128205128204 7.102905982905983 -1.7981281256785926 -0.5848280797109986 -0.6546582981839536 END 
