START 6.94974358974359 -5.15008547008547 -1.052991452991453 -0.052372663854716284 0.593556857020118 -0.06983021847295505 END 
START 6.739145299145299 -4.460854700854701 -0.4211965811965812 -0.052372663854716284 0.84669139898458 0.20949065541886513 END 
START 5.59042735042735 -3.6376068376068376 0.8998290598290598 -0.3578798696738946 0.7157597393477892 0.8816065082210575 END 
START 4.786324786324786 -1.0912820512820514 3.695042735042735 -0.593556857020118 0.11347410501855196 0.9427079493848932 END 
START 2.0676923076923077 0.5552136752136753 7.4283760683760685 -1.3442317056043847 -0.4102525335286109 0.4102525335286109 END 
START 1.0912820512820514 2.086837606837607 9.017435897435897 -2.0687202222612933 -0.6459295208748342 0.4713539746924466 END 
START 0.47863247863247865 4.786324786324786 9.917264957264956 -2.810666293536441 -0.619743188947476 0.6895734074204312 END 
START 0.7275213675213675 7.792136752136752 9.438632478632478 -3.456595814411275 -0.30550720581917834 0.8554201762936994 END 
START 0.8998290598290598 10.415042735042736 7.9452991452991455 -4.023966339504034 -0.19203310080062638 0.7594036258933862 END 
START 1.2635897435897436 12.214700854700855 5.896752136752137 -4.608794419215033 -0.549912970474521 0.48881152931068533 END 
START 2.086837606837607 13.076239316239317 3.9439316239316238 -5.167436166998674 -1.2220288232767134 0.2356769873462233 END 
START 3.063247863247863 13.21025641025641 2.125128205128205 -5.586417477836404 -1.7457554618238762 0.34042231505565584 END 
START 4.345982905982906 13.746324786324786 0.9381196581196581 -6.145059225620044 -1.8243144576059507 0.5324554158562822 END 
START 5.1692307692307695 14.033504273504274 -0.5935042735042735 -6.8084463011131175 -1.4227907013864591 0.8205050670572218 END 
START 4.901196581196581 14.799316239316239 -2.8335042735042735 -7.402003158133235 -1.1434698274946389 1.0910971636399227 END 
START 5.571282051282052 15.90974358974359 -6.432820512820513 -7.75115425049801 -1.0038093905487289 1.1521986048037582 END 
START 7.677264957264957 21.883076923076924 -14.071794871794872 -8.03920390169895 -0.9514367266940126 1.3005878190587878 END 
START 8.73025641025641 22.82119658119658 -17.805128205128206 -8.100305342862786 -0.8030475124389831 1.2918590417496685 END 
START 8.309059829059828 22.897777777777776 -22.323418803418804 -8.065390233626308 -0.8728777309119381 1.213300045967594 END 
START 6.681709401709401 23.031794871794872 -28.105299145299146 -7.768611805116249 -1.4402482560046979 1.2831302644405491 END 
START 4.288547008547009 22.093675213675212 -32.31726495726496 -7.0004794019137435 -2.1036353314977707 1.4751633652411755 END 
START 2.259145299145299 18.704957264957265 -32.757606837606836 -5.987941234055896 -2.496430310408143 1.4926209198594143 END 
START 2.508034188034188 13.057094017094018 -30.881367521367522 -5.123792280453077 -1.0387244997852063 2.0076187810974577 END 
START 2.259145299145299 8.098461538461539 -32.29811965811966 -4.504049091505601 0.5324554158562822 2.129821663425129 END 
START 2.278290598290598 4.441709401709402 -37.02700854700855 -3.8406620160125278 0.11347410501855196 1.6671964660418017 END 
START 2.278290598290598 2.91008547008547 -40.205128205128204 -2.636090747354053 -0.5848280797109986 1.3704180375317427 END 
START 1.187008547008547 1.4741880341880342 -42.253675213675216 -1.056182054403445 -0.5324554158562822 1.1958424913493553 END 
START -3.790769230769231 0.9955555555555555 -41.88991452991453 2.1210928861160094 0.98635183593049 0.44516764276508847 END 
START -5.245811965811966 2.9483760683760685 -39.80307692307692 3.5787986967389465 1.1783849367311166 -0.28804965120093956 END 
START -5.15008547008547 5.264957264957265 -37.467350427350425 4.8182850746338985 1.649738911423563 -0.6459295208748342 END 
START -4.384273504273504 8.443076923076923 -36.08888888888889 5.839552019800866 2.2083806592072035 -0.8292338443663412 END 
START -4.3076923076923075 13.305982905982907 -36.96957264957265 6.8171750784222365 2.269482100371039 -1.1609273821128776 END 
START -3.8673504273504276 19.336752136752136 -38.577777777777776 7.794798137043608 1.8505007895333088 -1.5624511383323691 END 
START -3.7524786324786326 24.946324786324787 -38.80752136752137 8.859708968756172 1.4402482560046979 -1.7457554618238762 END 
START -4.4225641025641025 28.64136752136752 -35.9357264957265 9.758773031595469 1.4140619240773398 -1.7806705710603539 END 
START -4.8820512820512825 31.532307692307693 -31.857777777777777 10.395973775161183 1.7282979072056375 -1.763213016442115 END 
START -3.5035897435897434 33.84888888888889 -26.8225641025641 10.771311199453317 2.2520245457528003 -1.7544842391329956 END 
START -0.5360683760683761 36.26119658119658 -22.955213675213674 10.902242859090107 2.653548301972292 -1.6671964660418017 END 
START 1.9145299145299146 37.90769230769231 -20.734358974358976 11.015716964108659 2.6273619700449338 -1.510078474477653 END 
START 2.259145299145299 35.9165811965812 -11.87008547008547 10.753853644835077 2.4091425373169493 -1.4751633652411755 END 
START 1.7996581196581196 34.557264957264955 -6.069059829059829 10.317414779379108 2.705920965827008 -1.5188072517867723 END 
START 1.4167521367521367 31.474871794871795 1.4167521367521367 9.627841371958677 2.950326730482351 -1.4140619240773398 END 
START 1.8953846153846154 28.583931623931623 10.07042735042735 8.641489536028187 3.1074447220464996 -0.8903352855301769 END 
START 2.6994871794871793 25.46324786324786 15.641709401709402 7.017936956531982 2.9852418397188285 -0.48881152931068533 END 
START 2.374017094017094 22.763760683760683 17.67111111111111 5.350740490490181 2.452786423862546 -0.19203310080062638 END 
START 1.455042735042735 19.413333333333334 18.513504273504275 3.735916688303095 1.4751633652411755 -0.16584676887326824 END 
START 0.2105982905982906 16.35008547008547 18.724102564102566 2.426600091935188 0.549912970474521 -0.06983021847295505 END 
START -0.3254700854700855 13.478290598290599 19.04957264957265 1.3180453736770266 -0.16584676887326824 -0.07855899578207443 END 
START -0.2105982905982906 10.376752136752136 19.145299145299145 0.296778428510059 -0.6022856343292373 -0.20949065541886513 END 
START 0.5743589743589743 7.753846153846154 18.53264957264957 -0.6459295208748342 -0.9427079493848932 -0.44516764276508847 END 
START 1.8762393162393163 6.04991452991453 17.115897435897438 -1.483892142550295 -1.187113714040236 -0.6546582981839536 END 
START 5.226666666666667 5.0543589743589745 11.563760683760684 -3.1249022766647383 -1.4140619240773398 -0.6808446301113117 END 
