START 5.743589743589744 -5.36068376068376 -4.862905982905983 0.3578798696738946 0.34042231505565584 0.2356769873462233 END 
START 5.475555555555555 -5.628717948717949 -4.614017094017094 0.2793208738918202 0.5411841931654017 0.07855899578207443 END 
START 5.686153846153847 -6.04991452991453 -4.843760683760684 0.34915109236477526 0.593556857020118 -0.09601655040031319 END 
START 6.815726495726496 -7.3135042735042735 -5.1692307692307695 0.5411841931654017 0.5673705250927598 -0.034915109236477525 END 
START 7.8878632478632476 -8.28991452991453 -4.077948717948718 0.916521617457535 0.5673705250927598 0.41898131083773027 END 
START 8.213333333333333 -7.0837606837606835 -0.28717948717948716 0.366608646983014 0.8816065082210575 1.4227907013864591 END 
START 7.61982905982906 -4.03965811965812 1.455042735042735 -0.10474532770943257 1.2918590417496685 1.056182054403445 END 
START 7.007179487179487 -1.3210256410256411 2.0676923076923077 -0.3229647604374171 0.8728777309119381 0.366608646983014 END 
START 6.490256410256411 -0.03829059829059829 4.077948717948718 -0.6110144116383567 1.0387244997852063 0.40152375621949155 END 
START 6.011623931623932 2.3548717948717948 4.499145299145299 -1.0823683863308033 1.213300045967594 0.6895734074204312 END 
START 6.451965811965812 4.556581196581196 5.398974358974359 -1.69338279796916 1.1696561594219972 0.7681324032025055 END 
START 6.528547008547009 6.72 5.686153846153847 -2.313125986916636 1.326774150986146 0.8990640628392963 END 
START 7.102905982905983 8.175042735042735 5.322393162393162 -2.96778428510059 1.4053331467682204 0.9514367266940126 END 
START 7.332649572649573 8.71111111111111 4.843760683760684 -3.482782146338633 1.099825940949042 0.9776230586213707 END 
START 7.1986324786324785 8.328205128205129 4.633162393162393 -3.9628648983401993 0.5411841931654017 1.0038093905487289 END 
START 6.988034188034188 8.021880341880342 4.728888888888889 -4.556421755360317 0.25313454196446206 1.1783849367311166 END 
START 5.667008547008547 9.151452991452992 2.086837606837607 -5.603875032454643 0.49754030661980475 1.7806705710603539 END 
START 5.36068376068376 10.797948717948717 0.13401709401709402 -6.0665002298379695 0.4626251973833272 2.059991444952174 END 
START 5.092649572649573 12.444444444444445 -2.125128205128205 -6.319634771802432 0.3578798696738946 2.1385504407342486 END 
START 4.614017094017094 13.248547008547009 -4.786324786324786 -6.555311759148656 0.3753374242921334 2.2258382138254422 END 
START 3.7524786324786326 14.397264957264957 -7.294358974358975 -6.712429750712804 0.6372007435657149 2.2520245457528003 END 
START 3.0441025641025643 14.607863247863248 -9.457777777777778 -6.712429750712804 0.9950806132396095 2.1647367726616067 END 
START 2.4505982905982906 13.66974358974359 -11.525470085470085 -6.756073637258401 0.7768611805116249 1.8243144576059507 END 
START 2.7377777777777776 14.033504273504274 -13.363418803418803 -6.8782765195860724 0.17457554618238763 1.649738911423563 END 
START 2.201709401709402 15.201367521367521 -16.656410256410258 -6.782259969185759 -0.12220288232767133 1.5449935837141304 END 
START 1.9336752136752138 14.971623931623931 -19.126153846153848 -6.450566431439222 -0.1396604369459101 1.2220288232767134 END 
START 1.9528205128205127 13.612307692307692 -20.38974358974359 -5.970483679437657 0.19203310080062638 0.9339791720757737 END 
START 1.9719658119658119 11.697777777777778 -21.863931623931624 -5.595146255145523 0.1483892142550295 0.549912970474521 END 
START 3.6184615384615384 8.768547008547008 -24.44854700854701 -4.504049091505601 -0.11347410501855196 0.6372007435657149 END 
START 4.097094017094017 6.94974358974359 -25.118632478632478 -3.8057469067760503 0.06983021847295505 0.5586417477836404 END 
START 4.671452991452991 6.069059829059829 -26.305641025641027 -3.089987167428261 0.22694821003710391 0.28804965120093956 END 
START 5.762735042735042 5.341538461538462 -27.76068376068376 -2.295668432298397 0.2356769873462233 -0.017457554618238762 END 
START 7.0837606837606835 4.4225641025641025 -29.215726495726496 -1.5711799156414885 0.2356769873462233 -0.16584676887326824 END 
START 7.696410256410257 4.269401709401709 -31.245128205128204 -0.7681324032025055 0.3578798696738946 -0.3316935377465365 END 
START 8.098461538461539 4.365128205128205 -32.60444444444445 0.1396604369459101 0.9776230586213707 -0.28804965120093956 END 
START 7.868717948717949 5.073504273504273 -34.25094017094017 1.0649108317125644 1.5188072517867723 -0.3578798696738946 END 
START 6.873162393162393 5.494700854700855 -37.00786324786325 2.0774489995704126 1.2220288232767134 -0.8205050670572218 END 
START 7.007179487179487 5.915897435897436 -36.931282051282054 3.255833936301529 1.0125381678578482 -1.0823683863308033 END 
START 7.351794871794872 5.647863247863248 -36.06974358974359 4.259643326850258 1.6671964660418017 -0.7157597393477892 END 
START 6.183931623931624 6.413675213675214 -37.37162393162393 5.062690839289241 2.2782108776801584 -0.24440576465534267 END 
START -0.5360683760683761 12.463589743589743 -42.942905982905984 7.0004794019137435 -0.017457554618238762 -0.8728777309119381 END 
START -4.25025641025641 18.07316239316239 -44.66598290598291 7.908272242062159 -0.6808446301113117 -1.1260122728764002 END 
START -6.624273504273504 25.712136752136754 -45.77641025641026 8.912081632610889 0.06110144116383567 -0.9601655040031319 END 
START -5.82017094017094 33.77230769230769 -45.08717948717949 10.081737792032886 1.3180453736770266 -0.9950806132396095 END 
START -0.8615384615384616 40.013675213675214 -40.3391452991453 11.251393951454883 1.5449935837141304 -1.0823683863308033 END 
START 5.781880341880342 45.125470085470084 -31.896068376068374 11.844950808475 1.3704180375317427 -0.98635183593049 END 
START 10.147008547008546 48.64820512820513 -22.3808547008547 11.932238581566194 1.1958424913493553 -0.8205050670572218 END 
START 14.052649572649573 49.08854700854701 -12.444444444444445 11.478342161491986 1.2569439325131908 -0.733217293966028 END 
START 15.297094017094016 45.98700854700855 -5.781880341880342 10.884785304471869 1.6322813568053243 -0.2356769873462233 END 
START 13.114529914529914 41.44957264957265 0.3254700854700855 10.221398228978796 1.5537223610232498 0.296778428510059 END 
START 10.625641025641025 37.04615384615385 7.102905982905983 9.357249275375978 1.0823683863308033 0.7855899578207443 END 
START 7.16034188034188 32.31726495726496 13.727179487179487 8.152678006717503 0.5586417477836404 0.9950806132396095 END 
START 3.024957264957265 20.236581196581195 20.38974358974359 5.21980883085339 -0.28804965120093956 0.733217293966028 END 
START 1.301880341880342 15.297094017094016 20.42803418803419 3.9977800075766767 -0.8554201762936994 0.549912970474521 END 
START 0.36376068376068377 11.678632478632478 19.662222222222223 3.0026993943370672 -1.1783849367311166 0.4277100881468497 END 
START 0.057435897435897436 8.9408547008547 18.322051282051284 2.1560079953524873 -1.326774150986146 0.28804965120093956 END 
START -0.057435897435897436 6.605128205128205 17.69025641025641 1.4489770333138172 -1.2569439325131908 0.052372663854716284 END 
START 0.5360683760683761 4.441709401709402 17.154188034188035 0.8117762897481025 -0.9688942813122513 -0.22694821003710391 END 
START 2.0676923076923077 2.4314529914529914 16.35008547008547 0.2356769873462233 -0.6022856343292373 -0.4713539746924466 END 
START 3.58017094017094 1.052991452991453 15.086495726495727 -0.28804965120093956 -0.366608646983014 -0.6372007435657149 END 
START 4.862905982905983 0.4403418803418803 13.4591452991453 -0.8641489536028187 -0.4626251973833272 -0.8379626216754605 END 
START 6.260512820512821 0.36376068376068377 11.64034188034188 -1.326774150986146 -0.5411841931654017 -1.029995722476087 END 
START 7.409230769230769 0.4211965811965812 9.744957264957264 -1.763213016442115 -0.25313454196446206 -0.9776230586213707 END 
