START 7.8878632478632476 1.4167521367521367 1.7230769230769232 -1.5886374702597275 1.3093165963679072 1.1783849367311166 END 
START 7.581538461538462 2.4505982905982906 2.4123076923076923 -1.9814324491700996 1.2744014871314298 0.8641489536028187 END 
START 7.696410256410257 2.488888888888889 2.5463247863247864 -2.522616642335501 1.1434698274946389 0.8728777309119381 END 
START 7.102905982905983 3.4461538461538463 2.986666666666667 -3.255833936301529 1.029995722476087 0.9776230586213707 END 
START 7.409230769230769 4.575726495726496 3.58017094017094 -4.416761318414407 0.619743188947476 1.3180453736770266 END 
START 7.1986324786324785 6.375384615384616 3.2355555555555555 -4.64370952845151 0.43643886545596905 1.6410101341144436 END 
START 5.935042735042735 8.27076923076923 2.01025641025641 -5.019046952743644 0.1483892142550295 1.5886374702597275 END 
START 4.862905982905983 8.883418803418804 0.26803418803418805 -5.420570708963136 -0.16584676887326824 1.510078474477653 END 
START 3.963076923076923 9.323760683760684 -1.589059829059829 -5.734806692091434 -0.366608646983014 1.5711799156414885 END 
START 2.5846153846153848 10.644786324786324 -3.312136752136752 -6.0053987886741345 -0.5848280797109986 1.8505007895333088 END 
START 1.3976068376068376 11.984957264957265 -4.843760683760684 -6.118872893692687 -0.6895734074204312 2.2345669911345616 END 
START 0.1723076923076923 12.980512820512821 -6.317948717948718 -6.145059225620044 -0.6022856343292373 2.2869396549892778 END 
START -0.918974358974359 12.693333333333333 -8.002735042735043 -6.031585120601492 -0.5149978612380435 1.8679583441515475 END 
START -0.9572649572649573 10.491623931623932 -10.242735042735042 -5.979212456746776 -0.5848280797109986 1.4227907013864591 END 
START -0.4211965811965812 9.40034188034188 -12.31042735042735 -5.93556857020118 -0.43643886545596905 1.5537223610232498 END 
START -0.11487179487179487 9.725811965811966 -14.665299145299146 -5.726077914782314 -0.034915109236477525 1.7195691298965181 END 
START 1.703931623931624 10.127863247863248 -18.78153846153846 -5.237266385471629 0.6808446301113117 1.073639609021684 END 
START 2.9292307692307693 10.012991452991454 -21.289572649572648 -4.975403066198047 0.6110144116383567 0.7070309620386699 END 
START 3.58017094017094 9.189743589743589 -23.31897435897436 -4.51277786881472 0.052372663854716284 0.27059209658270084 END 
START 5.781880341880342 8.002735042735043 -24.065641025641025 -4.006508784885796 -0.16584676887326824 0.25313454196446206 END 
START 7.562393162393162 7.8304273504273505 -26.056752136752138 -3.3693080413200813 0.3753374242921334 0.5760993024018791 END 
START 8.098461538461539 7.8304273504273505 -30.823931623931625 -2.5051590877172623 0.5586417477836404 0.366608646983014 END 
START 7.983589743589744 6.107350427350427 -33.88717948717949 -1.2482151552040714 -0.25313454196446206 -0.2793208738918202 END 
START 7.4283760683760685 3.197264957264957 -34.61470085470086 0.15711799156414885 -1.0125381678578482 -0.6546582981839536 END 
START 6.94974358974359 1.7230769230769232 -33.90632478632479 1.3180453736770266 -0.27059209658270084 -0.22694821003710391 END 
START 3.7141880341880342 2.5654700854700856 -36.45264957264957 2.426600091935188 1.0823683863308033 -0.06110144116383567 END 
START -0.13401709401709402 3.58017094017094 -39.53504273504274 3.7010015790666175 0.916521617457535 -1.099825940949042 END 
START -0.8041025641025641 3.7524786324786326 -40.77948717948718 5.123792280453077 0.7419460712751474 -2.1647367726616067 END 
START 0.918974358974359 10.415042735042736 -48.437606837606836 7.166326170787012 2.9415979531732313 -1.2045712686584746 END 
START 0.40205128205128204 20.447179487179486 -56.459487179487176 8.501829099082277 2.5138878650263816 -1.029995722476087 END 
START -0.8232478632478633 30.038974358974357 -59.024957264957266 10.605464430580048 1.0038093905487289 -1.4315194786955785 END 
START -2.508034188034188 36.91213675213675 -52.66871794871795 12.586896879750148 -0.1483892142550295 -1.8941446760789058 END 
START -2.5463247863247864 42.33025641025641 -41.62188034188034 13.608163824917115 -0.06983021847295505 -1.8766871214606669 END 
START -0.057435897435897436 47.82495726495726 -32.04923076923077 13.896213476118055 0.8030475124389831 -1.4751633652411755 END 
START 3.6184615384615384 51.52 -23.472136752136752 13.67799404339007 1.2482151552040714 -1.2918590417496685 END 
START 9.534358974358975 50.21811965811966 -14.761025641025642 12.936047972114922 1.2918590417496685 -1.056182054403445 END 
START 12.042393162393163 45.71897435897436 -6.585982905982906 11.888594695020597 1.1434698274946389 -0.6459295208748342 END 
START 10.204444444444444 41.679316239316236 0.22974358974358974 10.622921985198287 0.7157597393477892 -0.3142359831282977 END 
START 5.935042735042735 37.9842735042735 5.552136752136752 9.034284514938559 0.6983021847295505 0.16584676887326824 END 
START 1.9336752136752138 27.28205128205128 15.277948717948718 6.022856343292373 0.04364388654559691 0.5062690839289241 END 
START 1.6847863247863248 20.16 19.738803418803418 4.6960821923062275 -0.9514367266940126 0.183304323491507 END 
START 1.5316239316239315 13.65059829059829 21.653333333333332 3.4042231505565588 -1.5711799156414885 -0.07855899578207443 END 
START 1.6082051282051282 8.615384615384615 21.634188034188035 2.1647367726616067 -1.623552579496205 -0.17457554618238763 END 
START 2.5463247863247864 4.843760683760684 19.45162393162393 1.056182054403445 -1.5449935837141304 -0.45389642007420783 END 
START 3.790769230769231 1.6464957264957265 16.311794871794874 0.183304323491507 -1.2220288232767134 -0.5324554158562822 END 
START 5.37982905982906 -0.3446153846153846 12.08068376068376 -0.4626251973833272 -0.8903352855301769 -0.6546582981839536 END 
START 7.122051282051282 -1.3784615384615384 8.021880341880342 -0.8728777309119381 -0.7157597393477892 -0.8554201762936994 END 
START 8.921709401709402 -2.125128205128205 4.269401709401709 -1.1347410501855195 -0.5411841931654017 -0.9252503947666544 END 
START -0.4403418803418803 3.3695726495726497 17.556239316239317 0.2793208738918202 -1.5188072517867723 -0.5586417477836404 END 
START 0.8615384615384616 2.0294017094017094 15.641709401709402 -0.38406620160125277 -1.3878755921499817 -0.9252503947666544 END 