START 7.332649572649573 -1.9719658119658119 -5.801025641025641 -0.04364388654559691 0.49754030661980475 0.9688942813122513 END 
START 6.796581196581196 -2.0676923076923077 -5.245811965811966 0 0.16584676887326824 1.1172834955672808 END 
START 7.275213675213675 -2.3165811965811964 -4.499145299145299 -0.1396604369459101 0.296778428510059 1.2482151552040714 END 
START 7.294358974358975 -2.508034188034188 -4.365128205128205 -0.549912970474521 0.5760993024018791 1.5013496971685336 END 
START 6.337094017094017 -1.8953846153846154 -5.36068376068376 -0.6983021847295505 0.41898131083773027 1.3616892602226234 END 
START 5.839316239316239 -2.201709401709402 -6.011623931623932 -0.6459295208748342 0 0.8990640628392963 END 
START 5.686153846153847 -3.1398290598290597 -6.107350427350427 -0.3229647604374171 -0.3229647604374171 0.4713539746924466 END 
START 6.490256410256411 -4.154529914529914 -5.992478632478632 -0.2618633192735814 -0.28804965120093956 0.22694821003710391 END 
START 6.930598290598291 -4.862905982905983 -5.686153846153847 -0.28804965120093956 -0.2356769873462233 0.052372663854716284 END 
START 7.17948717948718 -5.092649572649573 -5.437264957264957 -0.3316935377465365 -0.09601655040031319 0 END 
START 7.256068376068376 -4.977777777777778 -5.418119658119658 -0.3578798696738946 0.052372663854716284 0.017457554618238762 END 
START 7.0837606837606835 -4.556581196581196 -5.59042735042735 -0.366608646983014 0.16584676887326824 0.034915109236477525 END 
START 7.1986324786324785 -4.135384615384615 -5.571282051282052 -0.296778428510059 0.16584676887326824 0.09601655040031319 END 
START 6.94974358974359 -3.561025641025641 -5.571282051282052 -0.21821943272798452 0.15711799156414885 0.15711799156414885 END 
START 6.528547008547009 -3.1206837606837605 -5.686153846153847 -0.183304323491507 0.09601655040031319 0.034915109236477525 END 
START 6.356239316239316 -3.2355555555555555 -5.647863247863248 -0.1483892142550295 -0.026186331927358142 -0.052372663854716284 END 
START 6.088205128205129 -3.7141880341880342 -5.303247863247863 -0.08728777309119382 -0.17457554618238763 -0.12220288232767133 END 
START 6.030769230769231 -4.633162393162393 -5.073504273504273 -0.017457554618238762 -0.296778428510059 -0.08728777309119382 END 
START 6.700854700854701 -9.017435897435897 -5.016068376068376 0.1483892142550295 -0.25313454196446206 -0.04364388654559691 END 
START 7.026324786324786 -12.712478632478632 -5.915897435897436 0.183304323491507 -0.1309316596367907 -0.09601655040031319 END 
START 7.256068376068376 -15.68 -6.911452991452991 0.19203310080062638 0.052372663854716284 -0.20949065541886513 END 
START 8.423931623931624 -18.283760683760683 -8.443076923076923 0.22694821003710391 0.7419460712751474 -0.12220288232767133 END 
START 8.481367521367522 -18.762393162393163 -9.304615384615385 0.296778428510059 1.4140619240773398 0.296778428510059 END 
START 7.409230769230769 -17.785982905982905 -9.189743589743589 0.3753374242921334 1.8679583441515475 0.4713539746924466 END 
START 6.700854700854701 -16.924444444444443 -8.251623931623932 0.49754030661980475 2.243295768443681 0.5586417477836404 END 
START 5.954188034188034 -15.737435897435898 -7.8304273504273505 0.5149978612380435 2.4615152011716654 0.7157597393477892 END 
START 4.345982905982906 -13.842051282051282 -6.834871794871795 0.20076187810974577 2.2869396549892778 0.6459295208748342 END 
START 3.3695726495726497 -12.865641025641025 -5.073504273504273 -0.09601655040031319 2.2345669911345616 0.6983021847295505 END 
START 2.4123076923076923 -11.793504273504274 -2.8143589743589743 -0.49754030661980475 2.5749893061902176 0.98635183593049 END 
START 0.11487179487179487 -8.06017094017094 2.508034188034188 -1.2569439325131908 3.3082066001562453 0.7157597393477892 END 
START -1.9336752136752138 -4.633162393162393 5.398974358974359 -1.7981281256785926 3.3082066001562453 0.8030475124389831 END 
START -3.5227350427350426 -0.8232478632478633 9.534358974358975 -2.67973463389965 3.456595814411275 0.34915109236477526 END 
START -3.1206837606837605 4.7671794871794875 14.971623931623931 -3.735916688303095 4.8793865157977345 -0.22694821003710391 END 
START 0.8041025641025641 13.248547008547009 20.887521367521366 -4.504049091505601 7.384545603514996 -1.1085547182581614 END 
START 8.423931623931624 22.22769230769231 26.343931623931624 -5.176164944307793 9.409621939230693 -1.83304323491507 END 
START 25.003760683760685 25.424957264957264 32.757606837606836 -5.7522642467096725 11.452155829564628 -1.3093165963679072 END 
START 31.781196581196582 23.433846153846154 18.456068376068377 -5.918111015582941 10.640379539816525 -0.916521617457535 END 
START 20.60034188034188 23.184957264957266 -13.727179487179487 -5.734806692091434 0.7855899578207443 -4.215999440304661 END 
START 18.53264957264957 14.971623931623931 -20.753504273504273 -2.173465549970726 -4.1985418856864225 -4.809556297324779 END 
START 16.752136752136753 9.381196581196582 -7.6006837606837605 2.033805113024816 -1.4053331467682204 -0.7506748485842668 END 
START 17.077606837606837 8.653675213675214 5.341538461538462 3.5176972555751105 -0.2793208738918202 1.396604369459101 END 
START 13.401709401709402 13.22940170940171 11.391452991452992 3.596256251357185 -5.097605948525719 0.9252503947666544 END 
START 11.87008547008547 14.454700854700855 11.88923076923077 3.089987167428261 -6.965564292677266 -0.8728777309119381 END 
START 10.893675213675214 14.435555555555556 9.113162393162392 3.2383763816832905 -7.218698834641728 -2.7582936296817246 END 
START 10.683076923076923 11.87008547008547 5.839316239316239 3.980322452958438 -5.36819804510842 -2.96778428510059 END 
START 9.036581196581196 12.214700854700855 2.3357264957264956 4.51277786881472 -3.770831797539573 -2.1647367726616067 END 
START 7.638974358974359 11.2 1.0147008547008547 4.923030402343331 -3.7621030202304535 -2.2782108776801584 END 
START 7.026324786324786 7.1986324786324785 1.8953846153846154 4.853200183870376 -3.770831797539573 -2.3916849826987105 END 
START 4.728888888888889 2.4697435897435898 2.01025641025641 4.530235423432959 -2.767022406990844 -1.352960482913504 END 
START 1.0912820512820514 1.3593162393162392 1.34017094017094 4.0152375621949155 -2.059991444952174 -1.2656727098223102 END 
START 2.488888888888889 -4.25025641025641 -0.5360683760683761 3.8144756840851697 -1.806856902987712 -1.352960482913504 END 
START 4.6523076923076925 -10.970256410256411 -1.8762393162393163 3.1947324951376936 -1.5537223610232498 -0.366608646983014 END 
START 6.892307692307693 -19.45162393162393 -0.7275213675213675 1.6322813568053243 -3.0638008355009028 -0.7855899578207443 END 
START 13.305982905982907 -24.505982905982904 0.5552136752136753 0.8990640628392963 -3.508968478265991 -0.9252503947666544 END 
START 16.924444444444443 -26.765128205128207 1.8188034188034188 0.08728777309119382 -3.893034679867244 -0.20949065541886513 END 
START 14.301538461538462 -23.682735042735043 1.1104273504273505 -0.9601655040031319 -4.09379655797699 0.2356769873462233 END 
START 11.391452991452992 -18.436923076923076 -0.9572649572649573 -1.675925243350921 -3.255833936301529 0.9427079493848932 END 
START 8.175042735042735 -12.233846153846153 -4.5374358974358975 -2.1036353314977707 -1.9203310080062639 1.3442317056043847 END 
START 6.241367521367521 -6.585982905982906 -8.9408547008547 -1.97270367186098 -1.056182054403445 0.8641489536028187 END 
START 6.298803418803419 -2.0294017094017094 -12.157264957264957 -1.5973662475688468 -0.27059209658270084 0.39279497891037213 END 
START 7.9452991452991455 1.2444444444444445 -14.205811965811966 -0.9776230586213707 0.48008275200156597 0.40152375621949155 END 
START 9.113162393162392 2.508034188034188 -13.88034188034188 -0.21821943272798452 0.5062690839289241 0.40152375621949155 END 
START 9.40034188034188 2.0676923076923077 -11.544615384615385 0.34042231505565584 0.034915109236477525 -0.017457554618238762 END 
START 9.228034188034188 0.019145299145299145 -8.864273504273504 0.5848280797109986 -0.1309316596367907 -0.3229647604374171 END 
START 7.294358974358975 -2.5271794871794873 -6.873162393162393 0.27059209658270084 -0.04364388654559691 0.22694821003710391 END 
START 5.781880341880342 -2.278290598290598 -6.892307692307693 0.34915109236477526 -0.17457554618238763 0.22694821003710391 END 
