START 5.398974358974359 -6.432820512820513 -1.7230769230769232 0.40152375621949155 1.1347410501855195 -0.5149978612380435 END 
START 4.633162393162393 -6.011623931623932 -1.703931623931624 0.40152375621949155 0.8379626216754605 0.24440576465534267 END 
START 3.9247863247863246 -6.222222222222222 -1.34017094017094 0.48881152931068533 0.7943187351298637 0.7070309620386699 END 
START 3.5035897435897434 -6.088205128205129 -0.7083760683760684 0.48881152931068533 0.6721158528021923 0.5237266385471628 END 
START 4.269401709401709 -6.547692307692308 -0.22974358974358974 0.28804965120093956 0.5848280797109986 0.06110144116383567 END 
START 5.073504273504273 -6.758290598290598 0.09572649572649572 0.12220288232767133 0.5237266385471628 -0.1483892142550295 END 
START 5.935042735042735 -6.911452991452991 1.1295726495726495 -0.017457554618238762 0.6284719662565954 0.11347410501855196 END 
START 6.279658119658119 -6.317948717948718 1.8188034188034188 -0.21821943272798452 0.8990640628392963 0.619743188947476 END 
START 7.045470085470085 -4.786324786324786 2.1634188034188035 -0.3229647604374171 0.026186331927358142 0.663387075493073 END 
START 7.3709401709401705 -3.561025641025641 5.59042735042735 -0.7244885166569086 -0.6022856343292373 0.34042231505565584 END 
START 6.509401709401709 -2.1634188034188035 9.438632478632478 -1.3791468148408623 -0.22694821003710391 0.19203310080062638 END 
START 5.398974358974359 -0.19145299145299144 10.644786324786324 -2.147279218043368 0.5760993024018791 0.6110144116383567 END 
START 4.9394871794871795 2.508034188034188 10.376752136752136 -2.8281238481546795 0.7594036258933862 0.8641489536028187 END 
START 4.690598290598291 4.728888888888889 10.051282051282051 -3.5438835875024686 0.5848280797109986 0.8554201762936994 END 
START 4.403418803418804 7.5432478632478634 9.036581196581196 -4.277100881468497 0.366608646983014 0.733217293966028 END 
START 4.173675213675214 9.649230769230769 7.61982905982906 -5.019046952743644 0.2618633192735814 0.41898131083773027 END 
START 4.690598290598291 11.468034188034189 6.298803418803419 -5.769721801327911 0.3316935377465365 0.2356769873462233 END 
START 5.0543589743589745 13.133675213675213 4.365128205128205 -6.275990885256835 0.5149978612380435 0.43643886545596905 END 
START 4.8820512820512825 13.803760683760684 2.086837606837607 -6.686243418785446 0.3753374242921334 0.549912970474521 END 
START 5.15008547008547 14.09094017094017 -0.4211965811965812 -7.113953506932296 -0.1396604369459101 0.6546582981839536 END 
START 5.552136752136752 16.40752136752137 -2.91008547008547 -7.506748485842667 -0.366608646983014 1.0038093905487289 END 
START 5.398974358974359 18.85811965811966 -5.628717948717949 -7.7424254731888915 0.28804965120093956 1.7021115752782794 END 
START 5.035213675213675 20.715213675213676 -8.557948717948719 -7.75988302780713 0.7506748485842668 2.016347558406577 END 
START 3.6567521367521367 19.623931623931625 -11.697777777777778 -7.576578704315623 -0.04364388654559691 1.5973662475688468 END 
START 1.5699145299145298 15.756581196581196 -14.895042735042734 -7.2448851665690865 -2.042533890333935 1.1783849367311166 END 
START 1.1295726495726495 14.837606837606838 -15.565128205128206 -7.113953506932296 -1.0823683863308033 1.5013496971685336 END 
START 2.01025641025641 15.163076923076924 -17.8817094017094 -6.965564292677266 0.2793208738918202 1.7544842391329956 END 
START 2.8526495726495726 15.431111111111111 -22.093675213675212 -6.686243418785446 0.5586417477836404 1.396604369459101 END 
START 5.0543589743589745 15.23965811965812 -27.30119658119658 -6.267262107947715 -0.15711799156414885 0.8641489536028187 END 
START 8.04102564102564 14.033504273504274 -31.11111111111111 -5.4467570408904935 -0.3753374242921334 0.7506748485842668 END 
START 9.802393162393162 11.755213675213675 -33.7148717948718 -4.442947650341765 0.008728777309119381 0.8030475124389831 END 
START 10.472478632478632 8.51965811965812 -36.376068376068375 -3.351850486701842 0.3578798696738946 0.8205050670572218 END 
START 10.281025641025641 5.858461538461539 -39.40102564102564 -2.313125986916636 0.2793208738918202 0.84669139898458 END 
START 8.04102564102564 4.671452991452991 -43.55555555555556 -1.1085547182581614 -0.008728777309119381 0.8379626216754605 END 
START 5.686153846153847 5.494700854700855 -46.77196581196581 0.3578798696738946 -0.034915109236477525 0.6895734074204312 END 
START 3.4652991452991455 7.122051282051282 -48.34188034188034 2.016347558406577 0.8030475124389831 0.549912970474521 END 
START 1.3593162393162392 9.821538461538461 -44.91487179487179 5.21108005354427 2.557531751571979 0.10474532770943257 END 
START 1.5507692307692307 11.1808547008547 -41.96649572649573 6.415651322202745 2.810666293536441 0 END 
START 2.508034188034188 14.646153846153846 -40.185982905982904 7.375816826205877 2.6710058565905306 0.008728777309119381 END 
START 2.68034188034188 20.38974358974359 -41.143247863247865 8.274880889045173 2.3654986507713525 0.2793208738918202 END 
START 1.4933333333333334 26.994871794871795 -41.46871794871795 9.365978052685096 1.763213016442115 0.48008275200156597 END 
START -0.3063247863247863 32.77675213675214 -38.0991452991453 10.535634212107093 1.2307576005858327 0.3142359831282977 END 
START 0.07658119658119658 36.96957264957265 -32.12581196581196 11.347410501855196 1.1958424913493553 0.3316935377465365 END 
START 2.1825641025641027 40.91350427350427 -27.033162393162392 11.783849367311165 1.3442317056043847 0.6546582981839536 END 
START 3.963076923076923 44.7234188034188 -21.69162393162393 11.87113714040236 1.3093165963679072 0.9427079493848932 END 
START 5.992478632478632 45.62324786324786 -14.607863247863248 11.513257270728463 1.5537223610232498 1.0125381678578482 END 
START 5.877606837606837 44.47452991452992 -9.17059829059829 10.910971636399227 1.5275360290958917 0.9339791720757737 END 
START 5.207521367521368 39.38188034188034 6.298803418803419 9.45326582577629 1.5275360290958917 0.7594036258933862 END 
START 5.073504273504273 34.95931623931624 12.923076923076923 8.32725355289989 1.6148238021870855 1.073639609021684 END 
START 2.9675213675213676 29.656068376068376 17.05846153846154 6.930649183440789 0.8728777309119381 1.0212669451669676 END 
START 1.837948717948718 23.357264957264956 20.83008547008547 5.5078584820543295 -0.11347410501855196 0.5673705250927598 END 
START 2.393162393162393 17.364786324786326 22.993504273504275 4.119982889904348 -0.6022856343292373 0.34042231505565584 END 
START 2.4505982905982906 12.176410256410257 23.031794871794872 2.863038957391157 -0.916521617457535 0.11347410501855196 END 
START 2.488888888888889 7.7155555555555555 22.553162393162392 1.7806705710603539 -0.9950806132396095 -0.07855899578207443 END 
START 3.388717948717949 4.269401709401709 20.753504273504273 0.8990640628392963 -0.8903352855301769 -0.2356769873462233 END 
START 4.6523076923076925 1.7230769230769232 18.322051282051284 0.12220288232767133 -0.7419460712751474 -0.30550720581917834 END 
START 5.494700854700855 0.5169230769230769 14.895042735042734 -0.5673705250927598 -0.5586417477836404 -0.48881152931068533 END 
START 6.432820512820513 0.1723076923076923 10.549059829059829 -1.1085547182581614 -0.5062690839289241 -0.7855899578207443 END 
START 7.5432478632478634 0.650940170940171 6.471111111111111 -1.4315194786955785 -0.4713539746924466 -1.0387244997852063 END 
START 9.266324786324786 1.455042735042735 0 -1.7893993483694732 -0.08728777309119382 -0.8641489536028187 END 
START 9.744957264957264 1.6656410256410257 -2.488888888888889 -1.8854158987697864 -0.25313454196446206 -0.7768611805116249 END 
START 10.012991452991454 1.8188034188034188 -4.5374358974358975 -1.9814324491700996 -0.6372007435657149 -0.7594036258933862 END 
