START 3.9439316239316238 -1.34017094017094 -8.309059829059828 -0.9950806132396095 1.0387244997852063 0.7244885166569086 END 
START 3.982222222222222 1.4167521367521367 -8.71111111111111 -0.3753374242921334 1.649738911423563 1.4489770333138172 END 
START 4.365128205128205 3.5993162393162392 -9.266324786324786 0.15711799156414885 2.0687202222612933 1.7282979072056375 END 
START 4.5374358974358975 3.695042735042735 -8.845128205128205 0.3229647604374171 2.0774489995704126 1.7981281256785926 END 
START 4.7671794871794875 2.24 -7.6006837606837605 0.4102525335286109 1.8854158987697864 1.4315194786955785 END 
START 4.058803418803419 -1.837948717948718 -8.175042735042735 0.09601655040031319 0.9950806132396095 0.41898131083773027 END 
START 3.675897435897436 -4.211965811965812 -8.883418803418804 -0.026186331927358142 0.8030475124389831 0.24440576465534267 END 
START 4.690598290598291 -5.571282051282052 -8.50051282051282 0.15711799156414885 1.3878755921499817 0.48881152931068533 END 
START 5.571282051282052 -6.451965811965812 -8.07931623931624 0.5673705250927598 2.0774489995704126 0.8903352855301769 END 
START 5.647863247863248 -6.317948717948718 -7.1986324786324785 0.6459295208748342 2.2345669911345616 0.6284719662565954 END 
START 5.456410256410257 -6.624273504273504 -6.337094017094017 0.48881152931068533 2.0949065541886513 0.25313454196446206 END 
START 5.494700854700855 -7.562393162393162 -5.801025641025641 0.39279497891037213 2.0687202222612933 0.1483892142550295 END 
START 6.126495726495726 -9.63008547008547 -5.073504273504273 0.5324554158562822 2.217109436516323 0.3316935377465365 END 
START 7.16034188034188 -12.884786324786324 -3.561025641025641 0.8641489536028187 2.2782108776801584 0.4626251973833272 END 
START 7.122051282051282 -17.00102564102564 -2.4505982905982906 1.1085547182581614 2.0949065541886513 0.5848280797109986 END 
START 5.188376068376068 -23.72102564102564 -1.435897435897436 1.3093165963679072 1.9028734533880252 0.619743188947476 END 
START 2.1825641025641027 -30.91965811965812 -0.5743589743589743 1.5624511383323691 2.1647367726616067 0.7768611805116249 END 
START -4.173675213675214 -38.78837606837607 -5.858461538461539 0.9077928401484157 3.735916688303095 1.4926209198594143 END 
START -7.409230769230769 -37.122735042735044 -7.4283760683760685 0.10474532770943257 3.66608646983014 1.536264806405011 END 
START -10.549059829059829 -32.06837606837607 -6.241367521367521 -1.0474532770943257 3.692272801757498 1.1260122728764002 END 
START -11.831794871794871 -24.90803418803419 -3.3312820512820513 -2.4615152011716654 5.106334725834838 0.3753374242921334 END 
START -10.644786324786324 -15.45025641025641 3.082393162393162 -4.076339003358751 7.445647044678832 0.40152375621949155 END 
START -9.074871794871795 -2.4505982905982906 10.893675213675214 -4.975403066198047 8.18759311595398 0.48881152931068533 END 
START -7.61982905982906 11.123418803418803 23.031794871794872 -4.408032541105287 7.9955600151533535 -0.1396604369459101 END 
START -0.4403418803418803 25.654700854700856 44.16820512820513 -5.411841931654016 11.295037838000479 -1.3704180375317427 END 
START 24.467692307692307 39.68820512820513 61.45641025641026 -5.106334725834838 17.440097063620524 0.034915109236477525 END 
START 58.50803418803419 38.32888888888889 49.49059829059829 -2.8804965120093957 19.4564446220271 0.9339791720757737 END 
START 42.10051282051282 41.37299145299145 -16.943589743589744 -5.839552019800866 -3.5438835875024686 -8.589116872173472 END 
START 19.71965811965812 26.43965811965812 17.00102564102564 7.209970057332609 -10.43961766170678 -4.861928961179495 END 
START 11.2 29.598632478632478 25.424957264957264 7.838442023589204 -1.9814324491700996 2.40041376000783 END 
START 6.547692307692308 33.5617094017094 24.965470085470084 7.445647044678832 -3.482782146338633 0.9252503947666544 END 
START 7.983589743589744 29.31145299145299 24.16136752136752 7.646408922788578 -7.105224729623176 -2.1560079953524873 END 
START 8.998290598290598 19.70051282051282 20.466324786324787 7.113953506932296 -7.855899578207443 -5.350740490490181 END 
START 6.088205128205129 -1.187008547008547 6.030769230769231 6.083957784456208 -3.273291490919768 -2.452786423862546 END 
START 5.130940170940171 -7.7155555555555555 4.901196581196581 5.403113154344897 -4.65243830576063 -2.993970617027948 END 
START 7.6581196581196584 -15.756581196581196 4.690598290598291 4.8270138519430175 -4.713539746924466 -2.7233785204452468 END 
START 9.591794871794871 -24.83145299145299 3.8290598290598292 3.3343929320836034 -4.556421755360317 -1.9552461172427413 END 
START 15.775726495726495 -29.866666666666667 0.8041025641025641 2.2607533230619197 -5.193622498926032 -1.3005878190587878 END 
START 22.304273504273503 -31.245128205128204 2.3548717948717948 1.1783849367311166 -5.411841931654016 0.034915109236477525 END 
START 15.833162393162393 -23.874188034188034 -0.6317948717948718 -0.8641489536028187 -4.757183633470063 2.4440576465534267 END 
START 7.926153846153846 -15.967179487179488 -4.748034188034188 -1.6322813568053243 -4.119982889904348 2.8019375162273215 END 
START 1.589059829059829 -9.381196581196582 -8.07931623931624 -1.8854158987697864 -2.5749893061902176 2.583718083499337 END 
START -0.67008547008547 -5.264957264957265 -10.549059829059829 -1.7108403525873987 -0.8903352855301769 2.3480410961531137 END 
START 0.36376068376068377 -2.9675213675213676 -11.88923076923077 -1.029995722476087 -0.034915109236477525 1.5886374702597275 END 
START 2.6994871794871793 -1.589059829059829 -11.142564102564103 -0.5237266385471628 0.183304323491507 0.4713539746924466 END 
START 4.958632478632478 -1.2061538461538461 -11.334017094017094 -0.3229647604374171 0.5062690839289241 -0.20949065541886513 END 
START 6.911452991452991 -1.7422222222222221 -10.376752136752136 -0.3142359831282977 0.7157597393477892 -0.34042231505565584 END 
START 7.8878632478632476 -2.488888888888889 -9.687521367521368 -0.3578798696738946 0.8903352855301769 -0.09601655040031319 END 
START 8.06017094017094 -1.3784615384615384 -10.893675213675214 -0.1396604369459101 0.7157597393477892 -0.11347410501855196 END 
START 7.6581196581196584 -0.9955555555555555 -10.606495726495726 0.183304323491507 0.10474532770943257 -0.663387075493073 END 
