START 6.471111111111111 -0.9572649572649573 3.388717948717949 -0.8205050670572218 0.3753374242921334 0.6284719662565954 END 
START 5.724444444444444 -0.19145299145299144 5.667008547008547 -1.6060950248779662 0.2793208738918202 0.9077928401484157 END 
START 4.728888888888889 1.187008547008547 6.624273504273504 -2.2782108776801584 0.24440576465534267 0.9950806132396095 END 
START 3.982222222222222 2.986666666666667 7.256068376068376 -2.7408360750634855 0.21821943272798452 1.0910971636399227 END 
START 4.02051282051282 4.556581196581196 7.256068376068376 -3.1249022766647383 0.3142359831282977 1.326774150986146 END 
START 3.963076923076923 5.628717948717949 7.141196581196581 -3.7446454656122143 0.3578798696738946 1.7806705710603539 END 
START 3.7716239316239317 8.07931623931624 6.451965811965812 -4.521506646123839 0.4277100881468497 1.7282979072056375 END 
START 3.9439316239316238 9.63008547008547 4.1928205128205125 -5.1325210577621965 0.45389642007420783 1.5188072517867723 END 
START 4.499145299145299 11.697777777777778 1.2444444444444445 -5.481672150126971 0.34915109236477526 1.5275360290958917 END 
START 4.173675213675214 12.693333333333333 -1.9145299145299146 -5.708620360164075 -0.10474532770943257 1.5013496971685336 END 
START 3.063247863247863 13.305982905982907 -7.7729914529914526 -5.7522642467096725 -1.2482151552040714 1.510078474477653 END 
START 2.91008547008547 13.593162393162393 -9.266324786324786 -5.7522642467096725 -1.1521986048037582 1.6148238021870855 END 
START 2.756923076923077 12.501880341880343 -10.778803418803419 -5.603875032454643 -0.6459295208748342 1.83304323491507 END 
START 2.5654700854700856 11.41059829059829 -12.808205128205127 -5.5689599232181655 -0.4713539746924466 1.8766871214606669 END 
START 3.2547008547008547 11.314871794871795 -15.277948717948718 -5.464214595508732 -0.7681324032025055 1.8155856802968313 END 
START 3.158974358974359 12.521025641025641 -18.188034188034187 -5.324554158562822 -1.1609273821128776 1.6671964660418017 END 
START 2.5846153846153848 12.252991452991452 -20.35145299145299 -5.1325210577621965 -1.2656727098223102 1.5013496971685336 END 
START 2.5654700854700856 10.912820512820513 -21.155555555555555 -4.765912410779182 -0.30550720581917834 1.8155856802968313 END 
START 2.0485470085470086 9.878974358974359 -21.90222222222222 -4.181084331068184 0.619743188947476 1.9814324491700996 END 
START 1.301880341880342 7.849572649572649 -22.476581196581197 -3.7533742429213337 0.6546582981839536 1.6584676887326824 END 
START 0.5743589743589743 7.007179487179487 -25.233504273504273 -3.412951927865678 -0.24440576465534267 1.0474532770943257 END 
START 0.7849572649572649 6.643418803418803 -27.320341880341882 -2.7408360750634855 -1.0038093905487289 0.5586417477836404 END 
START 0.4211965811965812 3.197264957264957 -29.962393162393163 -1.0474532770943257 1.056182054403445 0.9950806132396095 END 
START -1.0721367521367522 1.4741880341880342 -33.37025641025641 -0.2618633192735814 0.8641489536028187 0.5062690839289241 END 
START -4.116239316239316 1.052991452991453 -36.433504273504276 0.7070309620386699 -0.45389642007420783 -0.5848280797109986 END 
START -6.279658119658119 1.0912820512820514 -37.505641025641026 1.8417720122241894 -1.0649108317125644 -1.5188072517867723 END 
START -7.907008547008547 3.58017094017094 -38.1374358974359 2.836852625463799 1.073639609021684 -1.3442317056043847 END 
START -9.094017094017094 7.3709401709401705 -42.90461538461538 3.9366785664128408 2.863038957391157 -1.7195691298965181 END 
START -7.409230769230769 13.076239316239317 -48.18871794871795 5.350740490490181 2.173465549970726 -2.5749893061902176 END 
START -6.222222222222222 18.60923076923077 -50.75418803418803 7.1226822842414155 1.0823683863308033 -3.2383763816832905 END 
START -6.777435897435898 23.625299145299145 -48.70564102564103 8.720048531810262 0.7768611805116249 -3.456595814411275 END 
START -6.471111111111111 29.407179487179487 -43.364102564102566 10.003178796250811 1.5013496971685336 -3.3169353774653647 END 
START -4.9394871794871795 34.76786324786325 -37.83111111111111 10.937157968326584 1.946517339933622 -3.151088608592097 END 
START -2.5654700854700856 40.70290598290598 -31.57059829059829 11.679104039601732 1.5711799156414885 -3.142359831282977 END 
START 1.0338461538461539 43.76615384615385 -17.47965811965812 11.99334002273003 1.8243144576059507 -3.2645627136106485 END 
START 3.273846153846154 42.387692307692305 -10.07042735042735 11.635460153056135 2.496430310408143 -3.020156948955306 END 
START 4.441709401709402 38.67350427350427 -3.063247863247863 10.937157968326584 3.1074447220464996 -2.67973463389965 END 
START 5.858461538461539 35.131623931623935 1.8953846153846154 10.125381678578481 3.4216807051747975 -2.1385504407342486 END 
START 6.796581196581196 32.85333333333333 6.681709401709401 9.200131283811828 3.8581195706307665 -1.4315194786955785 END 
START 5.130940170940171 29.062564102564103 11.046837606837606 7.908272242062159 3.4915109236477524 -0.9252503947666544 END 
START 1.9719658119658119 24.44854700854701 15.967179487179488 6.302177217184194 2.4091425373169493 -0.7506748485842668 END 
START 0 18.53264957264957 18.456068376068377 4.608794419215033 1.4489770333138172 -0.6459295208748342 END 
START -0.7275213675213675 13.765470085470085 18.226324786324785 3.1336310539738577 0.6808446301113117 -0.4102525335286109 END 
START -1.2444444444444445 10.147008547008546 16.828717948717948 1.9028734533880252 -0.296778428510059 -0.4102525335286109 END 
START -0.9572649572649573 7.5432478632478634 14.837606837606838 1.0212669451669676 -1.0212669451669676 -0.5848280797109986 END 
START 0.5935042735042735 5.303247863247863 13.382564102564103 0.4102525335286109 -1.3180453736770266 -0.6372007435657149 END 
START 3.9247863247863246 0.6126495726495726 11.42974358974359 -0.619743188947476 -0.9601655040031319 -0.5062690839289241 END 
START 5.954188034188034 -0.3446153846153846 9.17059829059829 -1.1260122728764002 -0.9688942813122513 -0.6022856343292373 END 
START 7.332649572649573 -0.7083760683760684 6.605128205128205 -1.510078474477653 -1.029995722476087 -0.7070309620386699 END 
START 8.309059829059828 0.07658119658119658 3.8864957264957263 -1.7806705710603539 -1.0910971636399227 -0.6983021847295505 END 
START 9.725811965811966 0.4594871794871795 1.4167521367521367 -1.9988900037883384 -1.073639609021684 -0.6110144116383567 END 
