START 4.575726495726496 -1.6273504273504273 -5.801025641025641 -0.43643886545596905 0.4277100881468497 0.40152375621949155 END 
START 3.7141880341880342 -0.7658119658119658 -5.552136752136752 -0.5062690839289241 0.4277100881468497 1.2045712686584746 END 
START 2.5271794871794873 -0.07658119658119658 -5.686153846153847 -0.45389642007420783 0.549912970474521 1.0910971636399227 END 
START 2.4505982905982906 0.057435897435897436 -6.471111111111111 -0.45389642007420783 0.183304323491507 0.8117762897481025 END 
START 3.024957264957265 0.3063247863247863 -6.930598290598291 -0.366608646983014 -0.619743188947476 0.3578798696738946 END 
START 4.7671794871794875 -0.4403418803418803 -6.490256410256411 -0.3578798696738946 -1.8155856802968313 -0.008728777309119381 END 
START 5.36068376068376 -1.2252991452991453 -7.064615384615385 -0.3316935377465365 -1.8766871214606669 -0.034915109236477525 END 
START 5.839316239316239 -1.9336752136752138 -7.61982905982906 -0.3142359831282977 -1.8592295668424281 -0.16584676887326824 END 
START 6.681709401709401 -2.661196581196581 -7.6581196581196584 -0.2356769873462233 -1.8592295668424281 -0.11347410501855196 END 
START 7.5432478632478634 -3.312136752136752 -7.61982905982906 -0.1483892142550295 -2.0076187810974577 0.20076187810974577 END 
START 7.504957264957265 -3.58017094017094 -8.117606837606838 -0.1396604369459101 -2.0949065541886513 0.49754030661980475 END 
START 7.3135042735042735 -3.3695726495726497 -8.51965811965812 -0.10474532770943257 -1.946517339933622 0.7768611805116249 END 
START 6.988034188034188 -2.9292307692307693 -8.538803418803418 -0.034915109236477525 -1.7021115752782794 1.0387244997852063 END 
START 6.279658119658119 -3.292991452991453 -9.247179487179487 0.06983021847295505 -1.7544842391329956 1.0038093905487289 END 
START 5.016068376068376 -4.5374358974358975 -10.376752136752136 0.183304323491507 -1.9377885626245026 0.8379626216754605 END 
START 4.288547008547009 -6.815726495726496 -11.697777777777778 0.2618633192735814 -1.8505007895333088 1.0038093905487289 END 
START 5.513846153846154 -9.457777777777778 -11.831794871794871 0.4102525335286109 -1.2482151552040714 1.2569439325131908 END 
START 8.596239316239316 -15.890598290598291 -12.272136752136753 0.7506748485842668 -0.10474532770943257 1.579908692950608 END 
START 9.094017094017094 -19.413333333333334 -11.812649572649573 1.099825940949042 0.1396604369459101 1.6060950248779662 END 
START 11.142564102564103 -25.80786324786325 -9.744957264957264 1.3005878190587878 0.5324554158562822 1.763213016442115 END 
START 10.663931623931624 -28.028717948717947 -8.232478632478632 0.98635183593049 0.84669139898458 2.0949065541886513 END 
START 8.194188034188034 -26.343931623931624 -7.39008547008547 0.41898131083773027 0.06110144116383567 1.6671964660418017 END 
START 7.026324786324786 -24.19965811965812 -5.513846153846154 -0.026186331927358142 -0.8990640628392963 1.579908692950608 END 
START 3.9247863247863246 -20.753504273504273 -1.9719658119658119 -0.21821943272798452 -1.5537223610232498 1.7806705710603539 END 
START 1.9719658119658119 -17.00102564102564 2.201709401709402 -0.5760993024018791 -1.7370266845147568 1.5537223610232498 END 
START 1.3210256410256411 -9.687521367521368 7.638974358974359 -1.4315194786955785 -1.4489770333138172 1.3442317056043847 END 
START 2.278290598290598 0.19145299145299144 12.233846153846153 -3.09871594473738 -1.326774150986146 1.763213016442115 END 
START -0.8423931623931624 14.12923076923077 15.00991452991453 -4.765912410779182 -1.8417720122241894 1.3878755921499817 END 
START 1.6464957264957265 35.8017094017094 18.092307692307692 -10.038093905487289 -1.6322813568053243 0.052372663854716284 END 
START 12.923076923076923 50.21811965811966 -18.207179487179488 -7.236156389259967 5.769721801327911 3.4042231505565588 END 
START -9.151452991452992 38.1182905982906 -39.20957264957265 -3.5613411421207077 -2.4091425373169493 0.5586417477836404 END 
START -22.4 19.547350427350427 -28.086153846153845 0.7681324032025055 -8.31852477559077 -3.229647604374171 END 
START -14.799316239316239 8.175042735042735 -3.982222222222222 2.5662605288810982 -5.673705250927598 -4.617523196524153 END 
START -1.7996581196581196 7.811282051282051 2.795213675213675 2.5749893061902176 1.5624511383323691 -2.0949065541886513 END 
START 4.805470085470086 12.923076923076923 -1.8188034188034188 2.609904415426695 6.249804553329477 0.45389642007420783 END 
START 4.058803418803419 18.07316239316239 -7.351794871794872 2.662277079281411 4.207270662995541 -0.008728777309119381 END 
START 2.4123076923076923 22.4191452991453 -6.222222222222222 2.2520245457528003 -0.8990640628392963 -2.1385504407342486 END 
START 2.3357264957264956 21.90222222222222 -3.7524786324786326 1.4577058106229366 -3.299477822847126 -3.6224425832845433 END 
START -0.15316239316239316 20.504615384615384 -3.2355555555555555 1.099825940949042 -1.6410101341144436 -3.709730356375737 END 
START -0.26803418803418805 15.718290598290599 -4.690598290598291 2.313125986916636 1.099825940949042 -2.636090747354053 END 
START -1.6082051282051282 13.4208547008547 -3.0441025641025643 2.1036353314977707 0.6546582981839536 -3.1336310539738577 END 
START 1.9336752136752138 8.787692307692307 -1.9719658119658119 1.6671964660418017 -0.183304323491507 -4.128711667213468 END 
START 4.231111111111111 0.24888888888888888 -3.6184615384615384 1.483892142550295 0.3142359831282977 -3.7621030202304535 END 
START 4.862905982905983 -6.796581196581196 -7.141196581196581 1.6322813568053243 1.4140619240773398 -2.496430310408143 END 
START 7.7729914529914526 -11.257435897435897 -8.634529914529914 1.7370266845147568 0.8903352855301769 -2.0512626676430545 END 
START 13.612307692307692 -17.154188034188035 -7.6581196581196584 1.396604369459101 -1.2045712686584746 -2.7408360750634855 END 
START 19.834529914529913 -22.112820512820512 -9.515213675213674 0.22694821003710391 -2.1385504407342486 -2.2782108776801584 END 
START 23.204102564102563 -24.754871794871796 -10.453333333333333 0.20076187810974577 -1.1172834955672808 -0.026186331927358142 END 
START 17.02017094017094 -24.276239316239316 -9.802393162393162 0.5062690839289241 -0.9601655040031319 1.990161226479219 END 
START 7.8304273504273505 -20.006837606837607 -9.955555555555556 0.1483892142550295 -1.3355029282952653 2.2345669911345616 END 
START 2.8335042735042735 -14.58871794871795 -10.510769230769231 -0.45389642007420783 -1.4577058106229366 1.675925243350921 END 
START -3.5993162393162392 -4.269401709401709 -11.755213675213675 -0.9776230586213707 0.9601655040031319 1.3442317056043847 END 
START -4.3076923076923075 -0.49777777777777776 -13.66974358974359 -0.7943187351298637 1.6060950248779662 0.8903352855301769 END 
START -3.5227350427350426 1.1678632478632478 -14.990769230769232 -0.3142359831282977 1.3442317056043847 0.3578798696738946 END 
START -1.589059829059829 0.918974358974359 -14.454700854700855 0.09601655040031319 0.9077928401484157 0.06110144116383567 END 
START 0.3063247863247863 0.07658119658119658 -13.133675213675213 0.3578798696738946 0.6895734074204312 -0.017457554618238762 END 
START 1.1487179487179486 -0.8232478632478633 -11.793504273504274 0.40152375621949155 0.4713539746924466 -0.04364388654559691 END 
START 1.5507692307692307 -1.2444444444444445 -10.587350427350428 0.4277100881468497 0.38406620160125277 0 END 
START 1.6273504273504273 -1.435897435897436 -9.993846153846153 0.45389642007420783 0.19203310080062638 0.1396604369459101 END 
START 0.8615384615384616 -1.6082051282051282 -9.649230769230769 0.3142359831282977 -0.06110144116383567 0.11347410501855196 END 
START 0.09572649572649572 -1.3976068376068376 -9.706666666666667 0.183304323491507 -0.3753374242921334 -0.06983021847295505 END 
