START 5.954188034188034 -4.345982905982906 -4.154529914529914 0.34042231505565584 0.15711799156414885 -0.21821943272798452 END 
START 5.456410256410257 -5.437264957264957 -3.5035897435897434 0.16584676887326824 0.3316935377465365 -0.06983021847295505 END 
START 5.188376068376068 -4.748034188034188 -3.963076923076923 0.09601655040031319 0.5848280797109986 0.45389642007420783 END 
START 5.245811965811966 -5.1692307692307695 -3.58017094017094 -0.07855899578207443 0.4102525335286109 1.073639609021684 END 
START 4.728888888888889 -4.135384615384615 -1.1104273504273505 -0.10474532770943257 0.39279497891037213 1.5537223610232498 END 
START 3.7524786324786326 -2.6420512820512823 0.13401709401709402 -0.20949065541886513 0.25313454196446206 0.9688942813122513 END 
START 4.154529914529914 -2.278290598290598 2.125128205128205 -0.6546582981839536 -0.40152375621949155 0.3578798696738946 END 
START 7.926153846153846 -0.4403418803418803 9.094017094017094 -1.7981281256785926 -0.017457554618238762 0.9427079493848932 END 
START 4.7097435897435895 -1.3210256410256411 11.774358974358975 -3.089987167428261 1.1260122728764002 1.5711799156414885 END 
START 3.9056410256410254 2.488888888888889 10.740512820512821 -3.7184591336848563 0.40152375621949155 0.7768611805116249 END 
START 5.743589743589744 4.575726495726496 10.778803418803419 -4.495320314196482 -0.3316935377465365 0.034915109236477525 END 
START 6.490256410256411 7.964444444444444 9.725811965811966 -5.237266385471629 -0.20076187810974577 0.2793208738918202 END 
START 6.432820512820513 11.65948717948718 7.581538461538462 -5.795908133255269 -0.15711799156414885 0.593556857020118 END 
START 6.9688888888888885 15.718290598290599 5.207521367521368 -6.267262107947715 -0.15711799156414885 0.8292338443663412 END 
START 6.9688888888888885 18.666666666666668 1.837948717948718 -6.651328309548968 0.04364388654559691 1.0823683863308033 END 
START 6.662564102564103 20.38974358974359 -0.5743589743589743 -6.756073637258401 0.017457554618238762 1.352960482913504 END 
START 5.877606837606837 20.657777777777778 -1.1678632478632478 -6.895734074204311 -0.45389642007420783 1.3878755921499817 END 
START 5.743589743589744 21.749059829059828 -2.0294017094017094 -7.19251250271437 -0.6284719662565954 1.649738911423563 END 
START 3.4461538461538463 25.08034188034188 -8.73025641025641 -7.6813240320250555 -0.6459295208748342 2.1560079953524873 END 
START 2.24 26.975726495726494 -13.382564102564103 -7.768611805116249 -1.0474532770943257 2.1909231045889648 END 
START 1.2444444444444445 28.143589743589743 -18.666666666666668 -7.454375821987951 -1.6846540206600407 1.8679583441515475 END 
START 0.8041025641025641 26.152478632478633 -22.017094017094017 -6.8171750784222365 -1.9814324491700996 1.6846540206600407 END 
START 0.6317948717948718 22.514871794871794 -23.05094017094017 -6.249804553329477 -1.5449935837141304 1.7719417937512343 END 
START 0.9381196581196581 19.71965811965812 -23.54871794871795 -5.708620360164075 -0.8554201762936994 1.9290597853153832 END 
START 1.4167521367521367 16.426666666666666 -23.587008547008548 -5.088877171216599 -0.41898131083773027 1.8941446760789058 END 
START 2.5846153846153848 13.037948717948717 -22.706324786324785 -4.5738793099785555 -0.17457554618238763 1.7282979072056375 END 
START 3.427008547008547 11.276581196581196 -22.725470085470086 -4.111254112595229 0.09601655040031319 1.6584676887326824 END 
START 3.790769230769231 10.261880341880342 -23.031794871794872 -3.6311713605936626 0.09601655040031319 1.4926209198594143 END 
START 4.633162393162393 8.443076923076923 -23.031794871794872 -3.0288857262644253 0.09601655040031319 1.3878755921499817 END 
START 5.513846153846154 6.164786324786324 -23.184957264957266 -2.4615152011716654 0.296778428510059 1.3704180375317427 END 
START 8.347350427350428 4.862905982905983 -26.65025641025641 -1.1434698274946389 0.9252503947666544 1.763213016442115 END 
START 8.136752136752136 4.8820512820512825 -30.287863247863246 -0.2618633192735814 0.9252503947666544 1.8679583441515475 END 
START 7.753846153846154 5.1692307692307695 -35.53367521367522 0.7244885166569086 0.6110144116383567 1.7893993483694732 END 
START 4.231111111111111 6.624273504273504 -41.20068376068376 2.1036353314977707 0.5760993024018791 1.6060950248779662 END 
START 0.5743589743589743 9.228034188034188 -44.12991452991453 3.823204461394289 1.4315194786955785 1.3878755921499817 END 
START 0.67008547008547 10.663931623931624 -44.14905982905983 5.411841931654016 2.269482100371039 0.8903352855301769 END 
START 2.1442735042735044 14.033504273504274 -43.53641025641026 6.729887305331043 2.356769873462233 0.44516764276508847 END 
START 3.3695726495726497 19.662222222222223 -46.36991452991453 7.89081468744392 1.2918590417496685 -0.07855899578207443 END 
START 3.5227350427350426 26.152478632478633 -48.15042735042735 9.077928401484156 -0.22694821003710391 -0.5324554158562822 END 
START 2.5654700854700856 31.57059829059829 -47.65264957264957 10.099195346651124 0.3142359831282977 0 END 
START -1.052991452991453 37.73538461538462 -49.2608547008547 11.329952947236956 1.2744014871314298 0.366608646983014 END 
START -1.455042735042735 45.144615384615385 -47.42290598290598 12.41232133356776 0.8205050670572218 0.06983021847295505 END 
START 10.127863247863248 58.69948717948718 -38.194871794871794 13.250283955243221 2.3043972096075165 0.8030475124389831 END 
START 12.827350427350428 63.31350427350427 -31.62803418803419 13.014606967896997 1.9552461172427413 0.7594036258933862 END 
START 15.699145299145298 63.17948717948718 -20.045128205128204 12.674184652841342 1.9203310080062639 0.27059209658270084 END 
START 14.397264957264957 57.64649572649573 -9.744957264957264 12.098085350439462 1.946517339933622 0.6721158528021923 END 
START 11.2191452991453 50.75418803418803 1.5124786324786326 11.190292510291046 1.2918590417496685 0.8728777309119381 END 
START 8.864273504273504 44.66598290598291 10.702222222222222 9.715129145049872 1.239486377894952 1.5013496971685336 END 
START 5.073504273504273 38.32888888888889 14.11008547008547 8.082847788244546 1.0212669451669676 1.7893993483694732 END 
START 2.4123076923076923 31.245128205128204 15.641709401709402 6.546582981839536 0.20949065541886513 1.8766871214606669 END 
START 0.1723076923076923 25.424957264957264 16.905299145299146 5.342011713181061 -0.48008275200156597 1.7806705710603539 END 
START -1.5316239316239315 20.198290598290598 17.30735042735043 4.416761318414407 -0.9339791720757737 1.536264806405011 END 
START -2.488888888888889 16.005470085470087 17.70940170940171 3.6748152471392594 -1.0474532770943257 1.1260122728764002 END 
START -1.4167521367521367 9.304615384615385 18.896410256410256 2.2869396549892778 -0.39279497891037213 0.16584676887326824 END 
START 0.36376068376068377 6.72 18.877264957264956 1.5188072517867723 -0.183304323491507 -0.30550720581917834 END 
START 2.3548717948717948 4.7671794871794875 18.379487179487178 0.7768611805116249 -0.034915109236477525 -0.593556857020118 END 
START 3.9439316239316238 4.02051282051282 18.034871794871794 0.026186331927358142 0.09601655040031319 -0.8117762897481025 END 
START 5.59042735042735 3.4461538461538463 16.637264957264957 -0.733217293966028 0.04364388654559691 -1.0387244997852063 END 
START 6.930598290598291 3.8864957264957263 14.071794871794872 -1.4402482560046979 -0.3229647604374171 -1.3355029282952653 END 
START 8.213333333333333 4.345982905982906 11.104273504273504 -2.059991444952174 -0.9077928401484157 -1.579908692950608 END 
START 9.457777777777778 5.667008547008547 7.3709401709401705 -2.609904415426695 -1.3878755921499817 -1.5711799156414885 END 
