START 9.591794871794871 0.7083760683760684 -2.1634188034188035 -0.549912970474521 0.1396604369459101 -0.008728777309119381 END 
START 9.783247863247864 0.26803418803418805 -2.1442735042735044 -0.48881152931068533 0 0.4626251973833272 END 
START 9.113162393162392 0.5935042735042735 -2.4505982905982906 -0.3142359831282977 -0.06110144116383567 0.6110144116383567 END 
START 7.6006837606837605 0.28717948717948716 -1.8188034188034188 -0.6022856343292373 -0.20076187810974577 0.28804965120093956 END 
START 7.964444444444444 0.3063247863247863 -1.1487179487179486 -0.9427079493848932 -0.17457554618238763 0.20949065541886513 END 
START 7.581538461538462 0.5743589743589743 -1.34017094017094 -1.1172834955672808 -0.3753374242921334 -0.017457554618238762 END 
START 7.332649572649573 0.9955555555555555 -2.795213675213675 -1.0212669451669676 -0.48881152931068533 -0.22694821003710391 END 
START 7.3709401709401705 1.187008547008547 -3.7524786324786326 -0.7855899578207443 -0.7855899578207443 -0.28804965120093956 END 
START 7.3709401709401705 0.8806837606837606 -3.7141880341880342 -0.5324554158562822 -0.9252503947666544 -0.4102525335286109 END 
START 8.213333333333333 -0.47863247863247865 -4.097094017094017 -0.1396604369459101 -0.9427079493848932 -0.5237266385471628 END 
START 8.845128205128205 -1.5124786324786326 -3.197264957264957 0.1309316596367907 -0.9950806132396095 -0.6110144116383567 END 
START 10.127863247863248 -2.5654700854700856 -2.8143589743589743 0.06983021847295505 -0.7244885166569086 -0.6808446301113117 END 
START 12.501880341880343 -4.077948717948718 -3.3312820512820513 0.052372663854716284 -0.5062690839289241 -0.43643886545596905 END 
START 14.301538461538462 -5.226666666666667 -3.5035897435897434 0.10474532770943257 -0.4102525335286109 -0.3316935377465365 END 
START 16.905299145299146 -9.151452991452992 -5.341538461538462 0.20076187810974577 -0.06110144116383567 0 END 
START 17.613675213675215 -11.602051282051281 -6.758290598290598 0.3142359831282977 0.19203310080062638 0.21821943272798452 END 
START 16.943589743589744 -14.607863247863248 -7.7729914529914526 0.4713539746924466 0.5673705250927598 0.4626251973833272 END 
START 16.08205128205128 -17.30735042735043 -7.122051282051282 0.663387075493073 0.7943187351298637 0.27059209658270084 END 
START 16.196923076923078 -19.89196581196581 -4.92034188034188 0.5673705250927598 0.98635183593049 0.034915109236477525 END 
START 14.148376068376068 -21.53846153846154 -0.1723076923076923 -0.6895734074204312 0.9339791720757737 0.06110144116383567 END 
START 11.88923076923077 -17.613675213675215 0.15316239316239316 -1.7719417937512343 1.3616892602226234 0.5324554158562822 END 
START 8.691965811965812 -11.85094017094017 -0.2105982905982906 -2.7146497431361274 1.7282979072056375 0.8554201762936994 END 
START 5.992478632478632 -8.04102564102564 -0.4594871794871795 -2.836852625463799 1.4315194786955785 0.7768611805116249 END 
START 4.345982905982906 -3.8864957264957263 1.9528205128205127 -2.199651881898084 0.6372007435657149 1.239486377894952 END 
START -2.0676923076923077 3.9247863247863246 8.902564102564103 -2.269482100371039 -0.026186331927358142 1.0212669451669676 END 
START -11.793504273504274 23.376410256410256 18.838974358974358 -5.184893721616913 2.11236410880689 -3.09871594473738 END 
START -8.098461538461539 33.255384615384614 22.61059829059829 -6.76480241456752 2.67973463389965 -4.207270662995541 END 
START 2.986666666666667 40.224273504273505 23.91247863247863 -7.6813240320250555 4.469133982269123 -3.482782146338633 END 
START 16.254358974358976 37.02700854700855 13.4208547008547 -7.524206040460907 6.223618221402119 -2.1647367726616067 END 
START 14.78017094017094 25.444102564102565 -13.152820512820513 -4.713539746924466 1.9552461172427413 -2.1647367726616067 END 
START 11.85094017094017 16.732991452991453 -20.217435897435898 0 -1.9988900037883384 -2.0250763357156965 END 
START 11.506324786324786 14.244102564102564 -6.547692307692308 3.0812583901191415 -1.2831302644405491 -0.07855899578207443 END 
START 7.926153846153846 17.24991452991453 6.9688888888888885 3.66608646983014 -0.1483892142550295 1.6671964660418017 END 
START 1.8570940170940171 18.628376068376067 14.014358974358974 2.9852418397188285 -0.4102525335286109 2.11236410880689 END 
START 0.650940170940171 16.713846153846156 15.814017094017094 2.6186331927358144 -0.6983021847295505 2.496430310408143 END 
START -1.7805128205128204 16.656410256410258 12.425299145299146 3.6049850286663045 -0.9252503947666544 2.5138878650263816 END 
START -0.7275213675213675 16.54153846153846 12.923076923076923 3.8319332387034084 -1.536264806405011 0.9601655040031319 END 
START 4.326837606837607 11.085128205128205 7.026324786324786 1.6322813568053243 0.5673705250927598 1.1521986048037582 END 
START 4.862905982905983 6.681709401709401 0.22974358974358974 2.1560079953524873 0.22694821003710391 1.056182054403445 END 
START 4.958632478632478 3.273846153846154 -0.67008547008547 2.9590555077914704 -0.6372007435657149 -0.5062690839289241 END 
START 7.3709401709401705 -1.2635897435897436 -0.9764102564102564 3.0114281716461866 -0.19203310080062638 -0.7855899578207443 END 
START 12.406153846153845 -7.6581196581196584 -4.556581196581196 2.67973463389965 -0.008728777309119381 0.22694821003710391 END 
START 15.124786324786324 -11.085128205128205 -4.3076923076923075 2.96778428510059 -1.2569439325131908 0.2793208738918202 END 
START 18.054017094017095 -14.646153846153846 -1.8762393162393163 3.508968478265991 -2.6884634112087693 -0.9514367266940126 END 
START 19.94940170940171 -17.154188034188035 -0.2105982905982906 2.9852418397188285 -3.0376145035735447 -1.2918590417496685 END 
START 18.78153846153846 -18.264615384615386 -0.9381196581196581 1.9116022306971445 -2.889225289318515 -0.8292338443663412 END 
START 16.886153846153846 -17.76683760683761 -1.34017094017094 1.0910971636399227 -2.6186331927358144 -0.6022856343292373 END 
START 15.814017094017094 -15.871452991452992 -0.03829059829059829 0.5848280797109986 -2.059991444952174 -0.5324554158562822 END 
START 11.64034188034188 -6.471111111111111 -2.220854700854701 -1.1958424913493553 0.07855899578207443 -0.008728777309119381 END 
START 12.004102564102563 -1.7996581196581196 -4.805470085470086 -1.2831302644405491 0.45389642007420783 -0.1396604369459101 END 
START 12.635897435897435 1.6656410256410257 -5.475555555555555 -0.6808446301113117 0.2793208738918202 -0.21821943272798452 END 
START 12.08068376068376 4.211965811965812 -4.02051282051282 -0.27059209658270084 0.20076187810974577 -0.017457554618238762 END 
START 10.587350427350428 5.035213675213675 -3.58017094017094 -0.034915109236477525 0.48881152931068533 0.04364388654559691 END 
START 9.649230769230769 2.3357264957264956 -2.6994871794871793 0.49754030661980475 0.30550720581917834 -0.2618633192735814 END 
START 10.204444444444444 1.0338461538461539 -1.9145299145299146 0.48881152931068533 0.25313454196446206 -0.10474532770943257 END 
START 10.261880341880342 0.6317948717948718 -1.5124786324786326 0.366608646983014 0.10474532770943257 0.183304323491507 END 
START 9.84068376068376 0.9764102564102564 -1.301880341880342 0.22694821003710391 -0.026186331927358142 0.296778428510059 END 
START 9.17059829059829 1.5507692307692307 -1.589059829059829 0.1396604369459101 0.04364388654559691 0.20076187810974577 END 
START 8.9408547008547 1.8570940170940171 -2.374017094017094 0.10474532770943257 0.06983021847295505 0.10474532770943257 END 
START 8.9408547008547 1.9145299145299146 -3.063247863247863 0.1396604369459101 -0.052372663854716284 0.16584676887326824 END 
START 9.17059829059829 1.8953846153846154 -2.776068376068376 0.21821943272798452 -0.20949065541886513 0.25313454196446206 END 
START 8.691965811965812 2.220854700854701 -1.8762393162393163 0.183304323491507 -0.19203310080062638 0.1396604369459101 END 
START 8.806837606837608 2.24 -2.125128205128205 0.1309316596367907 0.04364388654559691 -0.026186331927358142 END 
START 8.9791452991453 2.1442735042735044 -2.508034188034188 0.17457554618238763 -0.017457554618238762 -0.17457554618238763 END 
START 9.40034188034188 1.9528205128205127 -2.661196581196581 0.22694821003710391 -0.19203310080062638 -0.06983021847295505 END 
START 9.20888888888889 2.105982905982906 -2.68034188034188 0.27059209658270084 -0.3578798696738946 0.026186331927358142 END 
