START 2.3548717948717948 0.4594871794871795 -8.328205128205129 -0.12220288232767133 0.7244885166569086 0.8379626216754605 END 
START 3.158974358974359 3.063247863247863 -6.854017094017094 0.3578798696738946 0.8903352855301769 1.5275360290958917 END 
START 2.259145299145299 5.437264957264957 -5.781880341880342 0.3753374242921334 1.1521986048037582 1.7021115752782794 END 
START 1.7996581196581196 9.362051282051283 -6.854017094017094 0.12220288232767133 0.7419460712751474 0.84669139898458 END 
START 1.589059829059829 13.114529914529914 -9.362051282051283 -0.28804965120093956 -0.49754030661980475 -1.1260122728764002 END 
START 0.918974358974359 11.793504273504274 -6.585982905982906 0.27059209658270084 0.06983021847295505 -1.0125381678578482 END 
START 1.991111111111111 7.4283760683760685 -4.116239316239316 0.5760993024018791 0.9776230586213707 -0.6022856343292373 END 
START 5.035213675213675 2.4697435897435898 -2.5846153846153848 0.44516764276508847 1.8155856802968313 0 END 
START 8.002735042735043 -1.0721367521367522 -3.4844444444444442 0.07855899578207443 1.8505007895333088 0.593556857020118 END 
START 8.921709401709402 -4.154529914529914 -6.662564102564103 -0.916521617457535 1.0649108317125644 1.187113714040236 END 
START 4.633162393162393 -7.256068376068376 -11.85094017094017 -2.1821943272798454 -0.11347410501855196 1.6671964660418017 END 
START -2.1634188034188035 -5.954188034188034 -15.545982905982905 -3.159817385901216 -1.2307576005858327 1.7544842391329956 END 
START -4.748034188034188 -5.245811965811966 -15.718290598290599 -2.6884634112087693 -1.3180453736770266 2.086177776879532 END 
START -5.15008547008547 -6.758290598290598 -14.09094017094017 -1.7457554618238762 -0.7157597393477892 2.452786423862546 END 
START -1.8762393162393163 -8.194188034188034 -10.07042735042735 -1.3180453736770266 -0.30550720581917834 1.8243144576059507 END 
START 1.2635897435897436 -8.864273504273504 -7.6006837606837605 -0.9601655040031319 0.06110144116383567 1.4926209198594143 END 
START -1.589059829059829 0 -11.104273504273504 -1.1260122728764002 -0.38406620160125277 0.3229647604374171 END 
START -1.703931623931624 2.8143589743589743 -10.223589743589743 -0.5586417477836404 0.25313454196446206 0.25313454196446206 END 
START -2.5271794871794873 4.077948717948718 -9.496068376068376 -0.3753374242921334 0.296778428510059 -0.40152375621949155 END 
START -2.0676923076923077 2.3548717948717948 -7.39008547008547 -0.44516764276508847 -0.12220288232767133 -1.029995722476087 END 
START -0.6317948717948718 0.28717948717948716 -5.188376068376068 -0.4277100881468497 0.1309316596367907 -1.0474532770943257 END 
START 1.3976068376068376 -1.5507692307692307 -4.269401709401709 -0.3229647604374171 0.549912970474521 -0.6983021847295505 END 
START 2.259145299145299 -3.273846153846154 -4.7097435897435895 -0.48008275200156597 0.6110144116383567 -0.41898131083773027 END 
START 1.0912820512820514 -4.6523076923076925 -7.3135042735042735 -0.7594036258933862 0.20076187810974577 -0.28804965120093956 END 
START -2.5463247863247864 -6.260512820512821 -12.272136752136753 -0.43643886545596905 -0.24440576465534267 -0.43643886545596905 END 
START -7.102905982905983 -8.232478632478632 -17.977435897435896 0.6459295208748342 -0.6983021847295505 -0.593556857020118 END 
START -6.413675213675214 -9.802393162393162 -17.632820512820512 2.4615152011716654 -0.15711799156414885 -0.41898131083773027 END 
START 2.91008547008547 -24.544273504273505 -5.705299145299145 5.542773591290807 2.0512626676430545 0.7681324032025055 END 
START 1.9528205128205127 -29.866666666666667 0.2105982905982906 5.062690839289241 2.042533890333935 1.3704180375317427 END 
START 2.661196581196581 -28.92854700854701 1.3210256410256411 3.3082066001562453 1.7719417937512343 0.549912970474521 END 
START 2.393162393162393 -28.83282051282051 0 1.8679583441515475 0.5149978612380435 -0.11347410501855196 END 
START 1.589059829059829 -31.685470085470087 2.5654700854700856 0.3578798696738946 -0.28804965120093956 0.034915109236477525 END 
START 5.1692307692307695 -23.184957264957266 2.756923076923077 -4.346931099941452 3.177274940519455 0.9427079493848932 END 
START 15.928888888888888 -4.805470085470086 -3.158974358974359 -7.611493813552101 3.9017634571763633 1.2831302644405491 END 
START 28.775384615384617 15.488547008547009 -2.278290598290598 -6.153788002929164 6.310905994493313 4.783369965397421 END 
START 40.66461538461539 34.538119658119655 5.781880341880342 -4.521506646123839 11.085547182581614 7.218698834641728 END 
START 49.96923076923077 52.438974358974356 7.447521367521367 -7.7424254731888915 11.86240836309324 6.319634771802432 END 
START 48.801367521367524 60.977777777777774 -14.014358974358974 -11.295037838000479 4.050152671431393 3.735916688303095 END 
START -5.092649572649573 42.80888888888889 -12.635897435897435 -3.412951927865678 -10.457075216325018 -2.4440576465534267 END 
START 1.991111111111111 14.722735042735042 10.52991452991453 3.3780368186292007 -2.1036353314977707 -1.1172834955672808 END 
START 7.294358974358975 -3.005811965811966 15.718290598290599 6.0053987886741345 3.38676559593832 1.9814324491700996 END 
START 10.625641025641025 -8.232478632478632 12.004102564102563 2.557531751571979 0.9950806132396095 1.7544842391329956 END 
START 8.691965811965812 -7.102905982905983 8.634529914529914 -1.3616892602226234 -2.3480410961531137 0.43643886545596905 END 
START 4.288547008547009 -0.7466666666666667 1.2252991452991453 -3.203461272446813 -3.0550720581917834 -0.6022856343292373 END 
START 3.2355555555555555 4.173675213675214 -5.475555555555555 -2.5313454196446203 -1.7108403525873987 -0.8641489536028187 END 
START 5.092649572649573 6.432820512820513 -9.744957264957264 -0.6022856343292373 0.008728777309119381 -0.026186331927358142 END 
START 3.9056410256410254 7.734700854700855 -9.993846153846153 0.296778428510059 0.3578798696738946 0.09601655040031319 END 
START 3.80991452991453 4.862905982905983 -7.7155555555555555 0.2793208738918202 0.15711799156414885 -0.3316935377465365 END 
START 6.088205128205129 2.9483760683760685 -6.126495726495726 -0.12220288232767133 0.6110144116383567 -0.5411841931654017 END 
START 8.50051282051282 3.158974358974359 -7.275213675213675 -0.4277100881468497 0.619743188947476 -0.6721158528021923 END 
START 7.638974358974359 4.575726495726496 -9.342905982905982 -0.6721158528021923 -0.22694821003710391 -1.029995722476087 END 
START 7.16034188034188 5.513846153846154 -10.07042735042735 -0.34042231505565584 0 -1.2045712686584746 END 
START 7.562393162393162 5.705299145299145 -9.074871794871795 0.24440576465534267 0.5411841931654017 -1.5013496971685336 END 
