START 5.686153846153847 -0.6317948717948718 -4.7671794871794875 -0.08728777309119382 0.8292338443663412 0.25313454196446206 END 
START 6.739145299145299 -0.019145299145299145 -2.756923076923077 -0.2618633192735814 0.7244885166569086 0.6721158528021923 END 
START 8.06017094017094 0.9764102564102564 -1.0338461538461539 -0.34042231505565584 0.6022856343292373 1.3180453736770266 END 
START 8.366495726495726 1.8570940170940171 0.5169230769230769 -0.6110144116383567 0.4102525335286109 1.7544842391329956 END 
START 8.098461538461539 2.5463247863247864 1.7613675213675213 -1.0212669451669676 0.034915109236477525 1.9116022306971445 END 
START 7.466666666666667 3.7333333333333334 2.776068376068376 -1.4577058106229366 -0.3753374242921334 1.7893993483694732 END 
START 6.834871794871795 4.269401709401709 3.2164102564102564 -2.0076187810974577 -0.7419460712751474 1.7195691298965181 END 
START 6.088205128205129 4.92034188034188 3.2164102564102564 -2.5138878650263816 -0.8903352855301769 1.7719417937512343 END 
START 5.552136752136752 4.92034188034188 2.4123076923076923 -2.950326730482351 -0.8379626216754605 2.1036353314977707 END 
START 5.111794871794872 5.264957264957265 1.5124786324786326 -3.2820202682288873 -0.6895734074204312 2.522616642335501 END 
START 2.01025641025641 6.241367521367521 -2.8526495726495726 -4.259643326850258 -0.6895734074204312 2.8717677347002764 END 
START 0.9764102564102564 7.4283760683760685 -5.36068376068376 -4.80082752001566 -0.9776230586213707 2.767022406990844 END 
START 0.19145299145299144 9.553504273504274 -7.256068376068376 -5.062690839289241 -0.7943187351298637 3.0550720581917834 END 
START -0.8615384615384616 10.75965811965812 -9.342905982905982 -4.992860620816286 -0.22694821003710391 3.456595814411275 END 
START -2.24 10.778803418803419 -11.2191452991453 -4.80082752001566 0.034915109236477525 3.508968478265991 END 
START -4.154529914529914 9.304615384615385 -13.861196581196582 -4.835742629252137 -0.4102525335286109 2.81939507084556 END 
START -4.9394871794871795 8.768547008547008 -15.297094017094016 -4.896844070415973 -1.1521986048037582 2.2345669911345616 END 
START -4.977777777777778 8.28991452991453 -16.254358974358976 -4.853200183870376 -1.1609273821128776 2.2520245457528003 END 
START -4.614017094017094 8.577094017094018 -16.98188034188034 -4.739726078851824 -0.2356769873462233 2.6011756381175757 END 
START -3.790769230769231 8.404786324786325 -18.41777777777778 -4.442947650341765 0.6808446301113117 2.5924468608084563 END 
START -2.9675213675213676 7.926153846153846 -19.566495726495727 -4.023966339504034 0.6372007435657149 2.059991444952174 END 
START -2.4314529914529914 6.030769230769231 -20.79179487179487 -3.5176972555751105 -0.06983021847295505 1.1609273821128776 END 
START -1.1678632478632478 3.982222222222222 -25.042051282051283 -2.6884634112087693 -0.663387075493073 0.27059209658270084 END 
START 0.11487179487179487 2.603760683760684 -27.722393162393164 -1.8592295668424281 0.15711799156414885 0.43643886545596905 END 
START 0.5169230769230769 -0.07658119658119658 -31.494017094017092 -0.8030475124389831 0.6721158528021923 0.5324554158562822 END 
START -0.8232478632478633 -2.393162393162393 -35.24649572649572 0.3229647604374171 0.12220288232767133 0.11347410501855196 END 
START -3.1015384615384614 -4.3076923076923075 -37.90769230769231 1.6322813568053243 -0.733217293966028 -0.6459295208748342 END 
START -3.9056410256410254 -4.5948717948717945 -39.24786324786325 2.662277079281411 0.34915109236477526 -0.7768611805116249 END 
START -5.016068376068376 -1.34017094017094 -44.66598290598291 3.8144756840851697 2.7495648523726053 -0.6721158528021923 END 
START -6.930598290598291 2.488888888888889 -52.247521367521365 5.481672150126971 2.993970617027948 -1.4489770333138172 END 
START -8.07931623931624 6.605128205128205 -53.7408547008547 7.105224729623176 2.5662605288810982 -2.2345669911345616 END 
START -8.213333333333333 10.606495726495726 -51.97948717948718 8.353439884827248 3.3082066001562453 -2.2520245457528003 END 
START -6.854017094017094 16.484102564102564 -50.73504273504273 9.427079493848932 4.704810969615346 -1.7719417937512343 END 
START -3.58017094017094 24.64 -41.39213675213675 11.792578144620284 4.399303763796168 -0.9601655040031319 END 
START -0.8806837606837606 28.966837606837608 -33.33196581196581 12.290118451240089 4.146169221831706 0 END 
START 2.4123076923076923 38.367179487179484 -28.105299145299146 11.618002598437897 4.669895860378869 0.5673705250927598 END 
START 4.633162393162393 46.197606837606834 -22.304273504273503 10.762582422144197 5.376926822417539 0.7419460712751474 END 
START 5.130940170940171 47.46119658119658 -10.98940170940171 10.125381678578481 4.6349807511423915 0.7594036258933862 END 
START -2.871794871794872 46.9251282051282 3.063247863247863 8.842251414137934 2.8455814027729183 0.9339791720757737 END 
START -7.849572649572649 43.05777777777778 14.818461538461538 7.3409017169694 1.8505007895333088 0.41898131083773027 END 
START -8.806837606837608 33.37025641025641 23.606153846153845 5.36819804510842 1.9203310080062639 0.17457554618238763 END 
START -6.605128205128205 23.51042735042735 27.684102564102563 3.7446454656122143 1.1696561594219972 -0.6110144116383567 END 
START -1.9145299145299146 13.727179487179487 29.1582905982906 2.2258382138254422 0.06110144116383567 -0.9601655040031319 END 
START 0.918974358974359 8.462222222222222 25.673846153846153 0.9339791720757737 -0.6721158528021923 -0.7506748485842668 END 
START 2.125128205128205 6.356239316239316 20.217435897435898 -0.06110144116383567 -1.6410101341144436 -0.8292338443663412 END 
START 3.3312820512820513 4.786324786324786 9.476923076923077 -1.326774150986146 -1.649738911423563 -0.9688942813122513 END 
START 4.365128205128205 3.5035897435897434 4.671452991452991 -1.4751633652411755 -1.6148238021870855 -1.2307576005858327 END 
START 6.126495726495726 2.6420512820512823 1.5699145299145298 -1.4489770333138172 -1.763213016442115 -1.5711799156414885 END 
START 8.251623931623932 1.991111111111111 -0.650940170940171 -1.396604369459101 -1.7893993483694732 -1.675925243350921 END 
START 0.8615384615384616 2.0294017094017094 15.641709401709402 -0.38406620160125277 -1.3878755921499817 -0.9252503947666544 END