START 3.675897435897436 -0.9381196581196581 -6.145641025641026 0.183304323491507 0.6721158528021923 1.1958424913493553 END 
START 3.8673504273504276 1.1104273504273505 -4.6523076923076925 0.15711799156414885 1.1260122728764002 1.806856902987712 END 
START 4.1928205128205125 4.556581196581196 -3.4652991452991455 0.17457554618238763 1.3616892602226234 2.5051590877172623 END 
START 5.092649572649573 10.127863247863248 -4.862905982905983 0.7419460712751474 1.2307576005858327 2.732107297754366 END 
START 0.5743589743589743 15.431111111111111 -8.634529914529914 0.49754030661980475 0.296778428510059 0.10474532770943257 END 
START -0.07658119658119658 13.114529914529914 -6.432820512820513 0.6546582981839536 -0.09601655040031319 -0.7506748485842668 END 
START 1.5699145299145298 6.624273504273504 -2.3165811965811964 0.8816065082210575 0.07855899578207443 -0.5848280797109986 END 
START 3.2355555555555555 -0.3446153846153846 0.67008547008547 0.5586417477836404 0.8816065082210575 0.04364388654559691 END 
START 5.0543589743589745 -4.441709401709402 1.455042735042735 -0.3142359831282977 1.0823683863308033 0.5237266385471628 END 
START 5.705299145299145 -7.256068376068376 -0.9572649572649573 -1.8243144576059507 0.296778428510059 0.21821943272798452 END 
START 6.164786324786324 -8.481367521367522 -2.4123076923076923 -3.709730356375737 -0.84669139898458 0.549912970474521 END 
START 5.398974358974359 -5.724444444444444 -3.8864957264957263 -4.704810969615346 -0.916521617457535 1.649738911423563 END 
START 2.4505982905982906 -1.837948717948718 -8.462222222222222 -5.324554158562822 -0.549912970474521 2.321854764225755 END 
START -1.5316239316239315 0.3446153846153846 -15.22051282051282 -5.420570708963136 -1.0125381678578482 2.1210928861160094 END 
START -5.016068376068376 -0.36376068376068377 -18.59008547008547 -4.79209874270654 -1.7457554618238762 2.11236410880689 END 
START -6.451965811965812 -1.5124786324786326 -18.743247863247863 -3.9977800075766767 -1.1521986048037582 2.5662605288810982 END 
START -6.662564102564103 -2.1634188034188035 -17.345641025641026 -3.116173499355619 -0.6022856343292373 2.452786423862546 END 
START 0 -5.264957264957265 -11.812649572649573 -2.2258382138254422 -0.9077928401484157 1.056182054403445 END 
START -0.22974358974358974 -3.6184615384615384 -11.42974358974359 -2.11236410880689 -1.2656727098223102 0.84669139898458 END 
START -3.197264957264957 -0.4594871794871795 -12.827350427350428 -1.7893993483694732 -1.1347410501855195 0.6372007435657149 END 
START -6.04991452991453 1.2061538461538461 -14.722735042735042 -1.4751633652411755 -0.6372007435657149 0.28804965120093956 END 
START -7.7155555555555555 1.8953846153846154 -16.15863247863248 -1.056182054403445 -0.20076187810974577 -0.4102525335286109 END 
START -7.256068376068376 1.187008547008547 -18.36034188034188 -0.41898131083773027 -0.04364388654559691 -1.2220288232767134 END 
START -4.6523076923076925 -0.8615384615384616 -19.815384615384616 0.4713539746924466 0.034915109236477525 -1.7893993483694732 END 
START -1.991111111111111 -3.6567521367521367 -19.815384615384616 1.5449935837141304 0.3142359831282977 -1.9377885626245026 END 
START -1.0338461538461539 -7.792136752136752 -20.1791452991453 2.8281238481546795 0.5848280797109986 -2.2083806592072035 END 
START 1.6464957264957265 -15.794871794871796 -20.447179487179486 4.242185772232019 0.9427079493848932 -2.199651881898084 END 
START 3.273846153846154 -25.692991452991453 -19.470769230769232 5.472943372817852 1.4402482560046979 -1.0474532770943257 END 
START -0.26803418803418805 -26.38222222222222 -11.87008547008547 5.6300613643820006 1.1958424913493553 0.5149978612380435 END 
START -1.8762393162393163 -28.00957264957265 -8.155897435897437 4.032695116813154 -0.30550720581917834 -0.2356769873462233 END 
START -0.4403418803418803 -28.71794871794872 -4.901196581196581 2.5749893061902176 -0.6983021847295505 -0.16584676887326824 END 
START 1.0338461538461539 -26.516239316239318 -2.8526495726495726 1.8417720122241894 0.4277100881468497 1.1696561594219972 END 
START 7.351794871794872 -9.476923076923077 2.5846153846153848 -1.1085547182581614 5.123792280453077 4.294558436086736 END 
START 15.641709401709402 12.367863247863248 -0.6892307692307692 -4.006508784885796 3.9366785664128408 3.9715936756493186 END 
START 27.722393162393164 22.993504273504275 4.058803418803419 -6.1887031121656415 5.376926822417539 4.914301625034212 END 
START 35.61025641025641 43.498119658119656 9.802393162393162 -5.490400927436091 9.252503947666543 5.760993024018791 END 
START 42.73230769230769 54.43008547008547 4.25025641025641 -7.986831237844234 7.271071498496444 4.08506778066787 END 
START 35.22735042735043 52.68786324786325 -27.07145299145299 -7.2448851665690865 1.352960482913504 2.915411621245873 END 
START 6.758290598290598 45.06803418803419 -30.689914529914528 -5.595146255145523 -8.17013556133574 -0.19203310080062638 END 
START 3.407863247863248 -4.231111111111111 21.27042735042735 4.08506778066787 1.3704180375317427 0.25313454196446206 END 
START 10.702222222222222 -13.861196581196582 13.918632478632478 3.116173499355619 3.9977800075766767 1.4315194786955785 END 
START 15.411965811965812 -9.764102564102565 2.6994871794871793 -0.7506748485842668 0.45389642007420783 0.733217293966028 END 
START 7.217777777777778 -1.187008547008547 -3.407863247863248 -3.3343929320836034 -2.662277079281411 0.17457554618238763 END 
START -0.7275213675213675 5.571282051282052 -7.122051282051282 -2.81939507084556 -1.806856902987712 -0.16584676887326824 END 
START 0.5743589743589743 7.007179487179487 -11.774358974358975 -0.84669139898458 0.8816065082210575 -0.008728777309119381 END 
START 5.398974358974359 6.94974358974359 -12.597606837606838 0.5324554158562822 1.7893993483694732 0.3142359831282977 END 
START 4.173675213675214 6.317948717948718 -9.362051282051283 0.5062690839289241 1.0125381678578482 0.12220288232767133 END 
START 2.756923076923077 4.3076923076923075 -7.811282051282051 -0.1396604369459101 0.3753374242921334 -0.5149978612380435 END 
START 4.288547008547009 2.24 -8.328205128205129 -0.916521617457535 0.5237266385471628 -1.0823683863308033 END 
START 7.8304273504273505 3.80991452991453 -9.821538461538461 -1.1085547182581614 1.187113714040236 -1.0212669451669676 END 
START 3.8673504273504276 7.4858119658119655 -10.702222222222222 -0.733217293966028 -1.1958424913493553 -1.5624511383323691 END 
START 2.5846153846153848 6.279658119658119 -8.557948717948719 -0.619743188947476 -1.6410101341144436 -2.269482100371039 END 
START 2.756923076923077 5.226666666666667 -8.50051282051282 -0.3229647604374171 -0.593556857020118 -2.4877015330990235 END 
