START 1.6273504273504273 2.4314529914529914 -9.074871794871795 0.2793208738918202 0.5760993024018791 0.17457554618238763 END 
START 1.301880341880342 1.5699145299145298 -9.132307692307693 -0.026186331927358142 0.45389642007420783 0.30550720581917834 END 
START 1.9719658119658119 2.3165811965811964 -8.136752136752136 -0.30550720581917834 0.48008275200156597 0.4626251973833272 END 
START 3.1398290598290597 5.016068376068376 -7.524102564102564 -0.41898131083773027 0.5673705250927598 0.49754030661980475 END 
START 3.9439316239316238 10.874529914529914 -7.275213675213675 -0.39279497891037213 0.4102525335286109 0.41898131083773027 END 
START 2.105982905982906 20.255726495726496 -11.334017094017094 0.28804965120093956 0.11347410501855196 -0.366608646983014 END 
START 1.5316239316239315 20.715213675213676 -12.482735042735042 0.7070309620386699 0.4713539746924466 -0.6721158528021923 END 
START 2.125128205128205 17.173333333333332 -10.319316239316239 1.1085547182581614 1.0823683863308033 -0.9427079493848932 END 
START 2.3548717948717948 13.325128205128205 -7.638974358974359 1.2482151552040714 1.2918590417496685 -1.0474532770943257 END 
START 4.25025641025641 7.638974358974359 -5.303247863247863 1.2656727098223102 1.0823683863308033 -0.6372007435657149 END 
START 3.790769230769231 3.388717948717949 -4.173675213675214 1.099825940949042 0.8205050670572218 -0.06983021847295505 END 
START 2.278290598290598 -0.8423931623931624 -5.571282051282052 0.5586417477836404 0.45389642007420783 -0.1396604369459101 END 
START 1.7230769230769232 -4.403418803418804 -8.194188034188034 0.16584676887326824 0.052372663854716284 -0.08728777309119382 END 
START 2.0676923076923077 -7.734700854700855 -9.113162393162392 -0.27059209658270084 -0.11347410501855196 0.9252503947666544 END 
START 1.052991452991453 -6.547692307692308 -9.266324786324786 -0.5411841931654017 -0.1396604369459101 1.9552461172427413 END 
START 0.07658119658119658 -5.839316239316239 -9.572649572649572 -0.6546582981839536 -0.663387075493073 2.1647367726616067 END 
START -0.26803418803418805 -6.471111111111111 -8.998290598290598 -0.9252503947666544 -1.83304323491507 1.5275360290958917 END 
START -0.4403418803418803 -6.471111111111111 -8.74940170940171 -0.9252503947666544 -1.69338279796916 1.6584676887326824 END 
START -2.201709401709402 -5.743589743589744 -9.974700854700854 -0.8816065082210575 -1.5013496971685336 1.4751633652411755 END 
START -2.6994871794871793 -5.016068376068376 -11.104273504273504 -0.7943187351298637 -1.4053331467682204 1.1172834955672808 END 
START -3.1206837606837605 -4.805470085470086 -11.812649572649573 -0.5586417477836404 -1.029995722476087 0.916521617457535 END 
START -3.178119658119658 -4.135384615384615 -11.88923076923077 -0.43643886545596905 -0.3142359831282977 0.45389642007420783 END 
START -2.0294017094017094 -3.695042735042735 -12.195555555555556 -0.3229647604374171 0.5062690839289241 0.08728777309119382 END 
START -0.6892307692307692 -3.3695726495726497 -12.827350427350428 -0.07855899578207443 1.056182054403445 0.034915109236477525 END 
START 0.15316239316239316 -3.005811965811966 -12.903931623931625 0.5062690839289241 1.4402482560046979 0.24440576465534267 END 
START 0.4594871794871795 -3.4461538461538463 -12.08068376068376 0.8117762897481025 1.5624511383323691 0.21821943272798452 END 
START 0.36376068376068377 -4.7097435897435895 -10.855384615384615 0.9427079493848932 1.5449935837141304 0 END 
START 0.6317948717948718 -6.222222222222222 -9.074871794871795 1.1260122728764002 1.675925243350921 -0.04364388654559691 END 
START 1.052991452991453 -8.9791452991453 -4.7097435897435895 2.042533890333935 2.889225289318515 1.5013496971685336 END 
START -0.09572649572649572 -8.845128205128205 -3.8482051282051284 2.6011756381175757 3.089987167428261 1.8243144576059507 END 
START -0.15316239316239316 -9.247179487179487 -4.03965811965812 2.40041376000783 2.147279218043368 1.3616892602226234 END 
START 1.8953846153846154 -10.395897435897435 -4.02051282051282 1.97270367186098 1.0474532770943257 0.98635183593049 END 
START 4.03965811965812 -11.506324786324786 -5.571282051282052 2.147279218043368 0.6721158528021923 1.1085547182581614 END 
START 5.705299145299145 -12.884786324786324 -7.466666666666667 2.583718083499337 0.6721158528021923 1.7893993483694732 END 
START 5.858461538461539 -14.512136752136753 -7.524102564102564 2.8019375162273215 0.7506748485842668 2.0512626676430545 END 
START 5.36068376068376 -16.311794871794874 -7.39008547008547 2.426600091935188 0.5673705250927598 1.7806705710603539 END 
START 5.743589743589744 -15.584273504273504 -7.045470085470085 1.5973662475688468 0.27059209658270084 2.11236410880689 END 
START 4.097094017094017 -13.4591452991453 -6.605128205128205 0.9601655040031319 -0.27059209658270084 2.4440576465534267 END 
START 1.5699145299145298 -10.587350427350428 -4.135384615384615 -0.09601655040031319 -0.6546582981839536 2.6186331927358144 END 
START 1.991111111111111 -5.762735042735042 -0.8041025641025641 -1.2918590417496685 -0.2618633192735814 2.5313454196446203 END 
START 8.577094017094018 8.404786324786325 5.073504273504273 -2.9590555077914704 3.0550720581917834 2.7495648523726053 END 
START 9.342905982905982 18.934700854700854 7.7729914529914526 -5.376926822417539 4.521506646123839 1.9988900037883384 END 
START 17.747692307692308 31.80034188034188 7.16034188034188 -8.030475124389831 4.425490095723526 0.8816065082210575 END 
START 29.694358974358973 35.61025641025641 -2.3165811965811964 -8.4669139898458 3.7882893521578116 1.029995722476087 END 
START 26.018461538461537 29.254017094017094 -16.38837606837607 -6.782259969185759 1.83304323491507 1.9639748945518607 END 
START 13.133675213675213 26.8417094017094 -24.64 -5.5689599232181655 -1.1085547182581614 1.7021115752782794 END 
START 4.8820512820512825 27.014017094017095 -23.26153846153846 -4.364388654559691 -4.65243830576063 -0.366608646983014 END 
START 7.4283760683760685 15.507692307692308 -8.557948717948719 -1.7719417937512343 -5.2547239400898675 -1.806856902987712 END 
START 9.572649572649572 1.3784615384615384 3.6567521367521367 1.5624511383323691 -1.1958424913493553 -0.7244885166569086 END 
START 10.740512820512821 -5.341538461538462 4.614017094017094 2.7844799616090827 1.9377885626245026 0.9601655040031319 END 
START 10.663931623931624 -3.4461538461538463 -1.703931623931624 1.1958424913493553 1.536264806405011 1.073639609021684 END 
START 8.462222222222222 1.435897435897436 -8.96 -1.3005878190587878 -0.5760993024018791 0.549912970474521 END 
START 4.6523076923076925 5.571282051282052 -13.037948717948717 -0.6808446301113117 -0.3142359831282977 -0.2618633192735814 END 
START 6.471111111111111 5.552136752136752 -14.78017094017094 0.6284719662565954 0.8379626216754605 0.15711799156414885 END 
START 7.849572649572649 4.211965811965812 -13.842051282051282 0.27059209658270084 -0.366608646983014 -0.1309316596367907 END 
START 4.097094017094017 4.077948717948718 -9.362051282051283 -0.22694821003710391 -0.6459295208748342 -0.017457554618238762 END 
START 6.088205128205129 3.675897435897436 -10.510769230769231 -0.45389642007420783 -0.052372663854716284 -0.34042231505565584 END 
START 9.189743589743589 3.1398290598290597 -12.291282051282051 -0.5411841931654017 0.034915109236477525 -0.34042231505565584 END 
START 6.777435897435898 5.1692307692307695 -13.631452991452992 -0.28804965120093956 -0.04364388654559691 -0.017457554618238762 END 
START 5.437264957264957 5.341538461538462 -13.612307692307692 -0.2356769873462233 -0.41898131083773027 -0.10474532770943257 END 
START 5.877606837606837 5.111794871794872 -12.903931623931625 -0.21821943272798452 -0.5411841931654017 -0.34042231505565584 END 
START 7.026324786324786 4.460854700854701 -11.525470085470085 0 -0.25313454196446206 -0.3578798696738946 END 
START 7.61982905982906 4.077948717948718 -10.434188034188034 0.34915109236477526 0.3753374242921334 -0.183304323491507 END 
START 7.409230769230769 3.963076923076923 -11.353162393162393 0.1309316596367907 0.6983021847295505 -0.8117762897481025 END 
START 8.366495726495726 5.552136752136752 -11.716923076923077 -0.10474532770943257 0.34915109236477526 -1.396604369459101 END 
