START 5.839316239316239 -2.7186324786324785 -7.17948717948718 0.06110144116383567 0.28804965120093956 0 END 
START 5.896752136752137 -2.24 -7.351794871794872 0.04364388654559691 0.27059209658270084 0.052372663854716284 END 
START 5.896752136752137 -2.0485470085470086 -7.16034188034188 0.034915109236477525 0.2793208738918202 -0.04364388654559691 END 
START 6.451965811965812 -1.991111111111111 -7.217777777777778 0.17457554618238763 0.3229647604374171 -0.052372663854716284 END 
START 6.566837606837606 -2.086837606837607 -7.275213675213675 0.39279497891037213 0.27059209658270084 0 END 
START 6.566837606837606 -2.125128205128205 -6.9688888888888885 0.3578798696738946 0.183304323491507 -0.12220288232767133 END 
START 6.930598290598291 -2.488888888888889 -6.605128205128205 0.2356769873462233 0.22694821003710391 -0.06983021847295505 END 
START 6.873162393162393 -2.2974358974358973 -6.432820512820513 0.10474532770943257 0.3142359831282977 0 END 
START 6.758290598290598 -2.0485470085470086 -6.298803418803419 0 0.366608646983014 -0.04364388654559691 END 
START 6.873162393162393 -1.9145299145299146 -6.183931623931624 -0.09601655040031319 0.40152375621949155 -0.034915109236477525 END 
START 6.930598290598291 -1.6847863247863248 -6.183931623931624 -0.1396604369459101 0.3753374242921334 0.06110144116383567 END 
START 6.547692307692308 -1.1295726495726495 -6.375384615384616 -0.16584676887326824 0.2618633192735814 0.08728777309119382 END 
START 6.681709401709401 -1.2635897435897436 -6.298803418803419 -0.3229647604374171 0.44516764276508847 0.3316935377465365 END 
START 6.9688888888888885 -0.8232478632478633 -6.260512820512821 -0.4277100881468497 0.7594036258933862 0.733217293966028 END 
START 6.930598290598291 -0.47863247863247865 -6.854017094017094 -0.40152375621949155 0.8379626216754605 0.9688942813122513 END 
START 6.413675213675214 -0.15316239316239316 -7.064615384615385 -0.366608646983014 0.5586417477836404 0.8117762897481025 END 
START 6.126495726495726 -0.8041025641025641 -6.911452991452991 -0.3229647604374171 0.296778428510059 0.6110144116383567 END 
START 6.069059829059829 -1.3784615384615384 -6.317948717948718 -0.27059209658270084 0.3753374242921334 0.8205050670572218 END 
START 5.839316239316239 -1.5316239316239315 -5.762735042735042 -0.24440576465534267 0.5411841931654017 1.056182054403445 END 
START 5.877606837606837 -1.8570940170940171 -5.092649572649573 -0.15711799156414885 0.5324554158562822 1.099825940949042 END 
START 5.130940170940171 -2.259145299145299 -4.575726495726496 -0.07855899578207443 0.3753374242921334 1.029995722476087 END 
START 3.963076923076923 -3.790769230769231 -4.862905982905983 -0.034915109236477525 0.12220288232767133 0.7244885166569086 END 
START 4.02051282051282 -6.356239316239316 -5.188376068376068 0.008728777309119381 0.1309316596367907 0.44516764276508847 END 
START 6.72 -15.718290598290599 -7.256068376068376 0.5062690839289241 1.1958424913493553 0.34042231505565584 END 
START 8.021880341880342 -23.127521367521368 -7.638974358974359 0.8554201762936994 1.213300045967594 0.15711799156414885 END 
START 7.39008547008547 -28.564786324786326 -7.294358974358975 0.8816065082210575 1.1696561594219972 0.43643886545596905 END 
START 5.494700854700855 -29.57948717948718 -7.983589743589744 0.4277100881468497 1.7981281256785926 0.663387075493073 END 
START 2.1634188034188035 -29.502905982905983 -9.189743589743589 0.12220288232767133 2.5313454196446203 0.8554201762936994 END 
START -1.2061538461538461 -28.392478632478632 -8.136752136752136 -0.10474532770943257 2.7233785204452468 0.6110144116383567 END 
START -3.80991452991453 -26.477948717948717 -5.398974358974359 -0.6721158528021923 3.151088608592097 0.4102525335286109 END 
START -4.958632478632478 -23.54871794871795 -0.67008547008547 -1.6584676887326824 4.146169221831706 0.5586417477836404 END 
START -6.011623931623932 -17.02017094017094 4.25025641025641 -3.3343929320836034 5.464214595508732 0.4277100881468497 END 
START -5.801025641025641 -7.332649572649573 9.419487179487179 -4.51277786881472 7.044123288459341 0.3316935377465365 END 
START -2.986666666666667 3.6567521367521367 14.435555555555556 -4.076339003358751 7.820984468970965 0.6110144116383567 END 
START -5.532991452991453 13.765470085470085 23.587008547008548 -3.8057469067760503 7.515477263151787 -0.8117762897481025 END 
START 19.643076923076922 33.00649572649573 55.23418803418804 -6.258533330638596 17.117132303183105 0.3229647604374171 END 
START 49.4140170940171 33.42769230769231 55.38735042735043 -6.162516780238283 20.86177776879532 2.7495648523726053 END 
START 35.476239316239315 35.24649572649572 -2.756923076923077 -7.541663595079146 4.399303763796168 -4.3905749864870485 END 
START 15.775726495726495 33.21709401709402 -27.511794871794873 -2.042533890333935 -8.047932679008069 -8.877166523374411 END 
START 13.784615384615385 17.575384615384614 -8.672820512820513 4.22472821761378 -0.9601655040031319 -0.38406620160125277 END 
START 10.72136752136752 19.71965811965812 10.491623931623932 5.865738351728224 0.008728777309119381 2.0250763357156965 END 
START 7.9452991452991455 21.69162393162393 22.457435897435897 5.612603809763762 -2.9415979531732313 1.0212669451669676 END 
START 8.404786324786325 20.79179487179487 28.851965811965812 5.472943372817852 -4.076339003358751 1.990161226479219 END 
START 6.164786324786324 18.762393162393163 23.91247863247863 5.534044813981688 -4.975403066198047 2.217109436516323 END 
START 4.614017094017094 14.895042735042734 19.70051282051282 5.158707389689554 -5.6300613643820006 -0.017457554618238762 END 
START 5.36068376068376 7.8304273504273505 15.143931623931623 4.704810969615346 -4.64370952845151 -0.7244885166569086 END 
START 4.862905982905983 3.1206837606837605 9.496068376068376 4.486591536887362 -3.9977800075766767 -0.1309316596367907 END 
START 5.571282051282052 -4.5948717948717945 5.341538461538462 4.329473545323213 -5.708620360164075 -1.9377885626245026 END 
START 7.122051282051282 -9.878974358974359 6.509401709401709 3.7533742429213337 -5.534044813981688 -1.8155856802968313 END 
START 8.309059829059828 -14.301538461538462 4.365128205128205 2.932869175864112 -4.783369965397421 -0.9252503947666544 END 
START 9.534358974358975 -17.9391452991453 0.26803418803418805 2.4440576465534267 -5.245995162780748 -0.1396604369459101 END 
START 11.123418803418803 -19.336752136752136 -0.8423931623931624 1.9116022306971445 -6.136330448310925 0.2793208738918202 END 
START 10.893675213675214 -19.52820512820513 -0.8806837606837606 0.7506748485842668 -5.769721801327911 0.6895734074204312 END 
START 9.20888888888889 -17.747692307692308 -3.1015384615384614 -0.10474532770943257 -4.8270138519430175 0.9776230586213707 END 
START 8.691965811965812 -15.68 -5.092649572649573 -0.48881152931068533 -4.495320314196482 1.0474532770943257 END 
START 6.834871794871795 -13.554871794871795 -7.045470085470085 -0.6372007435657149 -4.1985418856864225 1.187113714040236 END 
START 3.427008547008547 -10.797948717948717 -8.50051282051282 -0.48881152931068533 -3.0114281716461866 1.3442317056043847 END 
START 2.890940170940171 -9.036581196581196 -9.017435897435897 -0.3142359831282977 -1.466434587932056 0.7506748485842668 END 
START 5.303247863247863 -7.9452991452991455 -8.51965811965812 -0.3142359831282977 -0.40152375621949155 0.2356769873462233 END 
START 9.687521367521368 -4.575726495726496 -8.71111111111111 0.06983021847295505 -0.1309316596367907 0.4277100881468497 END 
START 9.764102564102565 -2.01025641025641 -7.294358974358975 0.04364388654559691 -0.10474532770943257 0.5062690839289241 END 
START 9.17059829059829 -0.3446153846153846 -6.9688888888888885 -0.08728777309119382 0.4626251973833272 0.38406620160125277 END 
START 8.672820512820513 0.2105982905982906 -7.007179487179487 -0.1483892142550295 0.7070309620386699 0.20949065541886513 END 
START 8.213333333333333 0.19145299145299144 -7.6581196581196584 0.22694821003710391 0.366608646983014 0.06983021847295505 END 
START 7.6006837606837605 -0.67008547008547 -7.007179487179487 0.4277100881468497 -0.183304323491507 -0.2618633192735814 END 
START 7.102905982905983 -1.703931623931624 -6.126495726495726 0.4277100881468497 -0.2793208738918202 -0.20949065541886513 END 
START 6.107350427350427 -2.1442735042735044 -5.915897435897436 0.2618633192735814 0.06983021847295505 0.008728777309119381 END 
START 5.935042735042735 -2.259145299145299 -6.260512820512821 0.22694821003710391 0.183304323491507 0.052372663854716284 END 
START 5.992478632478632 -2.125128205128205 -6.222222222222222 0.3229647604374171 -0.04364388654559691 -0.07855899578207443 END 
START 5.801025641025641 -1.7805128205128204 -6.04991452991453 0.6284719662565954 -0.1396604369459101 -0.3142359831282977 END 
