START 2.086837606837607 4.231111111111111 -8.787692307692307 -0.5411841931654017 -0.10474532770943257 0.366608646983014 END 
START 2.0676923076923077 6.356239316239316 -7.983589743589744 -0.41898131083773027 -0.11347410501855196 0.6022856343292373 END 
START 0.5743589743589743 8.404786324786325 -8.04102564102564 -0.21821943272798452 0.3316935377465365 0.6895734074204312 END 
START 0.49777777777777776 12.195555555555556 -8.74940170940171 -0.052372663854716284 0.8728777309119381 0.48881152931068533 END 
START 1.2061538461538461 14.205811965811966 -8.768547008547008 0.19203310080062638 1.396604369459101 0.06110144116383567 END 
START 2.3357264957264956 14.627008547008547 -8.27076923076923 0.25313454196446206 1.5886374702597275 -0.2618633192735814 END 
START 2.9483760683760685 15.641709401709402 -7.332649572649573 0.4102525335286109 1.0910971636399227 -0.366608646983014 END 
START 2.8335042735042735 15.086495726495727 -6.490256410256411 0.549912970474521 0.6372007435657149 -0.549912970474521 END 
START 2.6420512820512823 13.918632478632478 -5.724444444444444 0.4102525335286109 0.733217293966028 -0.916521617457535 END 
START 3.005811965811966 12.463589743589743 -5.264957264957265 0.15711799156414885 0.41898131083773027 -1.4926209198594143 END 
START 3.8864957264957263 5.667008547008547 -3.4461538461538463 -0.09601655040031319 0.24440576465534267 -0.5324554158562822 END 
START 2.393162393162393 3.292991452991453 -4.9394871794871795 -0.21821943272798452 0.16584676887326824 0.28804965120093956 END 
START 2.8143589743589743 -0.918974358974359 -6.566837606837606 -0.7855899578207443 -0.25313454196446206 0.7070309620386699 END 
START 0.19145299145299144 -3.8673504273504276 -9.342905982905982 -1.3704180375317427 -0.6546582981839536 1.4751633652411755 END 
START -2.259145299145299 -3.80991452991453 -11.544615384615385 -2.2782108776801584 -1.4402482560046979 1.7544842391329956 END 
START -2.5654700854700856 -4.288547008547009 -13.095384615384615 -2.767022406990844 -1.9552461172427413 2.217109436516323 END 
START -4.116239316239316 -4.8246153846153845 -13.937777777777777 -2.496430310408143 -2.522616642335501 2.6273619700449338 END 
START -9.476923076923077 -6.337094017094017 -15.852307692307692 -2.426600091935188 -3.6049850286663045 2.5749893061902176 END 
START -12.884786324786324 -4.460854700854701 -15.641709401709402 -2.295668432298397 -3.875577125249005 1.536264806405011 END 
START -4.077948717948718 -3.8482051282051284 -15.545982905982905 -1.4926209198594143 -1.6846540206600407 0.7419460712751474 END 
START 5.418119658119658 -3.158974358974359 -16.292649572649573 -0.2618633192735814 1.1172834955672808 1.2045712686584746 END 
START 0.3254700854700855 2.5654700854700856 -13.44 0.5237266385471628 -0.2356769873462233 0.7070309620386699 END 
START -1.8188034188034188 3.063247863247863 -12.923076923076923 0.5760993024018791 0.06983021847295505 0.6022856343292373 END 
START -2.661196581196581 4.077948717948718 -13.248547008547009 0.8990640628392963 1.0038093905487289 0.41898131083773027 END 
START -1.4167521367521367 3.790769230769231 -13.976068376068376 1.2918590417496685 1.623552579496205 0.43643886545596905 END 
START 0 2.871794871794872 -13.995213675213675 1.83304323491507 1.2482151552040714 0.7419460712751474 END 
START -0.09572649572649572 1.2061538461538461 -13.133675213675213 2.1560079953524873 0.5586417477836404 0.84669139898458 END 
START -2.7186324786324785 -0.5552136752136753 -11.946666666666667 2.313125986916636 0.017457554618238762 0.84669139898458 END 
START -3.0441025641025643 -1.9528205128205127 -10.147008547008546 2.3480410961531137 -0.3142359831282977 0.6546582981839536 END 
START -1.8188034188034188 -3.2547008547008547 -9.706666666666667 2.932869175864112 -0.026186331927358142 0.916521617457535 END 
START -1.0147008547008547 -4.7097435897435895 -8.9791452991453 4.08506778066787 0.5848280797109986 1.6846540206600407 END 
START -3.1398290598290597 -6.490256410256411 -7.409230769230769 4.582608087287675 0.5324554158562822 1.7282979072056375 END 
START -4.614017094017094 -8.845128205128205 -5.781880341880342 3.875577125249005 -0.3753374242921334 1.0823683863308033 END 
START -3.0441025641025643 -13.095384615384615 -6.107350427350427 3.3693080413200813 -0.7855899578207443 0.7506748485842668 END 
START -2.125128205128205 -15.488547008547009 -8.73025641025641 3.8581195706307665 -0.4102525335286109 1.2045712686584746 END 
START -2.0676923076923077 -15.124786324786324 -10.510769230769231 3.360579264010962 -0.2618633192735814 1.5537223610232498 END 
START -1.6847863247863248 -12.827350427350428 -11.008547008547009 1.3616892602226234 -0.7506748485842668 1.3442317056043847 END 
START -0.24888888888888888 -9.515213675213674 -10.147008547008546 -0.8379626216754605 -1.7282979072056375 0.5062690839289241 END 
START 1.9528205128205127 -7.256068376068376 -8.921709401709402 -2.1821943272798454 -2.016347558406577 0.08728777309119382 END 
START 5.15008547008547 -3.6567521367521367 -8.768547008547008 -1.3093165963679072 -0.27059209658270084 1.4315194786955785 END 
START 5.130940170940171 2.105982905982906 -6.241367521367521 0.2356769873462233 1.8679583441515475 2.6186331927358144 END 
START 6.030769230769231 8.07931623931624 -0.07658119658119658 -1.1260122728764002 2.7146497431361274 2.6273619700449338 END 
START 8.71111111111111 13.401709401709402 4.901196581196581 -3.8144756840851697 2.0687202222612933 1.6846540206600407 END 
START 15.124786324786324 17.269059829059827 5.743589743589744 -4.835742629252137 3.046343280882664 2.0949065541886513 END 
START 24.123076923076923 22.974358974358974 2.125128205128205 -4.722268524233585 5.1325210577621965 3.0288857262644253 END 
START 20.006837606837607 27.722393162393164 -21.117264957264958 -4.3905749864870485 0.5324554158562822 3.0026993943370672 END 
START 4.8246153846153845 26.8225641025641 -23.031794871794872 -4.0152375621949155 -4.600065641905914 1.2482151552040714 END 
START -4.518290598290598 17.02017094017094 -8.9791452991453 -0.7594036258933862 -4.538964200742078 0.1396604369459101 END 
START 1.0338461538461539 5.571282051282052 -0.650940170940171 3.299477822847126 1.2831302644405491 0.15711799156414885 END 
START 8.366495726495726 -1.991111111111111 0.11487179487179487 5.193622498926032 3.7882893521578116 0.9077928401484157 END 
START 8.596239316239316 -4.748034188034188 0.8998290598290598 2.5488029742628595 1.8505007895333088 0.6546582981839536 END 
START 6.662564102564103 -1.6464957264957265 -2.488888888888889 -0.24440576465534267 -0.48881152931068533 0.6546582981839536 END 
START 1.1295726495726495 3.4461538461538463 -8.175042735042735 -1.0649108317125644 -0.5237266385471628 0.4102525335286109 END 
START 1.7996581196581196 5.437264957264957 -14.684444444444445 -0.15711799156414885 0.6808446301113117 0.2356769873462233 END 
START 2.105982905982906 6.126495726495726 -14.895042735042734 0.2356769873462233 0.5324554158562822 0 END 
START 2.1825641025641027 4.728888888888889 -11.678632478632478 -0.3229647604374171 0 -0.34042231505565584 END 
START 4.097094017094017 3.7716239316239317 -13.937777777777777 -0.4626251973833272 0.34915109236477526 -0.07855899578207443 END 
START 3.1015384615384614 4.499145299145299 -14.971623931623931 -0.40152375621949155 0.43643886545596905 -0.2618633192735814 END 
START 3.80991452991453 4.996923076923077 -15.852307692307692 -0.5149978612380435 0.296778428510059 -0.6721158528021923 END 
START 3.7716239316239317 5.073504273504273 -15.067350427350428 -0.48881152931068533 0.296778428510059 -1.1783849367311166 END 
START 4.8246153846153845 5.303247863247863 -13.286837606837606 -0.30550720581917834 0.7681324032025055 -1.7108403525873987 END 
START 7.026324786324786 5.437264957264957 -12.54017094017094 -0.07855899578207443 1.2831302644405491 -1.7806705710603539 END 
START 8.998290598290598 7.4283760683760685 -12.252991452991452 0.34042231505565584 1.0474532770943257 -1.9639748945518607 END 
START 9.017435897435897 7.7729914529914526 -10.893675213675214 1.056182054403445 0.593556857020118 -2.269482100371039 END 
