START 2.01025641025641 -1.4741880341880342 -6.394529914529914 -0.22694821003710391 -0.017457554618238762 -0.38406620160125277 END 
START 3.407863247863248 -3.7716239316239317 -6.126495726495726 -0.7506748485842668 0.08728777309119382 -0.11347410501855196 END 
START 3.3695726495726497 -3.58017094017094 -6.04991452991453 -0.8117762897481025 0.21821943272798452 0.733217293966028 END 
START 2.6994871794871793 -3.0441025641025643 -6.490256410256411 -0.6022856343292373 -0.5411841931654017 0.7244885166569086 END 
START 2.5846153846153848 -3.1398290598290597 -6.164786324786324 -0.5848280797109986 -1.2656727098223102 0.21821943272798452 END 
START 3.197264957264957 -3.388717948717949 -6.069059829059829 -0.6022856343292373 -1.2656727098223102 0.026186331927358142 END 
START 4.269401709401709 -4.097094017094017 -6.069059829059829 -0.619743188947476 -0.8816065082210575 0.10474532770943257 END 
START 5.36068376068376 -4.690598290598291 -6.815726495726496 -0.44516764276508847 -0.49754030661980475 0.43643886545596905 END 
START 5.1692307692307695 -4.097094017094017 -8.653675213675214 -0.09601655040031319 -0.5149978612380435 0.48881152931068533 END 
START 5.016068376068376 -4.1928205128205125 -10.855384615384615 0.1396604369459101 -0.98635183593049 0.44516764276508847 END 
START 5.896752136752137 -5.954188034188034 -12.195555555555556 0.593556857020118 -0.9514367266940126 0.5411841931654017 END 
START 7.064615384615385 -10.817094017094018 -12.865641025641025 1.0212669451669676 -0.593556857020118 0.8292338443663412 END 
START 12.616752136752137 -22.304273504273503 -12.09982905982906 1.7195691298965181 1.1085547182581614 2.243295768443681 END 
START 8.921709401709402 -24.23794871794872 -11.88923076923077 1.9203310080062639 0.6983021847295505 2.3393123188439944 END 
START 3.2547008547008547 -25.884444444444444 -9.323760683760684 2.0949065541886513 -0.6983021847295505 1.5449935837141304 END 
START -1.187008547008547 -26.784273504273504 -5.513846153846154 1.9988900037883384 -0.8816065082210575 1.352960482913504 END 
START -4.862905982905983 -25.92273504273504 -1.5124786324786326 1.7893993483694732 0.008728777309119381 1.69338279796916 END 
START -6.126495726495726 -22.955213675213674 1.301880341880342 1.2918590417496685 1.9203310080062639 1.5886374702597275 END 
START -4.231111111111111 -18.36034188034188 2.7377777777777776 0.7855899578207443 3.508968478265991 1.2831302644405491 END 
START -0.5743589743589743 -10.970256410256411 4.02051282051282 0.45389642007420783 3.7621030202304535 1.1783849367311166 END 
START 4.326837606837607 -2.220854700854701 6.834871794871795 0.21821943272798452 3.2209188270650517 1.326774150986146 END 
START 4.614017094017094 5.973333333333334 9.572649572649572 -1.2918590417496685 2.557531751571979 1.0649108317125644 END 
START 4.8246153846153845 14.339829059829059 8.653675213675214 -4.22472821761378 1.9988900037883384 -0.5586417477836404 END 
START 8.51965811965812 28.737094017094016 2.622905982905983 -7.716239141261533 1.97270367186098 -1.0649108317125644 END 
START 14.473846153846154 35.18905982905983 -0.9764102564102564 -7.986831237844234 3.770831797539573 -0.6546582981839536 END 
START 14.512136752136753 36.548376068376065 -10.319316239316239 -7.026665733841102 4.80082752001566 -0.3229647604374171 END 
START 7.9452991452991455 29.426324786324788 -24.41025641025641 -5.376926822417539 0.5848280797109986 -0.663387075493073 END 
START -1.6464957264957265 17.096752136752137 -29.885811965811964 -2.5749893061902176 -5.394384377035777 -1.029995722476087 END 
START 1.3210256410256411 11.984957264957265 -13.727179487179487 2.374227428080472 -3.412951927865678 -1.675925243350921 END 
START 2.756923076923077 15.545982905982905 -12.023247863247864 3.7446454656122143 0.20949065541886513 -1.4926209198594143 END 
START 1.3210256410256411 22.036239316239318 -11.2191452991453 4.041423894122273 0.619743188947476 -1.69338279796916 END 
START 3.178119658119658 28.00957264957265 -8.557948717948719 3.7184591336848563 -0.733217293966028 -2.11236410880689 END 
START 5.035213675213675 29.34974358974359 -6.088205128205129 3.456595814411275 -1.8854158987697864 -2.40041376000783 END 
START 5.60957264957265 22.4382905982906 -4.614017094017094 3.8843059025581246 -2.1560079953524873 -3.3082066001562453 END 
START 6.030769230769231 6.930598290598291 0.26803418803418805 3.508968478265991 -0.98635183593049 -3.866848347939886 END 
START 7.926153846153846 -0.40205128205128204 2.201709401709402 2.6710058565905306 -0.4102525335286109 -2.662277079281411 END 
START 8.845128205128205 -8.615384615384615 -1.34017094017094 1.8679583441515475 -0.7506748485842668 -1.6671964660418017 END 
START 8.73025641025641 -14.224957264957265 -2.01025641025641 1.2220288232767134 -1.099825940949042 -1.1260122728764002 END 
START 11.295726495726496 -20.102564102564102 -2.5463247863247864 0.9950806132396095 -1.69338279796916 -0.8292338443663412 END 
START 15.45025641025641 -27.416068376068377 -2.661196581196581 0.9077928401484157 -1.623552579496205 0.9252503947666544 END 
START 13.746324786324786 -33.5808547008547 -1.301880341880342 0.4626251973833272 -1.8854158987697864 2.1560079953524873 END 
START 4.8820512820512825 -35.7442735042735 -1.837948717948718 -0.4102525335286109 -3.0638008355009028 1.3093165963679072 END 
START 2.8526495726495726 -34.25094017094017 -3.6184615384615384 -0.619743188947476 -2.496430310408143 0.1396604369459101 END 
START 4.8820512820512825 -25.27179487179487 -4.8820512820512825 -0.8554201762936994 1.3878755921499817 0.8903352855301769 END 
START 4.977777777777778 -12.042393162393163 -9.610940170940172 -1.056182054403445 3.66608646983014 1.4140619240773398 END 
START 4.1928205128205125 -1.7613675213675213 -15.756581196581196 -0.98635183593049 2.7844799616090827 0.5237266385471628 END 
START 2.086837606837607 2.8335042735042735 -14.933333333333334 0.24440576465534267 0.11347410501855196 -0.663387075493073 END 
START 1.7996581196581196 0.40205128205128204 -10.587350427350428 0.5848280797109986 0.45389642007420783 -0.38406620160125277 END 
START 1.7613675213675213 -2.3357264957264956 -6.72 0.5586417477836404 0.48881152931068533 -0.2618633192735814 END 
START 2.3357264957264956 -4.5374358974358975 -4.02051282051282 0.20076187810974577 0.06983021847295505 -0.39279497891037213 END 
START 3.5227350427350426 -5.475555555555555 -3.4652991452991455 -0.1309316596367907 -0.09601655040031319 -0.34915109236477526 END 
START 3.5227350427350426 -5.513846153846154 -4.384273504273504 -0.3578798696738946 -0.15711799156414885 -0.21821943272798452 END 
START 3.197264957264957 -4.633162393162393 -6.088205128205129 -0.4713539746924466 -0.44516764276508847 -0.45389642007420783 END 
START 3.3695726495726497 -3.8290598290598292 -7.7155555555555555 -0.5149978612380435 -0.48008275200156597 -0.3753374242921334 END 
START 3.1398290598290597 -2.6994871794871793 -9.055726495726496 -0.38406620160125277 -0.09601655040031319 0.008728777309119381 END 
START 2.6420512820512823 -1.8570940170940171 -9.993846153846153 -0.052372663854716284 0.22694821003710391 0.366608646983014 END 
START 2.220854700854701 -1.7613675213675213 -9.744957264957264 0.17457554618238763 0.19203310080062638 0.41898131083773027 END 
