START 5.0543589743589745 1.991111111111111 -3.58017094017094 -2.0250763357156965 2.6971921885178887 1.7457554618238762 END 
START 4.7097435897435895 3.3504273504273505 -3.6376068376068376 -2.0687202222612933 2.906682843936754 2.3305835415348746 END 
START 4.077948717948718 4.671452991452991 -2.5271794871794873 -2.0774489995704126 2.243295768443681 2.2345669911345616 END 
START 2.9675213675213676 4.728888888888889 -0.15316239316239316 -2.496430310408143 0.20949065541886513 1.1085547182581614 END 
START 3.1206837606837605 4.441709401709402 0.7275213675213675 -2.8543101800820376 -0.24440576465534267 0.7244885166569086 END 
START 3.8673504273504276 4.441709401709402 1.4741880341880342 -3.229647604374171 -0.3142359831282977 1.0474532770943257 END 
START 4.058803418803419 4.977777777777778 1.7230769230769232 -3.587527474048066 -0.34042231505565584 1.6584676887326824 END 
START 3.675897435897436 6.107350427350427 1.0912820512820514 -3.9279497891037214 -0.6284719662565954 1.7544842391329956 END 
START 3.4652991452991455 6.624273504273504 0.09572649572649572 -4.303287213395855 -1.3704180375317427 1.3616892602226234 END 
START 3.5035897435897434 7.102905982905983 -1.1104273504273505 -4.844471406561256 -2.0512626676430545 1.0387244997852063 END 
START 4.077948717948718 7.8304273504273505 -2.7186324786324785 -5.237266385471629 -2.2345669911345616 1.5711799156414885 END 
START 4.154529914529914 9.20888888888889 -3.9247863247863246 -5.472943372817852 -1.8941446760789058 2.7495648523726053 END 
START 2.0485470085470086 10.07042735042735 -6.298803418803419 -5.551502368599927 -1.3704180375317427 3.4653245917203943 END 
START -0.3254700854700855 11.295726495726496 -10.051282051282051 -5.830823242491746 -1.6410101341144436 2.932869175864112 END 
START -0.7466666666666667 12.042393162393163 -13.727179487179487 -5.839552019800866 -2.2345669911345616 2.3305835415348746 END 
START -1.3210256410256411 10.587350427350428 -16.656410256410258 -5.141249835071315 -1.213300045967594 2.7844799616090827 END 
START -1.7422222222222221 8.04102564102564 -17.805128205128206 -4.957945511579808 -0.84669139898458 2.5662605288810982 END 
START 0.13401709401709402 6.145641025641026 -18.245470085470085 -4.809556297324779 -0.8379626216754605 2.2520245457528003 END 
START 0.67008547008547 5.532991452991453 -18.551794871794872 -4.565150532669437 -0.6808446301113117 1.8766871214606669 END 
START 1.589059829059829 4.1928205128205125 -18.85811965811966 -4.119982889904348 -0.40152375621949155 1.536264806405011 END 
START 1.8570940170940171 2.6994871794871793 -21.32786324786325 -3.482782146338633 -0.20076187810974577 1.352960482913504 END 
START 0.9955555555555555 2.6420512820512823 -24.257094017094015 -2.6448195246631725 -0.48881152931068533 0.6808446301113117 END 
START 0.6892307692307692 2.8526495726495726 -26.994871794871795 -1.7806705710603539 -0.4102525335286109 -0.22694821003710391 END 
START 0.8806837606837606 2.220854700854701 -28.89025641025641 -0.9252503947666544 0.27059209658270084 -0.4626251973833272 END 
START 1.7805128205128204 1.0912820512820514 -30.594188034188033 -0.06983021847295505 1.4140619240773398 -0.1309316596367907 END 
START 1.8188034188034188 1.6847863247863248 -32.47042735042735 0.9077928401484157 1.9639748945518607 0.06110144116383567 END 
START -2.622905982905983 3.963076923076923 -38.0608547008547 3.3954943732474394 0.9427079493848932 -1.3355029282952653 END 
START -3.5993162393162392 5.1692307692307695 -39.59247863247863 4.617523196524153 1.239486377894952 -1.8505007895333088 END 
START -4.077948717948718 9.074871794871795 -42.31111111111111 5.77845057863703 2.950326730482351 -1.1958424913493553 END 
START -3.178119658119658 15.392820512820514 -47.518632478632476 7.096495952314057 3.3343929320836034 -1.5188072517867723 END 
START -1.8570940170940171 21.481025641025642 -49.50974358974359 8.641489536028187 2.40041376000783 -1.8941446760789058 END 
START -1.5124786324786326 27.033162393162392 -46.446495726495726 10.046822682796408 1.6322813568053243 -1.83304323491507 END 
START -1.5316239316239315 32.412991452991456 -40.77948717948718 11.076818405272494 1.1434698274946389 -1.4751633652411755 END 
START -1.2635897435897436 37.295042735042735 -34.557264957264955 11.652917707674375 0.7855899578207443 -1.326774150986146 END 
START 0.9764102564102564 40.87521367521367 -27.645811965811966 12.036983909275627 0.8903352855301769 -1.326774150986146 END 
START 4.403418803418804 42.6174358974359 -19.107008547008547 11.914781026947955 1.4402482560046979 -0.9514367266940126 END 
START 9.419487179487179 41.69846153846154 -9.304615384615385 11.329952947236956 2.0949065541886513 -0.3578798696738946 END 
START 11.525470085470085 38.424615384615386 -1.2827350427350428 10.247584560906153 2.016347558406577 0.1396604369459101 END 
START 10.242735042735042 30.517606837606838 13.057094017094018 7.733696695879772 1.2045712686584746 0.3229647604374171 END 
START 6.662564102564103 26.669401709401708 17.651965811965812 6.511667872603058 0.619743188947476 0.45389642007420783 END 
START 3.4652991452991455 20.61948717948718 20.1791452991453 5.123792280453077 0.2356769873462233 0.41898131083773027 END 
START 1.1104273504273505 15.526837606837606 20.42803418803419 3.7446454656122143 0.12220288232767133 0.3753374242921334 END 
START 0.40205128205128204 10.817094017094018 18.81982905982906 2.496430310408143 -0.2618633192735814 -0.11347410501855196 END 
START 1.5124786324786326 7.026324786324786 16.713846153846156 1.4053331467682204 -0.7855899578207443 -0.6546582981839536 END 
START 3.312136752136752 3.8673504273504276 14.32068376068376 0.6022856343292373 -0.9339791720757737 -0.7681324032025055 END 
START 5.245811965811966 0.67008547008547 11.755213675213675 0 -0.6110144116383567 -0.5149978612380435 END 
START 6.739145299145299 -1.301880341880342 8.51965811965812 -0.4713539746924466 -0.11347410501855196 -0.20076187810974577 END 
START 7.524102564102564 -2.220854700854701 5.130940170940171 -0.7681324032025055 -0.09601655040031319 -0.28804965120093956 END 
START 8.404786324786325 -2.5271794871794873 2.986666666666667 -0.9950806132396095 -0.25313454196446206 -0.48008275200156597 END 
START 0.8615384615384616 2.0294017094017094 15.641709401709402 -0.38406620160125277 -1.3878755921499817 -0.9252503947666544 END