START 6.528547008547009 -1.8570940170940171 -3.58017094017094 -0.6022856343292373 0.5673705250927598 0.6546582981839536 END 
START 6.337094017094017 -1.7805128205128204 -4.288547008547009 -0.7768611805116249 0.34042231505565584 0.6808446301113117 END 
START 6.758290598290598 -2.125128205128205 -4.843760683760684 -0.9427079493848932 0.15711799156414885 0.6895734074204312 END 
START 7.294358974358975 -2.0676923076923077 -5.2841025641025645 -0.9252503947666544 0.04364388654559691 0.7943187351298637 END 
START 7.351794871794872 -1.4741880341880342 -5.762735042735042 -0.6808446301113117 -0.10474532770943257 0.6983021847295505 END 
START 7.39008547008547 -1.3976068376068376 -5.437264957264957 -0.43643886545596905 -0.4277100881468497 0.4102525335286109 END 
START 7.256068376068376 -1.9528205128205127 -4.977777777777778 -0.27059209658270084 -0.6022856343292373 0.296778428510059 END 
START 7.17948717948718 -2.7377777777777776 -5.111794871794872 -0.22694821003710391 -0.6895734074204312 0.3578798696738946 END 
START 7.275213675213675 -3.675897435897436 -5.418119658119658 -0.08728777309119382 -0.6983021847295505 0.5848280797109986 END 
START 6.94974358974359 -3.80991452991453 -5.724444444444444 0.11347410501855196 -0.8990640628392963 0.5062690839289241 END 
START 7.409230769230769 -8.155897435897437 -6.834871794871795 0.2618633192735814 -1.0125381678578482 0.20949065541886513 END 
START 8.021880341880342 -12.09982905982906 -7.907008547008547 0.15711799156414885 -0.6808446301113117 0.3142359831282977 END 
START 8.021880341880342 -15.794871794871796 -9.323760683760684 0.11347410501855196 -0.21821943272798452 0.4277100881468497 END 
START 7.17948717948718 -18.436923076923076 -10.032136752136752 0.06983021847295505 0.1483892142550295 0.40152375621949155 END 
START 7.026324786324786 -18.99213675213675 -10.395897435897435 0.07855899578207443 0.7070309620386699 0.16584676887326824 END 
START 6.413675213675214 -19.623931623931625 -10.223589743589743 0.12220288232767133 1.2744014871314298 -0.07855899578207443 END 
START 4.786324786324786 -20.964102564102564 -8.577094017094018 0.06983021847295505 1.69338279796916 -0.5062690839289241 END 
START 3.4461538461538463 -22.22769230769231 -5.801025641025641 -0.28804965120093956 1.8854158987697864 -1.0125381678578482 END 
START 3.790769230769231 -21.46188034188034 -3.1398290598290597 -1.099825940949042 2.1821943272798454 -0.8990640628392963 END 
START 2.7186324786324785 -18.877264957264956 -0.918974358974359 -2.042533890333935 2.7233785204452468 -0.5237266385471628 END 
START 0.6126495726495726 -14.799316239316239 1.1678632478632478 -2.8455814027729183 3.0026993943370672 -0.6546582981839536 END 
START 2.201709401709402 -1.4167521367521367 3.082393162393162 -3.6486289152119014 3.639900137902782 0.40152375621949155 END 
START 1.7805128205128204 4.556581196581196 5.37982905982906 -3.797018129466931 3.3693080413200813 0.5411841931654017 END 
START 0.7658119658119658 10.281025641025641 9.419487179487179 -3.8581195706307665 3.177274940519455 0.06110144116383567 END 
START 0.07658119658119658 15.526837606837606 11.88923076923077 -4.399303763796168 3.2383763816832905 -0.9339791720757737 END 
START 2.201709401709402 20.045128205128204 18.015726495726497 -5.045233284671002 4.277100881468497 -1.7370266845147568 END 
START 10.817094017094018 22.84034188034188 21.634188034188035 -5.2547239400898675 7.201241280023489 -0.9077928401484157 END 
START 21.30871794871795 22.208547008547008 17.824273504273503 -4.64370952845151 9.29614783421214 0.21821943272798452 END 
START 22.955213675213674 20.79179487179487 5.456410256410257 -4.591336864596794 5.970483679437657 -0.8117762897481025 END 
START 17.996581196581197 21.174700854700856 -9.572649572649572 -3.552612364811588 -0.6459295208748342 -3.351850486701842 END 
START 17.805128205128206 15.354529914529914 -13.152820512820513 -0.6721158528021923 -2.4440576465534267 -2.5313454196446203 END 
START 15.46940170940171 12.291282051282051 -5.935042735042735 2.199651881898084 -1.1085547182581614 -0.30550720581917834 END 
START 16.943589743589744 11.104273504273504 4.460854700854701 3.4391382597930362 -1.3878755921499817 0.45389642007420783 END 
START 11.276581196581196 19.04957264957265 9.802393162393162 4.329473545323213 -4.1985418856864225 0.8903352855301769 END 
START 10.874529914529914 19.89196581196581 10.75965811965812 4.905572847725092 -5.5078584820543295 -0.1396604369459101 END 
START 9.419487179487179 18.59008547008547 9.802393162393162 5.0103181754345245 -5.045233284671002 -0.39279497891037213 END 
START 7.4858119658119655 18.379487179487178 5.667008547008547 5.403113154344897 -3.8581195706307665 -0.8816065082210575 END 
START 8.672820512820513 14.339829059829059 3.675897435897436 5.595146255145523 -3.273291490919768 -1.0387244997852063 END 
START 8.9408547008547 7.466666666666667 3.273846153846154 5.839552019800866 -2.5924468608084563 -0.48008275200156597 END 
START 5.322393162393162 1.187008547008547 3.427008547008547 5.4467570408904935 -1.7195691298965181 -0.017457554618238762 END 
START 1.7230769230769232 -2.259145299145299 1.8762393162393163 4.8270138519430175 -1.579908692950608 -0.10474532770943257 END 
START -0.8423931623931624 -5.896752136752137 2.086837606837607 3.8406620160125278 -1.7021115752782794 -0.052372663854716284 END 
START -1.435897435897436 -9.993846153846153 0.6317948717948718 2.767022406990844 -1.056182054403445 0.4102525335286109 END 
START 0.9955555555555555 -12.846495726495727 -2.5463247863247864 2.0512626676430545 -0.3142359831282977 0.9427079493848932 END 
START 4.862905982905983 -17.173333333333332 -3.8673504273504276 1.675925243350921 -1.3704180375317427 0.8554201762936994 END 
START 11.238290598290599 -25.29094017094017 4.614017094017094 0.3316935377465365 -3.7621030202304535 -0.4277100881468497 END 
START 12.616752136752137 -25.616410256410255 4.977777777777778 -0.6022856343292373 -2.976513062409709 0.21821943272798452 END 
START 9.898119658119658 -21.997948717948717 1.9145299145299146 -1.649738911423563 -2.67973463389965 0.549912970474521 END 
START 7.504957264957265 -16.13948717948718 -2.795213675213675 -2.173465549970726 -2.086177776879532 0.7506748485842668 END 
START 6.394529914529914 -9.323760683760684 -6.854017094017094 -2.0512626676430545 -1.4402482560046979 0.6284719662565954 END 
START 7.61982905982906 -3.2355555555555555 -11.085128205128205 -1.5624511383323691 -0.4713539746924466 -0.026186331927358142 END 
START 9.113162393162392 1.5316239316239315 -13.66974358974359 -0.9950806132396095 0.6459295208748342 -0.026186331927358142 END 
START 10.549059829059829 3.2164102564102564 -14.397264957264957 -0.08728777309119382 0.8292338443663412 -0.017457554618238762 END 
START 10.242735042735042 2.1825641025641027 -12.023247863247864 0.7681324032025055 0.16584676887326824 -0.41898131083773027 END 
START 9.764102564102565 -0.6126495726495726 -8.691965811965812 1.2744014871314298 -0.28804965120093956 -0.6022856343292373 END 
