START 3.407863247863248 -0.28717948717948716 -7.39008547008547 -0.3142359831282977 0.10474532770943257 0.4277100881468497 END 
START 3.561025641025641 -0.4594871794871795 -7.6581196581196584 -0.17457554618238763 0.4626251973833272 1.326774150986146 END 
START 2.0676923076923077 0.15316239316239316 -7.3709401709401705 -0.22694821003710391 0.9601655040031319 1.536264806405011 END 
START 2.220854700854701 0.057435897435897436 -7.409230769230769 -0.2356769873462233 -0.2618633192735814 0.38406620160125277 END 
START 2.9675213675213676 -0.6317948717948718 -6.94974358974359 -0.20076187810974577 -0.6372007435657149 -0.04364388654559691 END 
START 4.460854700854701 -1.7996581196581196 -6.94974358974359 -0.19203310080062638 -0.6459295208748342 0.27059209658270084 END 
START 5.092649572649573 -2.2974358974358973 -7.275213675213675 -0.1483892142550295 -0.7943187351298637 0.4713539746924466 END 
START 5.667008547008547 -2.661196581196581 -7.5432478632478634 -0.1309316596367907 -0.9601655040031319 0.45389642007420783 END 
START 5.724444444444444 -2.91008547008547 -8.443076923076923 -0.034915109236477525 -0.9688942813122513 0.45389642007420783 END 
START 5.456410256410257 -3.7141880341880342 -9.649230769230769 0.12220288232767133 -0.9601655040031319 0.4713539746924466 END 
START 5.322393162393162 -4.116239316239316 -10.72136752136752 0.30550720581917834 -0.9427079493848932 0.5848280797109986 END 
START 5.36068376068376 -5.398974358974359 -12.214700854700855 0.40152375621949155 -0.84669139898458 0.7157597393477892 END 
START 5.571282051282052 -6.624273504273504 -12.903931623931625 0.5237266385471628 -0.6284719662565954 0.7070309620386699 END 
START 6.509401709401709 -8.423931623931624 -13.018803418803419 0.5848280797109986 -0.07855899578207443 0.6284719662565954 END 
START 8.002735042735043 -9.955555555555556 -12.980512820512821 0.6284719662565954 0.5411841931654017 0.7419460712751474 END 
START 7.811282051282051 -12.57846153846154 -12.712478632478632 0.8903352855301769 1.2220288232767134 0.6721158528021923 END 
START 6.490256410256411 -13.037948717948717 -12.865641025641025 1.056182054403445 1.579908692950608 0.4626251973833272 END 
START 5.475555555555555 -13.784615384615385 -11.085128205128205 1.1434698274946389 1.9028734533880252 0.183304323491507 END 
START 6.451965811965812 -15.699145299145298 -7.811282051282051 0.8903352855301769 2.662277079281411 0.2793208738918202 END 
START 5.992478632478632 -16.962735042735044 -5.571282051282052 0.34042231505565584 3.9104922344854827 0.6459295208748342 END 
START 4.8820512820512825 -17.02017094017094 -4.575726495726496 -0.4277100881468497 4.774641188088301 0.6895734074204312 END 
START 5.130940170940171 -16.13948717948718 -4.48 -1.2045712686584746 5.237266385471629 0.8030475124389831 END 
START 5.59042735042735 -13.89948717948718 -4.518290598290598 -1.623552579496205 5.93556857020118 1.3180453736770266 END 
START 4.7097435897435895 -12.272136752136753 -3.7141880341880342 -2.0250763357156965 6.887005296895191 1.7981281256785926 END 
START 3.6567521367521367 -10.683076923076923 -1.7230769230769232 -2.470243978480785 7.227427611950848 1.6060950248779662 END 
START 4.288547008547009 -9.036581196581196 1.0721367521367522 -2.557531751571979 6.948106738059027 1.5624511383323691 END 
START 5.322393162393162 -5.1692307692307695 6.088205128205129 -3.2820202682288873 6.660057086858088 2.0687202222612933 END 
START -5.513846153846154 9.687521367521368 14.167521367521367 -4.041423894122273 7.017936956531982 -0.034915109236477525 END 
START -2.7186324786324785 16.254358974358976 20.906666666666666 -5.193622498926032 6.965564292677266 -2.3654986507713525 END 
START 8.06017094017094 24.295384615384616 30.575042735042736 -6.293448439875074 9.147758619957111 -3.089987167428261 END 
START 24.467692307692307 30.46017094017094 35.8974358974359 -7.297257830423803 11.679104039601732 -2.173465549970726 END 
START 18.054017094017095 34.07863247863248 6.471111111111111 -7.506748485842667 4.966674288888928 -3.709730356375737 END 
START 8.213333333333333 28.526495726495728 -29.062564102564103 -4.669895860378869 -5.8831959063464625 -6.337092326420671 END 
START 7.638974358974359 17.403076923076924 -32.757606837606836 0.25313454196446206 -5.2547239400898675 -3.8144756840851697 END 
START 3.292991452991453 13.344273504273504 -17.42222222222222 4.163626776449945 -3.552612364811588 -1.9290597853153832 END 
START 11.276581196581196 12.559316239316239 1.9145299145299146 5.394384377035777 -4.294558436086736 -1.806856902987712 END 
START 12.004102564102563 14.32068376068376 7.16034188034188 5.324554158562822 -5.499129704745211 -1.7719417937512343 END 
START 9.055726495726496 16.924444444444443 9.438632478632478 5.167436166998674 -6.642599532239849 -2.2520245457528003 END 
START 5.207521367521368 16.503247863247864 6.432820512820513 4.189813108377303 -5.874467129037344 -4.285829658777616 END 
START 6.700854700854701 15.297094017094016 2.776068376068376 4.294558436086736 -5.3158253812537035 -4.172355553759064 END 
START 5.494700854700855 14.263247863247864 -0.4211965811965812 4.364388654559691 -4.329473545323213 -3.980322452958438 END 
START 4.135384615384615 11.544615384615385 -4.499145299145299 5.08014839390748 -3.8406620160125278 -4.355659877250571 END 
START 7.6006837606837605 5.494700854700855 -5.0543589743589745 5.019046952743644 -3.5176972555751105 -4.617523196524153 END 
START 8.825982905982906 2.871794871794872 -5.092649572649573 4.626251973833272 -2.269482100371039 -3.770831797539573 END 
START 8.768547008547008 0.22974358974358974 -7.236923076923077 4.154897999140825 -2.5051590877172623 -3.24710515899241 END 
START 9.323760683760684 -3.7716239316239317 -7.026324786324786 3.508968478265991 -3.1947324951376936 -3.046343280882664 END 
START 10.893675213675214 -9.687521367521368 -6.988034188034188 2.67973463389965 -2.5488029742628595 -1.9028734533880252 END 
START 13.152820512820513 -12.09982905982906 -8.06017094017094 2.147279218043368 -1.7108403525873987 -0.6983021847295505 END 
START 15.890598290598291 -13.286837606837606 -8.136752136752136 1.9116022306971445 -2.2258382138254422 -0.21821943272798452 END 
START 18.264615384615386 -14.148376068376068 -7.868717948717949 1.675925243350921 -3.587527474048066 -0.183304323491507 END 
START 11.295726495726496 -14.837606837606838 -7.753846153846154 0.12220288232767133 -3.203461272446813 1.1783849367311166 END 
START 7.236923076923077 -13.88034188034188 -9.974700854700854 -0.48881152931068533 -1.6148238021870855 1.1609273821128776 END 
START 5.743589743589744 -12.31042735042735 -12.176410256410257 -0.6546582981839536 -0.6546582981839536 0.6895734074204312 END 
START 5.973333333333334 -8.155897435897437 -11.965811965811966 -0.8030475124389831 0.17457554618238763 0.5673705250927598 END 
START 5.552136752136752 -2.68034188034188 -12.11897435897436 -0.9427079493848932 0.9077928401484157 0.8641489536028187 END 
START 3.790769230769231 1.3593162393162392 -12.846495726495727 -0.8205050670572218 1.1521986048037582 0.8030475124389831 END 
START 1.8570940170940171 2.6420512820512823 -12.884786324786324 -0.45389642007420783 0.8292338443663412 0.24440576465534267 END 
START 0.7083760683760684 2.201709401709402 -11.85094017094017 -0.07855899578207443 0.40152375621949155 -0.296778428510059 END 
START 1.3784615384615384 1.0721367521367522 -10.223589743589743 0.20076187810974577 0.1396604369459101 -0.49754030661980475 END 
START 2.508034188034188 0.09572649572649572 -8.768547008547008 0.22694821003710391 0.06110144116383567 -0.40152375621949155 END 
START 3.4652991452991455 -0.4211965811965812 -7.811282051282051 0.08728777309119382 0.06983021847295505 -0.21821943272798452 END 
START 4.1928205128205125 -0.7083760683760684 -7.677264957264957 -0.04364388654559691 0.10474532770943257 0 END 
