START 3.388717948717949 -2.488888888888889 -8.136752136752136 -0.4102525335286109 0.12220288232767133 -0.6895734074204312 END 
START 3.8290598290598292 -3.9439316239316238 -9.132307692307693 -0.45389642007420783 0.008728777309119381 -0.15711799156414885 END 
START 3.4461538461538463 -3.4461538461538463 -8.9408547008547 -0.28804965120093956 0 0.1309316596367907 END 
START 3.407863247863248 -2.9483760683760685 -8.538803418803418 0 0.09601655040031319 0.20076187810974577 END 
START 3.790769230769231 -2.776068376068376 -8.28991452991453 0.017457554618238762 0.296778428510059 0.22694821003710391 END 
START 3.4844444444444442 -2.5654700854700856 -8.653675213675214 -0.1309316596367907 0.2356769873462233 0.09601655040031319 END 
START 3.7141880341880342 -2.4314529914529914 -8.481367521367522 -0.15711799156414885 0.07855899578207443 -0.034915109236477525 END 
START 3.6376068376068376 -2.4505982905982906 -8.423931623931624 -0.09601655040031319 0 -0.008728777309119381 END 
START 3.388717948717949 -2.393162393162393 -8.07931623931624 -0.008728777309119381 -0.11347410501855196 0.008728777309119381 END 
START 2.8335042735042735 -1.6273504273504273 -6.873162393162393 0 -0.24440576465534267 -0.06983021847295505 END 
START 2.393162393162393 -1.3210256410256411 -6.394529914529914 -0.07855899578207443 -0.27059209658270084 -0.11347410501855196 END 
START 2.756923076923077 -1.4933333333333334 -6.203076923076923 -0.11347410501855196 -0.3229647604374171 0.034915109236477525 END 
START 2.795213675213675 -1.6847863247863248 -6.279658119658119 -0.09601655040031319 -0.5324554158562822 0.20949065541886513 END 
START 3.2355555555555555 -2.2974358974358973 -6.413675213675214 0.008728777309119381 -0.8292338443663412 0.22694821003710391 END 
START 3.082393162393162 -3.3312820512820513 -6.432820512820513 0.07855899578207443 -1.099825940949042 0.24440576465534267 END 
START 3.407863247863248 -5.016068376068376 -6.758290598290598 0.11347410501855196 -1.2918590417496685 0.25313454196446206 END 
START 3.8482051282051284 -7.907008547008547 -7.964444444444444 0.1309316596367907 -1.1085547182581614 0.5586417477836404 END 
START 4.5948717948717945 -9.649230769230769 -9.898119658119658 0.06110144116383567 -0.7855899578207443 0.7943187351298637 END 
START 5.60957264957265 -10.683076923076923 -11.965811965811966 0.20949065541886513 -0.44516764276508847 0.7419460712751474 END 
START 5.743589743589744 -12.444444444444445 -13.708034188034189 0.5324554158562822 0.2356769873462233 0.38406620160125277 END 
START 7.4858119658119655 -17.00102564102564 -13.325128205128205 0.9339791720757737 1.9290597853153832 0.3578798696738946 END 
START 6.988034188034188 -20.006837606837607 -11.1808547008547 1.099825940949042 2.0949065541886513 0.19203310080062638 END 
START 7.256068376068376 -24.142222222222223 -7.4858119658119655 1.0474532770943257 2.5051590877172623 0.052372663854716284 END 
START 8.213333333333333 -28.392478632478632 -2.756923076923077 0.4626251973833272 3.849390793321647 0.7855899578207443 END 
START 4.977777777777778 -29.1582905982906 0.3254700854700855 -0.8292338443663412 5.891924683655582 1.763213016442115 END 
START 1.2061538461538461 -26.477948717948717 2.3165811965811964 -2.2782108776801584 7.463104599297071 1.83304323491507 END 
START 1.2444444444444445 -21.634188034188035 6.069059829059829 -3.94540734372196 8.440727657918442 1.4926209198594143 END 
START 2.278290598290598 -12.329572649572649 11.008547008547009 -5.78717935594615 9.697671590431632 1.8417720122241894 END 
START 2.6994871794871793 3.8864957264957263 15.354529914529914 -6.651328309548968 11.033174518726899 2.059991444952174 END 
START -2.68034188034188 20.696068376068375 21.30871794871795 -6.328363549111551 11.487070938801105 0.40152375621949155 END 
START -2.7377777777777776 35.9357264957265 31.072820512820513 -7.323444162351161 12.525795438586313 -2.609904415426695 END 
START 21.69162393162393 47.23145299145299 47.882393162393164 -7.978102460535115 16.76798121081833 -2.81939507084556 END 
START 15.565128205128206 38.99897435897436 -28.46905982905983 -7.454375821987951 -2.662277079281411 -5.324554158562822 END 
START 6.528547008547009 25.022905982905982 -41.334700854700856 0.04364388654559691 -12.150458014294179 -6.703700973403684 END 
START 5.724444444444444 16.369230769230768 -17.575384615384614 4.730997301542705 -3.3954943732474394 -1.0038093905487289 END 
START 2.7186324786324785 17.70940170940171 -1.2252991452991453 6.275990885256835 -1.0387244997852063 0.8990640628392963 END 
START 3.4652991452991455 19.126153846153848 8.021880341880342 6.3807362129662675 -5.019046952743644 -0.619743188947476 END 
START 5.264957264957265 18.16888888888889 11.487179487179487 5.987941234055896 -7.47183337660619 -1.97270367186098 END 
START 5.628717948717949 17.575384615384614 10.453333333333333 6.040313897910612 -8.17886433864486 -2.7146497431361274 END 
START 3.1015384615384614 18.14974358974359 6.911452991452991 5.909382238273821 -9.077928401484156 -3.9017634571763633 END 
START 3.9439316239316238 17.403076923076924 4.135384615384615 5.499129704745211 -9.950806132396094 -5.490400927436091 END 
START 4.862905982905983 14.12923076923077 2.4697435897435898 5.307096603944584 -9.46199460308541 -6.747344859949282 END 
START 8.74940170940171 9.132307692307693 0.8232478632478633 5.149978612380435 -7.532934817770026 -6.1887031121656415 END 
START 6.547692307692308 -1.0912820512820514 -5.724444444444444 4.6349807511423915 -3.412951927865678 -2.1647367726616067 END 
START 10.166153846153847 -5.724444444444444 -9.764102564102565 4.163626776449945 -2.932869175864112 -1.8854158987697864 END 
START 14.703589743589744 -10.051282051282051 -11.793504273504274 3.797018129466931 -2.6884634112087693 -1.4227907013864591 END 
START 17.537094017094017 -15.00991452991453 -11.104273504273504 3.3169353774653647 -2.993970617027948 -0.733217293966028 END 
START 21.27042735042735 -17.67111111111111 -10.30017094017094 2.6186331927358144 -3.3082066001562453 0.17457554618238763 END 
START 19.413333333333334 -18.456068376068377 -8.96 1.8854158987697864 -3.116173499355619 1.2656727098223102 END 
START 13.133675213675213 -17.613675213675215 -8.347350427350428 1.4489770333138172 -2.81939507084556 1.5449935837141304 END 
START 6.624273504273504 -16.043760683760684 -8.825982905982906 1.3180453736770266 -2.321854764225755 1.1696561594219972 END 
START 2.91008547008547 -14.722735042735042 -9.132307692307693 0.9427079493848932 -1.3442317056043847 1.0125381678578482 END 
START 0.7849572649572649 -11.736068376068376 -9.649230769230769 0.34042231505565584 -0.034915109236477525 1.073639609021684 END 
START -0.19145299145299144 -7.792136752136752 -9.802393162393162 -0.30550720581917834 0.8641489536028187 0.6022856343292373 END 
START 0.28717948717948716 -4.8246153846153845 -10.376752136752136 -0.5586417477836404 1.1347410501855195 0.008728777309119381 END 
START 1.4933333333333334 -1.5507692307692307 -9.63008547008547 -0.28804965120093956 0.7594036258933862 -0.733217293966028 END 
START 2.8335042735042735 -1.6464957264957265 -8.71111111111111 -0.3229647604374171 0.5760993024018791 -0.733217293966028 END 
START 3.982222222222222 -1.5316239316239315 -8.021880341880342 -0.4626251973833272 0.6983021847295505 -0.44516764276508847 END 
START 4.154529914529914 -1.4167521367521367 -8.136752136752136 -0.48008275200156597 0.6808446301113117 -0.11347410501855196 END 
START 3.1398290598290597 -1.2827350427350428 -8.538803418803418 -0.24440576465534267 0.22694821003710391 -0.06110144116383567 END 
START 2.3165811965811964 -1.1678632478632478 -8.691965811965812 -0.06983021847295505 -0.45389642007420783 -0.27059209658270084 END 
START 1.9145299145299146 -1.435897435897436 -8.462222222222222 0.017457554618238762 -0.7855899578207443 -0.296778428510059 END 
