START -0.11487179487179487 9.63008547008547 -4.345982905982906 -0.22694821003710391 0.04364388654559691 0.5586417477836404 END 
START -0.07658119658119658 9.074871794871795 -4.7671794871794875 0.11347410501855196 0.08728777309119382 0.8990640628392963 END 
START -0.7658119658119658 9.744957264957264 -4.288547008547009 0.052372663854716284 -0.1309316596367907 0.7768611805116249 END 
START -1.3784615384615384 9.610940170940172 -3.790769230769231 -0.017457554618238762 -0.2618633192735814 0.34915109236477526 END 
START -2.4697435897435898 9.725811965811966 -3.6567521367521367 -0.10474532770943257 -0.17457554618238763 -0.034915109236477525 END 
START -3.58017094017094 9.898119658119658 -3.9056410256410254 -0.07855899578207443 -0.06983021847295505 -0.296778428510059 END 
START -4.7097435897435895 9.993846153846153 -3.9247863247863246 -0.07855899578207443 -0.04364388654559691 -0.5411841931654017 END 
START -6.04991452991453 10.08957264957265 -3.9439316239316238 -0.06110144116383567 0.034915109236477525 -0.6459295208748342 END 
START -7.4858119658119655 10.72136752136752 -3.6567521367521367 -0.06983021847295505 0.1309316596367907 -0.8554201762936994 END 
START -8.366495726495726 11.142564102564103 -3.3312820512820513 -0.11347410501855196 0.3578798696738946 -1.1521986048037582 END 
START -8.309059829059828 10.95111111111111 -3.1398290598290597 -0.06110144116383567 0.7506748485842668 -1.2569439325131908 END 
START -7.753846153846154 10.683076923076923 -3.0441025641025643 0.052372663854716284 1.2220288232767134 -0.9688942813122513 END 
START -6.605128205128205 10.95111111111111 -3.2547008547008547 0.20949065541886513 1.510078474477653 -0.733217293966028 END 
START -5.092649572649573 10.912820512820513 -3.0441025641025643 0.30550720581917834 1.7544842391329956 -0.6983021847295505 END 
START -3.6376068376068376 10.98940170940171 -3.178119658119658 0.25313454196446206 1.9552461172427413 -0.7768611805116249 END 
START -1.991111111111111 11.2 -3.2164102564102564 0.12220288232767133 2.129821663425129 -1.0649108317125644 END 
START 0.13401709401709402 11.793504273504274 -3.58017094017094 0.026186331927358142 2.2258382138254422 -1.2744014871314298 END 
START 2.5654700854700856 12.387008547008547 -4.097094017094017 0.1396604369459101 2.1210928861160094 -1.4751633652411755 END 
START 4.231111111111111 12.176410256410257 -4.384273504273504 0.3316935377465365 1.8854158987697864 -1.5886374702597275 END 
START 4.843760683760684 11.276581196581196 -4.365128205128205 0.4713539746924466 1.5973662475688468 -1.536264806405011 END 
START 4.8820512820512825 10.415042735042736 -4.02051282051282 0.593556857020118 1.4053331467682204 -1.3616892602226234 END 
START 4.843760683760684 9.610940170940172 -3.8482051282051284 0.5586417477836404 1.2831302644405491 -1.2220288232767134 END 
START 4.996923076923077 8.998290598290598 -3.790769230769231 0.5237266385471628 1.1609273821128776 -1.029995722476087 END 
START 5.016068376068376 8.328205128205129 -3.790769230769231 0.4626251973833272 0.98635183593049 -0.8292338443663412 END 
START 4.748034188034188 7.638974358974359 -3.7524786324786326 0.4626251973833272 0.7943187351298637 -0.5673705250927598 END 
START 3.1206837606837605 5.877606837606837 -2.9483760683760685 0.34915109236477526 0.45389642007420783 -0.3753374242921334 END 
START 2.4697435897435898 4.843760683760684 -2.4697435897435898 0.22694821003710391 0.366608646983014 -0.21821943272798452 END 
START 1.9336752136752138 4.288547008547009 -2.0485470085470086 0.026186331927358142 0.34042231505565584 -0.017457554618238762 END 
START 1.3976068376068376 3.9247863247863246 -1.6847863247863248 -0.1483892142550295 0.296778428510059 0.11347410501855196 END 
START 0.67008547008547 3.675897435897436 -1.0147008547008547 -0.3142359831282977 0.2356769873462233 0.15711799156414885 END 
START -0.057435897435897436 3.388717948717949 -0.5935042735042735 -0.5411841931654017 0.15711799156414885 -0.052372663854716284 END 
START -0.49777777777777776 2.6420512820512823 -0.19145299145299144 -0.8379626216754605 0.06983021847295505 -0.38406620160125277 END 
START -1.0912820512820514 2.3357264957264956 0.22974358974358974 -1.1347410501855195 0.034915109236477525 -0.48881152931068533 END 
START -1.5316239316239315 2.91008547008547 0.49777777777777776 -1.4489770333138172 0.06110144116383567 -0.5237266385471628 END 
START -1.5316239316239315 3.4652991452991455 0.3446153846153846 -1.7457554618238762 0.11347410501855196 -0.5237266385471628 END 
START -1.7230769230769232 4.48 0.7466666666666667 -1.9552461172427413 0.1396604369459101 -0.45389642007420783 END 
START -2.4505982905982906 4.996923076923077 1.2061538461538461 -2.129821663425129 0.06110144116383567 -0.549912970474521 END 
START -3.292991452991453 6.700854700854701 0.5169230769230769 -2.653548301972292 0.34915109236477526 -0.39279497891037213 END 
START -2.91008547008547 8.117606837606838 0.24888888888888888 -2.8455814027729183 0.48008275200156597 -0.183304323491507 END 
START -2.6994871794871793 10.08957264957265 -0.26803418803418805 -2.96778428510059 0.5411841931654017 0.034915109236477525 END 
START -1.8762393162393163 13.095384615384615 -0.918974358974359 -3.0114281716461866 0.6372007435657149 0.1309316596367907 END 
START -0.8998290598290598 15.431111111111111 -1.703931623931624 -2.8979540666276344 0.5062690839289241 -0.12220288232767133 END 
START -0.22974358974358974 17.326495726495725 -2.259145299145299 -2.7146497431361274 0.39279497891037213 -0.28804965120093956 END 
START 0.3063247863247863 18.724102564102566 -2.488888888888889 -2.452786423862546 0.21821943272798452 -0.43643886545596905 END 
START 0.49777777777777776 19.298461538461538 -2.3357264957264956 -2.0774489995704126 -0.026186331927358142 -0.5149978612380435 END 
START 0.47863247863247865 19.43247863247863 -1.7805128205128204 -1.7195691298965181 -0.16584676887326824 -0.593556857020118 END 
START 0.5169230769230769 19.355897435897436 -1.2827350427350428 -1.4315194786955785 -0.22694821003710391 -0.6022856343292373 END 
START 1.0912820512820514 19.164444444444445 -1.0721367521367522 -1.1347410501855195 -0.21821943272798452 -0.5149978612380435 END 
START 2.105982905982906 18.915555555555557 -1.0338461538461539 -0.84669139898458 -0.20076187810974577 -0.38406620160125277 END 
START 4.231111111111111 17.135042735042735 -0.8232478632478633 -0.20949065541886513 -0.34915109236477526 0.06110144116383567 END 
START 4.9394871794871795 16.024615384615384 -0.67008547008547 0 -0.5237266385471628 0.20949065541886513 END 
START 5.552136752136752 14.990769230769232 -0.47863247863247865 0.09601655040031319 -0.7157597393477892 0.3142359831282977 END 
START 6.069059829059829 14.378119658119658 -0.2105982905982906 0.1483892142550295 -0.916521617457535 0.4713539746924466 END 
START 6.203076923076923 13.995213675213675 0.26803418803418805 0.19203310080062638 -1.2482151552040714 0.4713539746924466 END 
START 5.839316239316239 13.344273504273504 0.9955555555555555 0.27059209658270084 -1.623552579496205 0.4102525335286109 END 
START 5.035213675213675 12.501880341880343 1.703931623931624 0.34915109236477526 -1.8941446760789058 0.48881152931068533 END 
START 3.982222222222222 11.716923076923077 2.3165811965811964 0.34915109236477526 -2.0949065541886513 0.5673705250927598 END 
START 2.9292307692307693 10.874529914529914 2.756923076923077 0.3142359831282977 -2.217109436516323 0.7244885166569086 END 
START 1.7996581196581196 10.453333333333333 3.178119658119658 0.21821943272798452 -2.321854764225755 0.7943187351298637 END 
START 0.7849572649572649 10.166153846153847 3.3312820512820513 0.1483892142550295 -2.3916849826987105 0.8554201762936994 END 
START -1.8570940170940171 9.84068376068376 3.7141880341880342 0.12220288232767133 -2.496430310408143 1.0474532770943257 END 
START -3.561025641025641 9.438632478632478 3.6567521367521367 0.034915109236477525 -2.4615152011716654 1.0125381678578482 END 
START -5.456410256410257 9.323760683760684 3.7333333333333334 -0.09601655040031319 -2.313125986916636 0.8903352855301769 END 
START -7.16034188034188 9.323760683760684 3.3504273504273505 -0.2793208738918202 -2.0774489995704126 0.6546582981839536 END 
START -8.347350427350428 9.610940170940172 2.9483760683760685 -0.40152375621949155 -1.8243144576059507 0.4713539746924466 END 
START -9.036581196581196 10.08957264957265 2.508034188034188 -0.40152375621949155 -1.5188072517867723 0.41898131083773027 END 
START -9.228034188034188 10.472478632478632 2.1442735042735044 -0.3578798696738946 -1.099825940949042 0.48008275200156597 END 
START -8.883418803418804 10.606495726495726 1.589059829059829 -0.30550720581917834 -0.6721158528021923 0.5149978612380435 END 
START -7.849572649572649 10.912820512820513 0.9764102564102564 -0.21821943272798452 -0.296778428510059 0.5673705250927598 END 
START -6.490256410256411 11.487179487179487 0.47863247863247865 -0.16584676887326824 0 0.44516764276508847 END 
START -4.8820512820512825 11.831794871794871 -0.13401709401709402 -0.11347410501855196 0.20076187810974577 0.296778428510059 END 
START -3.3312820512820513 12.252991452991452 -0.5552136752136753 0.008728777309119381 0.25313454196446206 0.19203310080062638 END 
START -1.1678632478632478 13.382564102564103 -0.9955555555555555 0.21821943272798452 0.30550720581917834 0.08728777309119382 END 
START -0.28717948717948716 14.224957264957265 -1.2827350427350428 0.28804965120093956 0.28804965120093956 0 END 
START 0.4594871794871795 15.143931623931623 -1.5316239316239315 0.3578798696738946 0.2618633192735814 -0.11347410501855196 END 
START 1.187008547008547 16.101196581196582 -1.6273504273504273 0.49754030661980475 0.22694821003710391 -0.08728777309119382 END 
START 1.7422222222222221 17.05846153846154 -1.6082051282051282 0.6808446301113117 0.16584676887326824 -0.034915109236477525 END 
START 1.8188034188034188 17.70940170940171 -1.455042735042735 0.9514367266940126 0.10474532770943257 0.034915109236477525 END 
START 1.4933333333333334 18.07316239316239 -1.1678632478632478 1.2220288232767134 0.09601655040031319 0.1483892142550295 END 
START 1.2252991452991453 18.322051282051284 -1.0147008547008547 1.466434587932056 0.1396604369459101 0.25313454196446206 END 
START 1.2061538461538461 18.666666666666668 -0.9572649572649573 1.6846540206600407 0.1309316596367907 0.20949065541886513 END 
START 1.4933333333333334 18.972991452991455 -0.918974358974359 1.9290597853153832 0.11347410501855196 0.1396604369459101 END 
START 1.3784615384615384 18.628376068376067 -0.7658119658119658 2.2607533230619197 0 0.017457554618238762 END 
START 0.3829059829059829 16.732991452991453 0.3063247863247863 2.810666293536441 -0.07855899578207443 -0.1309316596367907 END 
START 0.09572649572649572 15.641709401709402 0.4403418803418803 2.9241403985549925 -0.034915109236477525 -0.2618633192735814 END 
START 0.09572649572649572 14.569572649572649 0.6126495726495726 3.1249022766647383 -0.017457554618238762 -0.3316935377465365 END 
START -0.2105982905982906 13.133675213675213 0.9572649572649573 3.2907490455380066 -0.06983021847295505 -0.41898131083773027 END 
START -0.7466666666666667 11.41059829059829 1.6082051282051282 3.3954943732474394 -0.10474532770943257 -0.5237266385471628 END 
START -0.9572649572649573 9.783247863247864 1.8762393162393163 3.343121709392723 -0.017457554618238762 -0.6983021847295505 END 
START -0.9572649572649573 7.734700854700855 2.105982905982906 3.255833936301529 0.1483892142550295 -0.8990640628392963 END 
START -0.7466666666666667 5.130940170940171 1.991111111111111 3.09871594473738 0.3316935377465365 -0.8990640628392963 END 
START -0.40205128205128204 2.508034188034188 1.34017094017094 2.932869175864112 0.40152375621949155 -0.7943187351298637 END 
START 0.1723076923076923 -0.07658119658119658 0.8998290598290598 2.67973463389965 0.3316935377465365 -0.6110144116383567 END 
START 0.3063247863247863 -2.01025641025641 0.7849572649572649 2.1909231045889648 0.3229647604374171 -0.4713539746924466 END 
START 0.6126495726495726 -3.292991452991453 0.4211965811965812 1.5449935837141304 0.4626251973833272 -0.366608646983014 END 
START 1.5124786324786326 -2.890940170940171 -1.2252991452991453 0.3753374242921334 0.6372007435657149 0.09601655040031319 END 
START 2.125128205128205 -1.2444444444444445 -2.488888888888889 0 0.6546582981839536 0.183304323491507 END 
START 2.756923076923077 1.1678632478632478 -3.982222222222222 0.008728777309119381 0.5324554158562822 0.04364388654559691 END 
