START 1.2252991452991453 9.266324786324786 -4.728888888888889 -0.1396604369459101 -0.3142359831282977 0.20949065541886513 END 
START 1.0912820512820514 9.074871794871795 -4.1928205128205125 -0.07855899578207443 -0.39279497891037213 0.19203310080062638 END 
START 0.3829059829059829 8.96 -4.135384615384615 -0.1396604369459101 -0.3229647604374171 0.20076187810974577 END 
START -0.15316239316239316 9.074871794871795 -3.9439316239316238 -0.20076187810974577 -0.21821943272798452 0.1483892142550295 END 
START -0.4403418803418803 9.381196581196582 -3.9247863247863246 -0.24440576465534267 -0.07855899578207443 0.08728777309119382 END 
START -0.7658119658119658 9.744957264957264 -4.058803418803419 -0.21821943272798452 -0.034915109236477525 -0.008728777309119381 END 
START -1.0147008547008547 9.744957264957264 -4.077948717948718 -0.09601655040031319 -0.008728777309119381 -0.034915109236477525 END 
START -1.6656410256410257 9.802393162393162 -3.9056410256410254 -0.052372663854716284 0.034915109236477525 -0.026186331927358142 END 
START -2.393162393162393 10.08957264957265 -3.6184615384615384 -0.09601655040031319 0.1396604369459101 -0.04364388654559691 END 
START -3.178119658119658 10.874529914529914 -3.5418803418803417 -0.15711799156414885 0.30550720581917834 -0.15711799156414885 END 
START -3.5227350427350426 11.276581196581196 -3.561025641025641 -0.1483892142550295 0.4277100881468497 -0.3578798696738946 END 
START -3.695042735042735 11.448888888888888 -3.6376068376068376 -0.052372663854716284 0.5237266385471628 -0.39279497891037213 END 
START -3.7141880341880342 12.061538461538461 -3.3312820512820513 0.1309316596367907 0.8641489536028187 -0.25313454196446206 END 
START -3.407863247863248 12.406153846153845 -3.1015384615384614 0.20949065541886513 1.0823683863308033 -0.5062690839289241 END 
START -3.0441025641025643 12.023247863247864 -2.9292307692307693 0.2356769873462233 1.187113714040236 -0.8292338443663412 END 
START -2.6994871794871793 11.41059829059829 -2.8335042735042735 0.3229647604374171 1.3180453736770266 -0.9601655040031319 END 
START -2.24 10.702222222222222 -2.890940170940171 0.40152375621949155 1.466434587932056 -0.8816065082210575 END 
START -1.2827350427350428 10.357606837606838 -2.8143589743589743 0.4626251973833272 1.6671964660418017 -0.6459295208748342 END 
START -0.11487179487179487 10.491623931623932 -2.890940170940171 0.4626251973833272 1.806856902987712 -0.6022856343292373 END 
START 0.9764102564102564 10.568205128205129 -2.9675213675213676 0.43643886545596905 1.806856902987712 -0.8205050670572218 END 
START 1.9719658119658119 10.166153846153847 -3.2355555555555555 0.4102525335286109 1.7719417937512343 -1.1172834955672808 END 
START 2.5654700854700856 9.228034188034188 -3.388717948717949 0.38406620160125277 1.675925243350921 -1.213300045967594 END 
START 3.158974358974359 8.309059829059828 -3.3695726495726497 0.366608646983014 1.6060950248779662 -0.9514367266940126 END 
START 4.671452991452991 8.845128205128205 -3.427008547008547 0.20949065541886513 1.5449935837141304 -0.40152375621949155 END 
START 5.437264957264957 8.998290598290598 -3.5227350427350426 0.12220288232767133 1.396604369459101 -0.549912970474521 END 
START 5.762735042735042 8.768547008547008 -3.5227350427350426 0.12220288232767133 1.1958424913493553 -0.6895734074204312 END 
START 5.686153846153847 8.04102564102564 -3.4844444444444442 0.10474532770943257 0.98635183593049 -0.7506748485842668 END 
START 5.571282051282052 7.39008547008547 -3.3312820512820513 0.06983021847295505 0.7943187351298637 -0.733217293966028 END 
START 5.322393162393162 6.662564102564103 -3.292991452991453 0 0.6372007435657149 -0.7157597393477892 END 
START 4.728888888888889 5.686153846153847 -3.063247863247863 -0.06983021847295505 0.45389642007420783 -0.7506748485842668 END 
START 3.8864957264957263 4.5948717948717945 -2.661196581196581 -0.19203310080062638 0.296778428510059 -0.6895734074204312 END 
START 3.063247863247863 3.675897435897436 -2.259145299145299 -0.366608646983014 0.20949065541886513 -0.5149978612380435 END 
START 2.3357264957264956 3.5418803418803417 -1.703931623931624 -0.6022856343292373 0.27059209658270084 -0.2793208738918202 END 
START 1.9145299145299146 4.02051282051282 -1.3784615384615384 -0.8641489536028187 0.3578798696738946 -0.2356769873462233 END 
START 1.7230769230769232 4.135384615384615 -1.301880341880342 -1.099825940949042 0.43643886545596905 -0.366608646983014 END 
START 0.8998290598290598 3.2164102564102564 -0.7849572649572649 -1.3180453736770266 0.34042231505565584 -0.19203310080062638 END 
START 0.47863247863247865 3.082393162393162 -0.24888888888888888 -1.483892142550295 0.34042231505565584 0.08728777309119382 END 
START 0.36376068376068377 4.03965811965812 0.07658119658119658 -1.7719417937512343 0.39279497891037213 0.16584676887326824 END 
START 0.28717948717948716 5.0543589743589745 0.3254700854700855 -2.1036353314977707 0.4277100881468497 -0.10474532770943257 END 
START -0.019145299145299145 5.398974358974359 0.5935042735042735 -2.295668432298397 0.30550720581917834 -0.3229647604374171 END 
START -0.49777777777777776 6.337094017094017 1.052991452991453 -2.40041376000783 0.27059209658270084 -0.2356769873462233 END 
START -0.49777777777777776 7.7155555555555555 1.2635897435897436 -2.5749893061902176 0.4102525335286109 -0.11347410501855196 END 
START -0.07658119658119658 9.591794871794871 1.3210256410256411 -2.7495648523726053 0.4626251973833272 -0.034915109236477525 END 
START 0.5743589743589743 12.195555555555556 1.0721367521367522 -2.889225289318515 0.48008275200156597 -0.06983021847295505 END 
START 1.0338461538461539 14.378119658119658 0.9572649572649573 -2.8543101800820376 0.3578798696738946 -0.183304323491507 END 
START 1.1295726495726495 16.08205128205128 0.9955555555555555 -2.67973463389965 0.17457554618238763 -0.2793208738918202 END 
START 1.2444444444444445 17.44136752136752 1.3976068376068376 -2.40041376000783 0 -0.27059209658270084 END 
START 0.7083760683760684 19.26017094017094 2.9483760683760685 -1.8679583441515475 -0.06983021847295505 -0.3578798696738946 END 
START 0.8998290598290598 19.50905982905983 3.3312820512820513 -1.510078474477653 0.034915109236477525 -0.3578798696738946 END 
START 1.3976068376068376 19.336752136752136 3.292991452991453 -1.187113714040236 0.1396604369459101 -0.2793208738918202 END 
START 2.3165811965811964 18.896410256410256 2.776068376068376 -0.8728777309119381 0.24440576465534267 -0.21821943272798452 END 
START 3.5035897435897434 18.436923076923076 2.259145299145299 -0.5586417477836404 0.25313454196446206 -0.11347410501855196 END 
START 4.460854700854701 17.594529914529915 1.8188034188034188 -0.296778428510059 0.1396604369459101 -0.12220288232767133 END 
START 5.073504273504273 16.52239316239316 1.435897435897436 -0.10474532770943257 -0.034915109236477525 -0.17457554618238763 END 
START 5.418119658119658 15.641709401709402 1.2444444444444445 0.06110144116383567 -0.27059209658270084 -0.2356769873462233 END 
START 5.532991452991453 14.741880341880341 1.2444444444444445 0.22694821003710391 -0.5324554158562822 -0.28804965120093956 END 
START 5.437264957264957 13.65059829059829 1.6082051282051282 0.366608646983014 -0.7681324032025055 -0.2618633192735814 END 
START 4.958632478632478 12.693333333333333 1.8188034188034188 0.41898131083773027 -0.9688942813122513 -0.27059209658270084 END 
START 4.097094017094017 10.98940170940171 2.5846153846153848 0.4626251973833272 -1.3355029282952653 -0.22694821003710391 END 
START 3.4652991452991455 10.319316239316239 2.890940170940171 0.45389642007420783 -1.4402482560046979 -0.183304323491507 END 
START 2.986666666666667 9.898119658119658 3.024957264957265 0.4277100881468497 -1.4751633652411755 -0.10474532770943257 END 
START 2.6994871794871793 9.515213675213674 2.795213675213675 0.38406620160125277 -1.5624511383323691 -0.052372663854716284 END 
START 2.5271794871794873 9.228034188034188 2.661196581196581 0.39279497891037213 -1.7282979072056375 0 END 
START 2.125128205128205 8.864273504273504 2.603760683760684 0.366608646983014 -1.8243144576059507 0.052372663854716284 END 
START 1.589059829059829 8.481367521367522 2.508034188034188 0.296778428510059 -1.9116022306971445 0.10474532770943257 END 
START 0.9955555555555555 8.481367521367522 2.4697435897435898 0.20076187810974577 -1.9814324491700996 0.19203310080062638 END 
START 0.40205128205128204 8.481367521367522 2.488888888888889 0.11347410501855196 -2.033805113024816 0.27059209658270084 END 
START -0.3446153846153846 8.423931623931624 2.5271794871794873 0.034915109236477525 -2.0687202222612933 0.34915109236477526 END 
START -1.3593162393162392 8.672820512820513 2.6994871794871793 -0.06110144116383567 -2.0949065541886513 0.41898131083773027 END 
START -2.488888888888889 9.266324786324786 2.795213675213675 -0.15711799156414885 -2.059991444952174 0.4277100881468497 END 
START -4.345982905982906 10.357606837606838 2.9675213675213676 -0.27059209658270084 -1.6410101341144436 0.2793208738918202 END 
START -4.958632478632478 10.836239316239316 2.7186324786324785 -0.27059209658270084 -1.3878755921499817 0.27059209658270084 END 
START -5.303247863247863 11.563760683760684 2.4697435897435898 -0.27059209658270084 -1.1260122728764002 0.1309316596367907 END 
START -5.092649572649573 12.157264957264957 1.8953846153846154 -0.16584676887326824 -0.8728777309119381 0.04364388654559691 END 
START -4.748034188034188 12.712478632478632 1.4933333333333334 -0.034915109236477525 -0.663387075493073 -0.008728777309119381 END 
START -4.345982905982906 13.076239316239317 1.1487179487179486 0.04364388654559691 -0.4277100881468497 -0.052372663854716284 END 
START -3.6567521367521367 14.033504273504274 0.7658119658119658 0.10474532770943257 -0.183304323491507 -0.16584676887326824 END 
START -2.5654700854700856 15.182222222222222 0.2105982905982906 0.17457554618238763 -0.026186331927358142 -0.40152375621949155 END 
START -1.5124786324786326 15.90974358974359 -0.22974358974358974 0.34915109236477526 0.017457554618238762 -0.5324554158562822 END 
START -0.5169230769230769 16.57982905982906 -0.3446153846153846 0.593556857020118 0.052372663854716284 -0.3578798696738946 END 
START 0.13401709401709402 16.943589743589744 -0.3063247863247863 0.916521617457535 0.052372663854716284 -0.1396604369459101 END 
START 0.47863247863247865 16.77128205128205 0.22974358974358974 1.326774150986146 -0.008728777309119381 -0.17457554618238763 END 
START 0.5169230769230769 16.101196581196582 0.3446153846153846 1.4140619240773398 -0.008728777309119381 -0.3229647604374171 END 
START 0.7083760683760684 15.507692307692308 0.49777777777777776 1.5275360290958917 0 -0.28804965120093956 END 
START 0.7466666666666667 15.086495726495727 0.47863247863247865 1.6671964660418017 0.008728777309119381 -0.12220288232767133 END 
START 0.8806837606837606 14.856752136752137 0.49777777777777776 1.8243144576059507 0.008728777309119381 -0.008728777309119381 END 
START 0.8806837606837606 14.35897435897436 0.4211965811965812 1.9377885626245026 -0.026186331927358142 -0.07855899578207443 END 
START 0.918974358974359 13.593162393162393 0.49777777777777776 2.0250763357156965 -0.09601655040031319 -0.1483892142550295 END 
START 0.918974358974359 12.865641025641025 0.4211965811965812 2.11236410880689 -0.10474532770943257 -0.12220288232767133 END 
START 0.8806837606837606 11.716923076923077 0.3829059829059829 2.1647367726616067 -0.12220288232767133 -0.07855899578207443 END 
START 0.650940170940171 10.510769230769231 0.4211965811965812 2.1647367726616067 -0.1483892142550295 -0.06110144116383567 END 
START 0.40205128205128204 9.419487179487179 0.40205128205128204 2.11236410880689 -0.1309316596367907 -0.052372663854716284 END 
START 0.3446153846153846 8.385641025641025 0.19145299145299144 2.042533890333935 -0.06110144116383567 -0.008728777309119381 END 
START 0.11487179487179487 6.317948717948718 -0.07658119658119658 1.8679583441515475 0 0.017457554618238762 END 
START 0.057435897435897436 5.2841025641025645 -0.4594871794871795 1.7195691298965181 0.017457554618238762 0.034915109236477525 END 
START 0 4.326837606837607 -0.9764102564102564 1.5624511383323691 0.06110144116383567 -0.06983021847295505 END 
START 0.1723076923076923 3.3504273504273505 -1.5507692307692307 1.3442317056043847 0.10474532770943257 -0.16584676887326824 END 
START 0.5360683760683761 2.7377777777777776 -2.01025641025641 1.1260122728764002 0.17457554618238763 -0.07855899578207443 END 
START 0.8615384615384616 2.871794871794872 -2.5271794871794873 0.8816065082210575 0.19203310080062638 0.034915109236477525 END 
START 1.0912820512820514 3.1206837606837605 -2.890940170940171 0.6721158528021923 0.183304323491507 -0.017457554618238762 END 
START 1.1487179487179486 3.005811965811966 -3.3695726495726497 0.48881152931068533 0.1309316596367907 -0.11347410501855196 END 
START 0.9764102564102564 3.024957264957265 -3.6567521367521367 0.296778428510059 0.11347410501855196 -0.017457554618238762 END 
START 0.8806837606837606 3.80991452991453 -4.116239316239316 0.06110144116383567 0.25313454196446206 0.21821943272798452 END 
START 0.918974358974359 5.59042735042735 -4.384273504273504 -0.19203310080062638 0.41898131083773027 0.3142359831282977 END 
