START -2.7186324786324785 -1.1487179487179486 -2.3357264957264956 0.5062690839289241 -0.6808446301113117 -0.017457554618238762 END 
START -3.9056410256410254 -1.589059829059829 -2.661196581196581 0.20076187810974577 -0.4277100881468497 -0.48008275200156597 END 
START -4.862905982905983 -1.6273504273504273 -3.024957264957265 0.09601655040031319 -0.27059209658270084 -0.9950806132396095 END 
START -5.245811965811966 -2.125128205128205 -2.4697435897435898 0 0.008728777309119381 -1.073639609021684 END 
START -7.17948717948718 -1.5507692307692307 -1.9528205128205127 -0.5848280797109986 1.099825940949042 -0.7070309620386699 END 
START -7.16034188034188 -1.1487179487179486 -1.6464957264957265 -0.8379626216754605 1.6410101341144436 -0.7768611805116249 END 
START -6.528547008547009 -0.5360683760683761 -0.9955555555555555 -1.1172834955672808 2.0687202222612933 -0.8292338443663412 END 
START -5.724444444444444 0.4594871794871795 -0.3063247863247863 -1.4140619240773398 2.4615152011716654 -0.8728777309119381 END 
START -5.073504273504273 1.5507692307692307 -0.15316239316239316 -1.6410101341144436 2.810666293536441 -0.8990640628392963 END 
START -5.073504273504273 2.603760683760684 0.40205128205128204 -1.8766871214606669 3.0376145035735447 -0.9601655040031319 END 
START -4.901196581196581 4.02051282051282 1.187008547008547 -2.173465549970726 3.325664154774484 -1.0649108317125644 END 
START -3.675897435897436 5.801025641025641 2.0294017094017094 -2.5138878650263816 3.7010015790666175 -1.1434698274946389 END 
START -1.9528205128205127 8.577094017094018 2.5463247863247864 -2.8281238481546795 3.94540734372196 -1.2482151552040714 END 
START 0.28717948717948716 11.812649572649573 2.756923076923077 -3.0376145035735447 4.1374404445225865 -1.3180453736770266 END 
START 2.3548717948717948 14.761025641025642 2.9483760683760685 -3.0288857262644253 4.032695116813154 -1.5013496971685336 END 
START 7.064615384615385 21.232136752136753 3.388717948717949 -2.7495648523726053 3.5002397009568718 -2.1036353314977707 END 
START 8.136752136752136 23.28068376068376 3.2355555555555555 -2.3654986507713525 3.0550720581917834 -2.059991444952174 END 
START 8.309059829059828 24.467692307692307 3.80991452991453 -1.9639748945518607 2.67973463389965 -1.483892142550295 END 
START 9.40034188034188 26.516239316239318 4.03965811965812 -1.579908692950608 2.557531751571979 -0.48881152931068533 END 
START 11.755213675213675 29.483760683760682 4.1928205128205125 -1.0910971636399227 2.5313454196446203 0.6022856343292373 END 
START 13.822905982905983 32.010940170940174 3.8673504273504276 -0.3578798696738946 2.3654986507713525 1.3442317056043847 END 
START 14.607863247863248 32.87247863247863 3.5035897435897434 0.5237266385471628 1.9116022306971445 1.3704180375317427 END 
START 14.684444444444445 31.264273504273504 3.2355555555555555 1.4315194786955785 1.4140619240773398 1.1958424913493553 END 
START 13.956923076923077 28.43076923076923 3.3312820512820513 2.2520245457528003 0.9427079493848932 1.2569439325131908 END 
START 12.616752136752137 24.965470085470084 3.8864957264957263 2.81939507084556 0.5760993024018791 1.5188072517867723 END 
START 10.778803418803419 21.44273504273504 4.326837606837607 3.2383763816832905 0.25313454196446206 1.8155856802968313 END 
START 8.787692307692307 18.14974358974359 4.5948717948717945 3.4740533690295137 -0.026186331927358142 1.8505007895333088 END 
START 5.781880341880342 11.812649572649573 4.862905982905983 3.66608646983014 -0.4277100881468497 1.1696561594219972 END 
START 4.977777777777778 8.691965811965812 5.035213675213675 3.5613411421207077 -0.5586417477836404 0.9688942813122513 END 
START 4.403418803418804 6.375384615384616 4.862905982905983 3.3780368186292007 -0.6284719662565954 0.9950806132396095 END 
START 4.326837606837607 4.116239316239316 4.499145299145299 3.229647604374171 -0.733217293966028 1.029995722476087 END 
START 4.231111111111111 1.8953846153846154 4.001367521367522 2.976513062409709 -0.8205050670572218 1.1521986048037582 END 
START 4.077948717948718 0.22974358974358974 3.3312820512820513 2.705920965827008 -0.916521617457535 1.1260122728764002 END 
START 3.9247863247863246 -1.3976068376068376 2.890940170940171 2.382956205389591 -1.0474532770943257 0.8816065082210575 END 
START 3.9247863247863246 -3.1015384615384614 2.7377777777777776 1.9814324491700996 -1.1085547182581614 0.6808446301113117 END 
START 4.02051282051282 -4.499145299145299 2.393162393162393 1.5624511383323691 -1.056182054403445 0.6895734074204312 END 
START 4.058803418803419 -5.437264957264957 1.8762393162393163 1.099825940949042 -1.0474532770943257 0.733217293966028 END 
START 3.7524786324786326 -5.667008547008547 1.4741880341880342 0.6284719662565954 -1.099825940949042 0.6110144116383567 END 
START 3.427008547008547 -5.839316239316239 1.187008547008547 0.15711799156414885 -1.1958424913493553 0.19203310080062638 END 
START 3.024957264957265 -6.490256410256411 0.9764102564102564 -0.6983021847295505 -1.3180453736770266 -0.06983021847295505 END 
START 2.7186324786324785 -6.394529914529914 1.1678632478632478 -1.1783849367311166 -1.2918590417496685 0.04364388654559691 END 
START 2.5271794871794873 -5.935042735042735 1.2635897435897436 -1.7021115752782794 -1.2220288232767134 0.19203310080062638 END 
START 2.4123076923076923 -4.9394871794871795 1.6273504273504273 -2.199651881898084 -1.1958424913493553 0.15711799156414885 END 
START 2.3165811965811964 -4.269401709401709 2.1634188034188035 -2.705920965827008 -1.2045712686584746 0.008728777309119381 END 
START 2.0294017094017094 -3.5993162393162392 2.8335042735042735 -3.2209188270650517 -1.187113714040236 -0.026186331927358142 END 
START 1.6656410256410257 -2.661196581196581 3.790769230769231 -3.7621030202304535 -1.1434698274946389 0.09601655040031319 END 
START 1.8570940170940171 -0.8041025641025641 4.9394871794871795 -4.364388654559691 -1.0125381678578482 0.4277100881468497 END 
START 2.7377777777777776 2.01025641025641 5.667008547008547 -4.957945511579808 -0.8641489536028187 0.7681324032025055 END 
START 3.3504273504273505 5.303247863247863 5.992478632478632 -5.385655599726658 -0.8903352855301769 1.1347410501855195 END 
START 2.91008547008547 10.434188034188034 6.700854700854701 -5.673705250927598 -1.0910971636399227 1.0387244997852063 END 
START 1.0721367521367522 22.112820512820512 8.634529914529914 -5.734806692091434 -0.98635183593049 -0.593556857020118 END 
START 0.1723076923076923 25.846153846153847 8.175042735042735 -5.193622498926032 -0.84669139898458 -1.0474532770943257 END 
START -0.11487179487179487 28.162735042735044 7.3135042735042735 -4.346931099941452 -0.7768611805116249 -1.056182054403445 END 
START -0.07658119658119658 28.947692307692307 5.82017094017094 -3.360579264010962 -0.6546582981839536 -0.916521617457535 END 
START 0.26803418803418805 28.18188034188034 4.384273504273504 -2.426600091935188 -0.45389642007420783 -0.8641489536028187 END 
START 0.8806837606837606 26.114188034188036 2.9675213675213676 -1.623552579496205 -0.21821943272798452 -0.8903352855301769 END 
START 1.7805128205128204 23.567863247863247 2.0485470085470086 -0.98635183593049 -0.034915109236477525 -0.8030475124389831 END 
START 2.756923076923077 21.05982905982906 1.4933333333333334 -0.5324554158562822 0.09601655040031319 -0.5411841931654017 END 
START 3.7716239316239317 19.06871794871795 0.9381196581196581 -0.1483892142550295 0.11347410501855196 -0.22694821003710391 END 
START 4.173675213675214 18.80068376068376 -0.28717948717948716 0.296778428510059 -0.22694821003710391 -0.5586417477836404 END 