START -1.455042735042735 0.3254700854700855 -3.9056410256410254 -0.026186331927358142 -0.5149978612380435 -0.008728777309119381 END 
START -2.01025641025641 -0.3254700854700855 -4.03965811965812 -0.017457554618238762 -0.6546582981839536 -0.07855899578207443 END 
START -2.5271794871794873 -0.8615384615384616 -2.9675213675213676 -0.19203310080062638 -0.34042231505565584 0.2356769873462233 END 
START -3.1398290598290597 -0.4594871794871795 -3.082393162393162 -0.8990640628392963 0.7157597393477892 0.3316935377465365 END 
START -2.890940170940171 -0.15316239316239316 -3.024957264957265 -1.073639609021684 0.9950806132396095 0.07855899578207443 END 
START -2.8335042735042735 0.11487179487179487 -2.890940170940171 -1.1260122728764002 1.073639609021684 -0.017457554618238762 END 
START -2.9675213675213676 0.5169230769230769 -2.0485470085470086 -1.1958424913493553 1.1434698274946389 0 END 
START -3.082393162393162 1.187008547008547 -1.4933333333333334 -1.396604369459101 1.4315194786955785 0.034915109236477525 END 
START -3.3312820512820513 2.125128205128205 -1.301880341880342 -1.6584676887326824 1.69338279796916 -0.3142359831282977 END 
START -3.7524786324786326 2.5463247863247864 -0.4594871794871795 -1.8941446760789058 1.8592295668424281 -0.9514367266940126 END 
START -4.231111111111111 2.6420512820512823 0.7658119658119658 -2.11236410880689 2.0774489995704126 -1.213300045967594 END 
START -4.154529914529914 3.1015384615384614 1.6273504273504273 -2.3916849826987105 2.3916849826987105 -1.029995722476087 END 
START -3.8482051282051284 4.575726495726496 2.5654700854700856 -2.6710058565905306 2.81939507084556 -0.7244885166569086 END 
START -3.6567521367521367 6.509401709401709 3.5227350427350426 -2.8717677347002764 3.116173499355619 -0.8554201762936994 END 
START 0.11487179487179487 11.161709401709402 4.4225641025641025 -3.1947324951376936 3.5176972555751105 -1.2744014871314298 END 
START 1.301880341880342 12.942222222222222 4.518290598290598 -3.1336310539738577 3.3343929320836034 -1.5013496971685336 END 
START 2.2974358974358973 14.512136752136753 4.977777777777778 -3.1074447220464996 3.2121900497559324 -1.4227907013864591 END 
START 4.996923076923077 18.283760683760683 5.226666666666667 -3.09871594473738 3.299477822847126 -1.1260122728764002 END 
START 7.562393162393162 22.265982905982906 4.901196581196581 -2.8804965120093957 3.072529612810022 -1.3005878190587878 END 
START 9.802393162393162 25.08034188034188 4.862905982905983 -2.3916849826987105 2.653548301972292 -1.3704180375317427 END 
START 11.42974358974359 27.664957264957266 4.5948717948717945 -1.9028734533880252 2.3305835415348746 -0.9077928401484157 END 
START 12.846495726495727 30.421880341880343 4.058803418803419 -1.3093165963679072 2.129821663425129 -0.19203310080062638 END 
START 14.32068376068376 33.08307692307692 3.7716239316239317 -0.6022856343292373 1.946517339933622 0.48881152931068533 END 
START 14.895042735042734 34.748717948717946 2.871794871794872 0.24440576465534267 1.579908692950608 0.7768611805116249 END 
START 14.32068376068376 34.76786324786325 2.0676923076923077 1.1521986048037582 1.1085547182581614 0.5586417477836404 END 
START 13.363418803418803 32.66188034188034 2.1634188034188035 2.033805113024816 0.663387075493073 0.4713539746924466 END 
START 10.644786324786324 25.482393162393162 3.0441025641025643 3.3343929320836034 0.07855899578207443 1.2831302644405491 END 
START 9.017435897435897 21.78735042735043 3.6184615384615384 3.770831797539573 -0.25313454196446206 1.1172834955672808 END 
START 7.236923076923077 17.747692307692308 4.097094017094017 3.9890512302675574 -0.549912970474521 0.5848280797109986 END 
START 5.437264957264957 13.66974358974359 4.6523076923076925 4.08506778066787 -0.8554201762936994 0.11347410501855196 END 
START 3.561025641025641 9.84068376068376 5.245811965811966 4.050152671431393 -0.9950806132396095 0.017457554618238762 END 
START 2.01025641025641 6.700854700854701 5.456410256410257 3.8406620160125278 -0.9688942813122513 0.20076187810974577 END 
START 1.0338461538461539 3.80991452991453 5.226666666666667 3.5176972555751105 -0.8641489536028187 0.3753374242921334 END 
START 0.8806837606837606 0.8998290598290598 4.4225641025641025 3.089987167428261 -0.7157597393477892 0.6459295208748342 END 
START 0.9572649572649573 -0.9764102564102564 3.5227350427350426 2.609904415426695 -0.663387075493073 1.029995722476087 END 
START 1.187008547008547 -1.6847863247863248 2.8143589743589743 2.1821943272798454 -0.6983021847295505 1.1696561594219972 END 
START 1.4167521367521367 -2.374017094017094 2.3357264957264956 1.763213016442115 -0.733217293966028 1.0910971636399227 END 
START 1.5699145299145298 -3.063247863247863 1.8953846153846154 1.3704180375317427 -0.6459295208748342 1.056182054403445 END 
START 2.24 -4.154529914529914 0.7275213675213675 0.5237266385471628 -0.4626251973833272 0.5324554158562822 END 
START 3.1015384615384614 -4.633162393162393 0.40205128205128204 0.12220288232767133 -0.40152375621949155 0.28804965120093956 END 
START 3.6567521367521367 -4.633162393162393 -0.15316239316239316 -0.20949065541886513 -0.45389642007420783 0.2356769873462233 END 
START 3.7716239316239317 -4.384273504273504 -0.3063247863247863 -0.4713539746924466 -0.549912970474521 0.15711799156414885 END 
START 3.7333333333333334 -4.1928205128205125 -0.19145299145299144 -0.7943187351298637 -0.549912970474521 0.008728777309119381 END 
START 3.9247863247863246 -4.058803418803419 -0.2105982905982906 -1.1783849367311166 -0.5237266385471628 -0.19203310080062638 END 
START 4.288547008547009 -3.9439316239316238 -0.11487179487179487 -1.5188072517867723 -0.5411841931654017 -0.2793208738918202 END 
START 4.5948717948717945 -3.6376068376068376 0.09572649572649572 -1.8679583441515475 -0.6022856343292373 -0.27059209658270084 END 
START 4.8246153846153845 -3.1206837606837605 0.3829059829059829 -2.243295768443681 -0.6895734074204312 -0.16584676887326824 END 
START 4.7097435897435895 -2.259145299145299 1.052991452991453 -2.6273619700449338 -0.8117762897481025 -0.1483892142550295 END 
START 4.671452991452991 -1.1104273504273505 2.125128205128205 -3.046343280882664 -0.8728777309119381 -0.2356769873462233 END 
START 3.4844444444444442 1.0912820512820514 4.556581196581196 -3.797018129466931 -1.1958424913493553 -0.45389642007420783 END 
START 2.508034188034188 2.2974358974358973 5.686153846153847 -4.1985418856864225 -1.4053331467682204 -0.28804965120093956 END 
START 1.1678632478632478 4.384273504273504 6.700854700854701 -4.6960821923062275 -1.4926209198594143 0.1483892142550295 END 
START 0 8.96 7.849572649572649 -5.237266385471629 -1.4577058106229366 0.49754030661980475 END 
START -0.7658119658119658 16.52239316239316 8.9791452991453 -5.472943372817852 -1.3878755921499817 0.30550720581917834 END 
START -1.3976068376068376 24.41025641025641 9.342905982905982 -5.097605948525719 -1.4053331467682204 -0.296778428510059 END 
START -2.4505982905982906 29.407179487179487 8.845128205128205 -4.22472821761378 -1.4053331467682204 -0.916521617457535 END 
START -3.7141880341880342 30.555897435897435 7.3709401709401705 -3.151088608592097 -1.2918590417496685 -1.3005878190587878 END 
START -4.173675213675214 29.54119658119658 6.011623931623932 -2.2258382138254422 -0.9339791720757737 -1.3005878190587878 END 
START -3.4652991452991455 28.335042735042734 4.441709401709402 -1.5188072517867723 -0.49754030661980475 -1.056182054403445 END 
START -1.8762393162393163 26.765128205128207 2.8526495726495726 -0.8990640628392963 -0.20076187810974577 -0.8728777309119381 END 
START -0.19145299145299144 24.582564102564103 1.6464957264957265 -0.2618633192735814 -0.034915109236477525 -0.6546582981839536 END 
