START -0.9764102564102564 -0.09572649572649572 -3.9056410256410254 0.3142359831282977 -0.49754030661980475 0 END 
START -1.8762393162393163 -0.11487179487179487 -3.005811965811966 0.1483892142550295 -0.44516764276508847 -0.34042231505565584 END 
START -2.5654700854700856 -0.4211965811965812 -2.661196581196581 -0.17457554618238763 -0.06110144116383567 -0.593556857020118 END 
START -2.795213675213675 -0.40205128205128204 -2.986666666666667 -0.5237266385471628 0.43643886545596905 -0.619743188947476 END 
START -2.890940170940171 -0.2105982905982906 -3.3695726495726497 -0.6459295208748342 0.7070309620386699 -0.6895734074204312 END 
START -3.082393162393162 -0.15316239316239316 -3.197264957264957 -0.6721158528021923 0.7943187351298637 -0.7244885166569086 END 
START -3.388717948717949 -0.28717948717948716 -2.3165811965811964 -0.7419460712751474 1.0212669451669676 -0.5149978612380435 END 
START -4.1928205128205125 1.7996581196581196 -1.1295726495726495 -1.1434698274946389 1.8243144576059507 -0.3578798696738946 END 
START -4.097094017094017 2.8526495726495726 -0.6892307692307692 -1.3704180375317427 2.129821663425129 -0.8030475124389831 END 
START -4.173675213675214 4.3076923076923075 -0.03829059829059829 -1.536264806405011 2.4178713146260686 -1.213300045967594 END 
START -3.7524786324786326 5.37982905982906 0.5935042735042735 -1.69338279796916 2.7757511842999634 -1.3791468148408623 END 
START -2.8335042735042735 6.643418803418803 1.2252991452991453 -1.8679583441515475 3.116173499355619 -1.213300045967594 END 
START -1.4741880341880342 8.653675213675214 1.5699145299145298 -1.990161226479219 3.3693080413200813 -0.9427079493848932 END 
START 0.5360683760683761 11.046837606837606 1.6847863247863248 -2.042533890333935 3.5002397009568718 -1.213300045967594 END 
START 2.5846153846153848 12.272136752136753 1.703931623931624 -2.1036353314977707 3.4653245917203943 -1.7282979072056375 END 
START 4.116239316239316 13.22940170940171 1.8570940170940171 -2.2083806592072035 3.4042231505565588 -1.9814324491700996 END 
START 6.72 14.875897435897436 2.5463247863247864 -2.2782108776801584 3.456595814411275 -1.579908692950608 END 
START 9.285470085470086 17.49880341880342 2.91008547008547 -2.2520245457528003 3.299477822847126 -0.9950806132396095 END 
START 12.501880341880343 20.86837606837607 2.8526495726495726 -2.0774489995704126 3.1249022766647383 -0.6721158528021923 END 
START 16.101196581196582 25.042051282051283 2.105982905982906 -1.2045712686584746 2.2782108776801584 -0.5760993024018791 END 
START 17.383931623931623 26.554529914529915 1.8188034188034188 -0.6459295208748342 1.9988900037883384 0.1309316596367907 END 
START 18.628376068376067 27.971282051282053 1.3976068376068376 0 1.7282979072056375 0.8554201762936994 END 
START 19.24102564102564 28.545641025641025 0.5935042735042735 0.6808446301113117 1.2831302644405491 1.1958424913493553 END 
START 18.972991452991455 27.703247863247864 0.15316239316239316 1.3878755921499817 0.6895734074204312 1.1696561594219972 END 
START 17.69025641025641 25.55897435897436 0.24888888888888888 2.0774489995704126 0.11347410501855196 1.2307576005858327 END 
START 15.411965811965812 23.07008547008547 0.8232478632478633 2.653548301972292 -0.34042231505565584 1.3616892602226234 END 
START 12.884786324786324 20.38974358974359 1.6847863247863248 3.0288857262644253 -0.6459295208748342 1.3704180375317427 END 
START 10.568205128205129 17.67111111111111 2.4314529914529914 3.273291490919768 -0.8379626216754605 1.239486377894952 END 
START 8.806837606837608 14.722735042735042 2.8335042735042735 3.351850486701842 -1.029995722476087 1.0823683863308033 END 
START 7.045470085470085 12.195555555555556 3.312136752136752 3.3954943732474394 -1.2307576005858327 0.9077928401484157 END 
START 5.475555555555555 9.783247863247864 3.7333333333333334 3.412951927865678 -1.3616892602226234 0.6372007435657149 END 
START 2.8526495726495726 4.748034188034188 4.097094017094017 3.142359831282977 -1.239486377894952 0.1483892142550295 END 
START 2.3357264957264956 2.488888888888889 3.675897435897436 2.889225289318515 -1.1085547182581614 0.12220288232767133 END 
START 2.259145299145299 0.5743589743589743 3.024957264957265 2.5924468608084563 -1.0212669451669676 0.27059209658270084 END 
START 2.2974358974358973 -0.8998290598290598 2.4123076923076923 2.3305835415348746 -0.9427079493848932 0.5324554158562822 END 
START 2.278290598290598 -2.0676923076923077 1.837948717948718 1.990161226479219 -0.8816065082210575 0.5848280797109986 END 
START 2.3357264957264956 -3.178119658119658 1.3593162393162392 1.6060950248779662 -0.8030475124389831 0.366608646983014 END 
START 2.508034188034188 -4.269401709401709 0.9955555555555555 1.187113714040236 -0.7244885166569086 0.22694821003710391 END 
START 2.6994871794871793 -5.111794871794872 0.4403418803418803 0.7594036258933862 -0.6459295208748342 0.20949065541886513 END 
START 2.7377777777777776 -5.647863247863248 0.09572649572649572 0.4102525335286109 -0.6546582981839536 0.22694821003710391 END 
START 2.508034188034188 -6.069059829059829 0 0.052372663854716284 -0.6284719662565954 0.21821943272798452 END 
START 2.393162393162393 -6.432820512820513 -0.019145299145299145 -0.3578798696738946 -0.5586417477836404 0.052372663854716284 END 
START 2.220854700854701 -6.662564102564103 0.09572649572649572 -1.3616892602226234 -0.366608646983014 0.026186331927358142 END 
START 2.3357264957264956 -6.260512820512821 0.19145299145299144 -1.8592295668424281 -0.30550720581917834 0.06983021847295505 END 
START 2.756923076923077 -5.552136752136752 0.5360683760683761 -2.2869396549892778 -0.296778428510059 0.11347410501855196 END 
START 3.063247863247863 -4.633162393162393 1.2061538461538461 -2.7495648523726053 -0.25313454196446206 0.1309316596367907 END 
START 3.178119658119658 -3.312136752136752 1.8570940170940171 -3.203461272446813 -0.22694821003710391 0.10474532770943257 END 
START 3.005811965811966 -2.0485470085470086 2.6994871794871793 -3.613713805975424 -0.2793208738918202 0.08728777309119382 END 
START 2.890940170940171 -0.5743589743589743 3.7141880341880342 -4.041423894122273 -0.24440576465534267 0.3316935377465365 END 
START 3.024957264957265 1.589059829059829 4.499145299145299 -4.530235423432959 -0.16584676887326824 0.9339791720757737 END 
START 3.197264957264957 5.322393162393162 4.5948717948717945 -4.896844070415973 -0.034915109236477525 1.649738911423563 END 
START 3.695042735042735 10.893675213675214 5.016068376068376 -5.167436166998674 0.06110144116383567 1.5886374702597275 END 
START 5.303247863247863 17.05846153846154 5.954188034188034 -5.307096603944584 0.20949065541886513 0.9601655040031319 END 
START 7.504957264957265 23.204102564102563 6.126495726495726 -5.115063503143958 0.296778428510059 0.34042231505565584 END 
START 6.988034188034188 29.062564102564103 3.790769230769231 -3.3693080413200813 -0.3753374242921334 -0.40152375621949155 END 
START 5.801025641025641 28.315897435897437 2.9483760683760685 -2.4440576465534267 -0.41898131083773027 -0.7855899578207443 END 
START 6.069059829059829 26.573675213675212 2.220854700854701 -1.7457554618238762 -0.20076187810974577 -0.8728777309119381 END 
START 7.0837606837606835 24.42940170940171 0.9572649572649573 -1.1260122728764002 -0.008728777309119381 -0.6546582981839536 END 
START 7.907008547008547 21.940512820512822 0.019145299145299145 -0.5062690839289241 0 -0.30550720581917834 END 
START 8.309059829059828 19.375042735042737 -0.49777777777777776 -0.06110144116383567 -0.09601655040031319 -0.026186331927358142 END 
