START 1.8762393162393163 1.5316239316239315 -6.911452991452991 -0.4277100881468497 -0.619743188947476 0.183304323491507 END 
START 1.4933333333333334 1.4933333333333334 -7.1986324786324785 -0.6372007435657149 -0.3753374242921334 0.30550720581917834 END 
START 0.8423931623931624 1.5316239316239315 -6.892307692307693 -0.8816065082210575 -0.2356769873462233 0.366608646983014 END 
START 0.13401709401709402 1.8953846153846154 -6.222222222222222 -1.0474532770943257 -0.17457554618238763 0.2618633192735814 END 
START -1.4167521367521367 2.7186324786324785 -5.130940170940171 -1.1434698274946389 0.10474532770943257 0.008728777309119381 END 
START -1.7996581196581196 3.197264957264957 -4.6523076923076925 -1.1347410501855195 0.4277100881468497 0.20076187810974577 END 
START -2.1825641025641027 3.982222222222222 -4.575726495726496 -1.1609273821128776 0.7070309620386699 0.3316935377465365 END 
START -2.5463247863247864 4.996923076923077 -4.326837606837607 -1.0387244997852063 0.8728777309119381 0.19203310080062638 END 
START -2.8143589743589743 5.628717948717949 -3.8482051282051284 -0.9339791720757737 0.9514367266940126 -0.052372663854716284 END 
START -2.756923076923077 5.724444444444444 -3.6376068376068376 -0.8030475124389831 1.239486377894952 -0.21821943272798452 END 
START -3.063247863247863 5.762735042735042 -3.3695726495726497 -0.7419460712751474 1.5711799156414885 -0.28804965120093956 END 
START -3.2355555555555555 5.647863247863248 -2.9675213675213676 -0.7681324032025055 1.9028734533880252 -0.2793208738918202 END 
START -3.024957264957265 5.398974358974359 -2.68034188034188 -0.7681324032025055 2.2345669911345616 -0.1309316596367907 END 
START -2.91008547008547 5.456410256410257 -2.0294017094017094 -0.7506748485842668 2.5138878650263816 -0.017457554618238762 END 
START -2.756923076923077 5.264957264957265 -1.4933333333333334 -0.7419460712751474 2.836852625463799 -0.008728777309119381 END 
START -2.3357264957264956 5.36068376068376 -0.3829059829059829 -0.8205050670572218 3.229647604374171 -0.08728777309119382 END 
START -0.11487179487179487 6.356239316239316 0.918974358974359 -1.056182054403445 3.980322452958438 -0.07855899578207443 END 
START 0.49777777777777776 6.94974358974359 1.9528205128205127 -1.029995722476087 4.146169221831706 -0.2793208738918202 END 
START 1.455042735042735 7.6006837606837605 2.91008547008547 -1.1347410501855195 4.277100881468497 -0.6546582981839536 END 
START 3.5227350427350426 8.04102564102564 3.1206837606837605 -1.3093165963679072 4.547692978051198 -0.7681324032025055 END 
START 6.145641025641026 9.457777777777778 2.795213675213675 -1.3704180375317427 4.713539746924466 -0.6459295208748342 END 
START 9.285470085470086 11.448888888888888 2.603760683760684 -1.2744014871314298 4.582608087287675 -0.7244885166569086 END 
START 11.563760683760684 12.980512820512821 2.2974358974358973 -1.1521986048037582 4.172355553759064 -1.1783849367311166 END 
START 12.96136752136752 13.612307692307692 2.259145299145299 -0.9776230586213707 3.570069919429827 -1.7195691298965181 END 
START 13.708034188034189 13.344273504273504 2.661196581196581 -0.8379626216754605 3.1685461632103356 -1.8505007895333088 END 
START 14.665299145299146 13.018803418803419 3.158974358974359 -0.6983021847295505 2.915411621245873 -1.579908692950608 END 
START 15.90974358974359 13.037948717948717 3.273846153846154 -0.619743188947476 2.705920965827008 -1.1172834955672808 END 
START 17.288205128205128 13.918632478632478 3.2164102564102564 -0.5586417477836404 2.4440576465534267 -0.8903352855301769 END 
START 20.0834188034188 13.956923076923077 2.8335042735042735 -0.38406620160125277 1.510078474477653 -1.0387244997852063 END 
START 20.83008547008547 13.4591452991453 2.5846153846153848 -0.20076187810974577 1.0212669451669676 -0.7419460712751474 END 
START 21.117264957264958 12.73162393162393 2.4697435897435898 0 0.48881152931068533 -0.38406620160125277 END 
START 20.925811965811967 11.697777777777778 2.259145299145299 0.15711799156414885 -0.008728777309119381 0 END 
START 20.121709401709403 10.817094017094018 2.2974358974358973 0.22694821003710391 -0.549912970474521 0.10474532770943257 END 
START 18.972991452991455 9.898119658119658 2.3357264957264956 0.16584676887326824 -1.029995722476087 -0.026186331927358142 END 
START 17.70940170940171 8.902564102564103 2.4505982905982906 0.06983021847295505 -1.5275360290958917 -0.12220288232767133 END 
START 16.177777777777777 8.194188034188034 2.661196581196581 0.034915109236477525 -2.042533890333935 0 END 
START 14.378119658119658 8.04102564102564 3.1398290598290597 0.026186331927358142 -2.522616642335501 0.10474532770943257 END 
START 12.367863247863248 8.098461538461539 3.7333333333333334 -0.008728777309119381 -2.8717677347002764 0.10474532770943257 END 
START 10.395897435897435 8.098461538461539 4.326837606837607 -0.06983021847295505 -3.089987167428261 -0.017457554618238762 END 
START 8.825982905982906 7.868717948717949 4.575726495726496 -0.1483892142550295 -3.1860037178285743 -0.1309316596367907 END 
START 7.39008547008547 7.504957264957265 4.575726495726496 -0.19203310080062638 -3.2209188270650517 -0.1396604369459101 END 
START 6.183931623931624 7.064615384615385 4.556581196581196 -0.24440576465534267 -3.2383763816832905 -0.10474532770943257 END 
START 5.15008547008547 6.451965811965812 4.4225641025641025 -0.28804965120093956 -3.2209188270650517 -0.008728777309119381 END 
START 4.1928205128205125 5.973333333333334 4.288547008547009 -0.34042231505565584 -3.1947324951376936 0.07855899578207443 END 
START 3.2164102564102564 5.532991452991453 4.097094017094017 -0.4626251973833272 -3.116173499355619 0.07855899578207443 END 
START 2.4697435897435898 5.111794871794872 3.9056410256410254 -0.6284719662565954 -3.0026993943370672 0.017457554618238762 END 
START 1.9528205128205127 4.862905982905983 3.58017094017094 -0.8030475124389831 -2.889225289318515 -0.04364388654559691 END 
START 1.3784615384615384 4.862905982905983 3.312136752136752 -0.9427079493848932 -2.8019375162273215 -0.11347410501855196 END 
START 0.9381196581196581 4.690598290598291 3.082393162393162 -1.0823683863308033 -2.7146497431361274 -0.16584676887326824 END 
START 0.6317948717948718 4.499145299145299 2.68034188034188 -1.2220288232767134 -2.583718083499337 -0.1396604369459101 END 
START 0.3063247863247863 4.518290598290598 2.1634188034188035 -1.4053331467682204 -2.5138878650263816 -0.11347410501855196 END 
START -0.22974358974358974 4.7671794871794875 1.7996581196581196 -1.6584676887326824 -2.478972755789904 -0.1309316596367907 END 
START -1.435897435897436 6.298803418803419 1.1295726495726495 -1.9552461172427413 -2.269482100371039 0.19203310080062638 END 
START -2.1825641025641027 7.868717948717949 0.8041025641025641 -2.1036353314977707 -2.1210928861160094 0.183304323491507 END 
START -2.7186324786324785 9.63008547008547 0.5360683760683761 -2.2520245457528003 -1.8592295668424281 -0.11347410501855196 END 
START -2.8526495726495726 11.506324786324786 0.07658119658119658 -2.3305835415348746 -1.5711799156414885 -0.48881152931068533 END 
START -2.795213675213675 13.267692307692307 -0.4594871794871795 -2.2607533230619197 -1.3616892602226234 -0.6284719662565954 END 
START -2.795213675213675 14.990769230769232 -0.9381196581196581 -1.9988900037883384 -1.1521986048037582 -0.28804965120093956 END 
START -2.8143589743589743 17.30735042735043 -1.3976068376068376 -1.6148238021870855 -0.8205050670572218 0.10474532770943257 END 
START -2.8143589743589743 19.355897435897436 -2.0676923076923077 -1.239486377894952 -0.43643886545596905 0.034915109236477525 END 
START -2.5654700854700856 20.79179487179487 -2.6994871794871793 -0.8728777309119381 -0.10474532770943257 -0.3229647604374171 END 
START -1.6273504273504273 21.27042735042735 -3.5035897435897434 -0.4277100881468497 0.22694821003710391 -0.6372007435657149 END 
START -0.49777777777777776 21.00239316239316 -4.518290598290598 0.052372663854716284 0.38406620160125277 -0.7419460712751474 END 
START 0.47863247863247865 20.753504273504273 -4.958632478632478 0.5324554158562822 0.38406620160125277 -0.6721158528021923 END 
START 1.7230769230769232 20.274871794871796 -4.7097435897435895 1.2656727098223102 0.48008275200156597 -0.5848280797109986 END 
START 2.086837606837607 19.71965811965812 -4.1928205128205125 1.623552579496205 0.5149978612380435 -0.5760993024018791 END 
START 2.3165811965811964 18.99213675213675 -3.790769230769231 1.946517339933622 0.5411841931654017 -0.6022856343292373 END 
START 2.6994871794871793 18.034871794871794 -3.2355555555555555 2.1821943272798454 0.549912970474521 -0.5673705250927598 END 
START 2.9292307692307693 17.192478632478633 -2.8526495726495726 2.426600091935188 0.5760993024018791 -0.41898131083773027 END 
START 3.082393162393162 16.043760683760684 -2.374017094017094 2.6011756381175757 0.549912970474521 -0.2793208738918202 END 
START 3.005811965811966 15.086495726495727 -1.7805128205128204 2.7495648523726053 0.5848280797109986 -0.06983021847295505 END 
START 2.8335042735042735 14.55042735042735 -1.4741880341880342 2.8455814027729183 0.6284719662565954 0 END 
START 2.8526495726495726 14.033504273504274 -1.1487179487179486 2.863038957391157 0.6546582981839536 -0.183304323491507 END 
START 3.3312820512820513 12.827350427350428 -0.7849572649572649 2.863038957391157 0.7070309620386699 -0.2618633192735814 END 
START 3.7141880341880342 11.812649572649573 -0.6892307692307692 2.863038957391157 0.7768611805116249 -0.12220288232767133 END 
START 3.982222222222222 10.95111111111111 -0.6317948717948718 2.8455814027729183 0.7419460712751474 0.008728777309119381 END 
START 4.116239316239316 9.85982905982906 -0.7849572649572649 2.81939507084556 0.6022856343292373 0.1483892142550295 END 
START 4.365128205128205 8.902564102564103 -0.49777777777777776 2.8019375162273215 0.593556857020118 0.19203310080062638 END 
START 4.441709401709402 8.155897435897437 -0.5935042735042735 2.8019375162273215 0.6372007435657149 0.3316935377465365 END 
START 4.690598290598291 7.4858119658119655 -0.8041025641025641 2.767022406990844 0.593556857020118 0.3316935377465365 END 
START 5.035213675213675 6.643418803418803 -0.9381196581196581 2.6884634112087693 0.5149978612380435 0.20076187810974577 END 
START 5.245811965811966 5.628717948717949 -1.2635897435897436 2.636090747354053 0.4102525335286109 0.034915109236477525 END 
START 5.303247863247863 4.345982905982906 -1.703931623931624 2.5662605288810982 0.25313454196446206 -0.10474532770943257 END 
START 5.303247863247863 2.8335042735042735 -2.01025641025641 2.4178713146260686 0.16584676887326824 -0.15711799156414885 END 
START 5.245811965811966 1.5124786324786326 -2.086837606837607 2.1909231045889648 0.12220288232767133 -0.1396604369459101 END 
START 4.958632478632478 0.19145299145299144 -2.0485470085470086 1.8592295668424281 0.27059209658270084 -0.06110144116383567 END 
START 4.671452991452991 -0.6317948717948718 -2.622905982905983 1.536264806405011 0.45389642007420783 -0.12220288232767133 END 
