START 1.2252991452991453 9.457777777777778 -3.8864957264957263 -0.5586417477836404 -0.48881152931068533 0.22694821003710391 END 
START 0.8041025641025641 9.342905982905982 -3.80991452991453 -0.619743188947476 -0.41898131083773027 0.21821943272798452 END 
START 0.3829059829059829 9.476923076923077 -3.8673504273504276 -0.6546582981839536 -0.39279497891037213 0.22694821003710391 END 
START -0.26803418803418805 9.898119658119658 -3.7524786324786326 -0.5586417477836404 -0.40152375621949155 0.20076187810974577 END 
START -1.0147008547008547 10.242735042735042 -3.407863247863248 -0.45389642007420783 -0.43643886545596905 0.11347410501855196 END 
START -2.105982905982906 10.644786324786324 -2.986666666666667 -0.3578798696738946 -0.43643886545596905 0.06983021847295505 END 
START -3.2355555555555555 11.295726495726496 -2.776068376068376 -0.27059209658270084 -0.24440576465534267 0.034915109236477525 END 
START -4.173675213675214 12.252991452991452 -2.91008547008547 -0.20076187810974577 -0.008728777309119381 -0.183304323491507 END 
START -4.786324786324786 12.76991452991453 -3.024957264957265 -0.04364388654559691 0.15711799156414885 -0.5062690839289241 END 
START -5.111794871794872 12.846495726495727 -2.776068376068376 0.1309316596367907 0.3578798696738946 -0.6895734074204312 END 
START -5.303247863247863 12.96136752136752 -2.6420512820512823 0.27059209658270084 0.6284719662565954 -0.7244885166569086 END 
START -5.322393162393162 13.076239316239317 -2.3357264957264956 0.3578798696738946 0.9077928401484157 -0.8641489536028187 END 
START -4.862905982905983 12.08068376068376 -2.259145299145299 0.40152375621949155 1.579908692950608 -1.1347410501855195 END 
START -4.173675213675214 11.736068376068376 -2.201709401709402 0.44516764276508847 1.7806705710603539 -1.1172834955672808 END 
START -3.6376068376068376 12.042393162393163 -2.0676923076923077 0.43643886545596905 2.016347558406577 -1.073639609021684 END 
START -2.795213675213675 12.176410256410257 -1.9145299145299146 0.4102525335286109 2.199651881898084 -1.4227907013864591 END 
START -1.703931623931624 11.716923076923077 -1.991111111111111 0.3753374242921334 2.426600091935188 -1.5449935837141304 END 
START -0.5169230769230769 11.085128205128205 -2.1825641025641027 0.4102525335286109 2.583718083499337 -1.4751633652411755 END 
START 0.5360683760683761 10.434188034188034 -2.1442735042735044 0.45389642007420783 2.6186331927358144 -1.2569439325131908 END 
START 1.4741880341880342 10.281025641025641 -2.1442735042735044 0.44516764276508847 2.636090747354053 -1.1260122728764002 END 
START 2.4697435897435898 10.185299145299146 -2.259145299145299 0.34042231505565584 2.5138878650263816 -1.3093165963679072 END 
START 3.561025641025641 9.85982905982906 -2.393162393162393 0.28804965120093956 2.356769873462233 -1.3878755921499817 END 
START 4.384273504273504 9.438632478632478 -2.488888888888889 0.3142359831282977 2.2520245457528003 -1.099825940949042 END 
START 5.475555555555555 9.113162393162392 -2.603760683760684 0.366608646983014 1.8592295668424281 -0.6546582981839536 END 
START 6.011623931623932 8.634529914529914 -2.5271794871794873 0.25313454196446206 1.6322813568053243 -0.7070309620386699 END 
START 6.260512820512821 8.27076923076923 -2.661196581196581 0.183304323491507 1.4402482560046979 -0.6110144116383567 END 
START 6.337094017094017 7.7729914529914526 -2.68034188034188 0.1483892142550295 1.213300045967594 -0.4102525335286109 END 
START 6.107350427350427 7.39008547008547 -2.4697435897435898 0.15711799156414885 0.9950806132396095 -0.16584676887326824 END 
START 5.494700854700855 7.141196581196581 -2.1825641025641027 0.052372663854716284 0.7943187351298637 -0.183304323491507 END 
START 5.1692307692307695 6.547692307692308 -1.9528205128205127 -0.08728777309119382 0.619743188947476 -0.2793208738918202 END 
START 4.8246153846153845 6.183931623931624 -1.837948717948718 -0.17457554618238763 0.4713539746924466 -0.16584676887326824 END 
START 4.326837606837607 5.877606837606837 -1.6273504273504273 -0.2356769873462233 0.296778428510059 -0.1396604369459101 END 
START 3.6567521367521367 5.341538461538462 -1.2635897435897436 -0.40152375621949155 0.16584676887326824 -0.22694821003710391 END 
START 2.986666666666667 4.614017094017094 -0.9764102564102564 -0.5673705250927598 0.10474532770943257 -0.24440576465534267 END 
START 2.4505982905982906 4.48 -0.8423931623931624 -0.7768611805116249 0.09601655040031319 -0.2618633192735814 END 
START 1.4741880341880342 4.4225641025641025 -0.28717948717948716 -1.0474532770943257 0.034915109236477525 -0.3316935377465365 END 
START 1.052991452991453 4.403418803418804 -0.09572649572649572 -1.2220288232767134 0 -0.38406620160125277 END 
START 0.6317948717948718 4.345982905982906 -0.15316239316239316 -1.4315194786955785 0.04364388654559691 -0.24440576465534267 END 
START 0.28717948717948716 5.322393162393162 -0.28717948717948716 -1.6322813568053243 0.1396604369459101 0 END 
START 0.19145299145299144 6.643418803418803 -0.36376068376068377 -1.675925243350921 0.17457554618238763 0.08728777309119382 END 
START 0.11487179487179487 7.792136752136752 -0.2105982905982906 -1.6671964660418017 0.1309316596367907 0.026186331927358142 END 
START -0.3254700854700855 8.74940170940171 -0.019145299145299145 -1.9028734533880252 -0.026186331927358142 -0.296778428510059 END 
START -0.6317948717948718 9.534358974358975 -0.19145299145299144 -2.1821943272798454 -0.11347410501855196 -0.663387075493073 END 
START -0.6126495726495726 10.568205128205129 -0.24888888888888888 -2.2607533230619197 -0.034915109236477525 -0.5149978612380435 END 
START -0.4594871794871795 11.831794871794871 -0.09572649572649572 -2.199651881898084 0.008728777309119381 -0.22694821003710391 END 
START -0.26803418803418805 13.21025641025641 0.07658119658119658 -1.9988900037883384 -0.008728777309119381 0.1396604369459101 END 
START -0.4403418803418803 15.373675213675213 0.4403418803418803 -1.8417720122241894 -0.034915109236477525 0.11347410501855196 END 
START 0.6317948717948718 17.00102564102564 0.7083760683760684 -1.9290597853153832 -0.10474532770943257 -0.7419460712751474 END 
START 1.34017094017094 17.728547008547007 0.6317948717948718 -1.5886374702597275 -0.052372663854716284 -0.366608646983014 END 
START 2.0485470085470086 18.322051282051284 0.7083760683760684 -1.1347410501855195 -0.034915109236477525 0.04364388654559691 END 
START 2.8335042735042735 18.743247863247863 0.67008547008547 -0.7070309620386699 0 0.25313454196446206 END 
START 3.675897435897436 18.685811965811965 0.7849572649572649 -0.549912970474521 -0.08728777309119382 0.04364388654559691 END 
START 4.135384615384615 17.862564102564104 0.8041025641025641 -0.43643886545596905 -0.27059209658270084 -0.2618633192735814 END 
START 4.518290598290598 16.656410256410258 0.8998290598290598 -0.22694821003710391 -0.4102525335286109 -0.24440576465534267 END 
START 4.575726495726496 15.737435897435898 0.9955555555555555 0 -0.549912970474521 -0.017457554618238762 END 
START 4.556581196581196 14.761025641025642 0.9955555555555555 0.22694821003710391 -0.6983021847295505 0.09601655040031319 END 
START 4.48 13.861196581196582 1.0147008547008547 0.3229647604374171 -0.916521617457535 0.026186331927358142 END 
START 4.460854700854701 12.96136752136752 0.9764102564102564 0.3578798696738946 -1.1521986048037582 -0.026186331927358142 END 
START 4.154529914529914 11.2 1.301880341880342 0.4713539746924466 -1.5624511383323691 0.1483892142550295 END 
START 3.6376068376068376 10.52991452991453 1.589059829059829 0.5324554158562822 -1.7370266845147568 0.296778428510059 END 
START 3.1206837606837605 9.993846153846153 1.837948717948718 0.49754030661980475 -1.9028734533880252 0.34042231505565584 END 
START 2.6994871794871793 9.687521367521368 2.0294017094017094 0.41898131083773027 -2.033805113024816 0.27059209658270084 END 
START 2.4505982905982906 9.266324786324786 2.2974358974358973 0.27059209658270084 -2.1210928861160094 0.22694821003710391 END 
START 2.220854700854701 8.96 2.259145299145299 0.20076187810974577 -2.1821943272798454 0.3578798696738946 END 
START 2.01025641025641 8.902564102564103 2.1442735042735044 0.1396604369459101 -2.243295768443681 0.5062690839289241 END 
START 1.7805128205128204 8.883418803418804 2.105982905982906 0.06983021847295505 -2.3305835415348746 0.6022856343292373 END 
START 1.301880341880342 8.96 2.1825641025641027 -0.017457554618238762 -2.40041376000783 0.619743188947476 END 
START 0.6892307692307692 8.883418803418804 2.1634188034188035 -0.16584676887326824 -2.4353288692443074 0.5673705250927598 END 
START 0.15316239316239316 8.825982905982906 2.086837606837607 -0.2793208738918202 -2.470243978480785 0.5760993024018791 END 
START -0.7275213675213675 9.132307692307693 2.1825641025641027 -0.39279497891037213 -2.5051590877172623 0.5673705250927598 END 
START -3.2164102564102564 10.108717948717949 2.661196581196581 -0.5237266385471628 -2.4877015330990235 0.3578798696738946 END 
START -4.499145299145299 10.644786324786324 2.8335042735042735 -0.5411841931654017 -2.295668432298397 0.296778428510059 END 
START -5.418119658119658 11.123418803418803 2.756923076923077 -0.5324554158562822 -1.9552461172427413 0.2356769873462233 END 
START -5.858461538461539 11.563760683760684 2.374017094017094 -0.4713539746924466 -1.579908692950608 0.24440576465534267 END 
START -6.088205128205129 12.233846153846153 1.9145299145299146 -0.34915109236477526 -1.2744014871314298 0.16584676887326824 END 
START -5.896752136752137 12.693333333333333 1.455042735042735 -0.2793208738918202 -0.9427079493848932 -0.008728777309119381 END 
START -5.303247863247863 13.114529914529914 0.8615384615384616 -0.22694821003710391 -0.5760993024018791 -0.07855899578207443 END 
START -4.5948717948717945 13.918632478632478 0.09572649572649572 -0.1396604369459101 -0.24440576465534267 -0.06983021847295505 END 
START -3.4461538461538463 14.761025641025642 -0.650940170940171 0.04364388654559691 -0.017457554618238762 -0.06983021847295505 END 
START -2.259145299145299 15.794871794871796 -1.052991452991453 0.27059209658270084 0.16584676887326824 0.034915109236477525 END 
START -1.2252991452991453 16.57982905982906 -1.4167521367521367 0.5149978612380435 0.3142359831282977 0.09601655040031319 END 
START -0.3254700854700855 17.42222222222222 -1.4741880341880342 0.7594036258933862 0.34042231505565584 0.052372663854716284 END 
START 0.4403418803418803 17.651965811965812 -1.34017094017094 0.9601655040031319 0.3142359831282977 -0.17457554618238763 END 
START 1.1104273504273505 17.288205128205128 -1.2061538461538461 1.187113714040236 0.3316935377465365 -0.1396604369459101 END 
START 1.6464957264957265 17.03931623931624 -1.1104273504273505 1.4926209198594143 0.34915109236477526 0.06983021847295505 END 
START 1.8570940170940171 16.675555555555555 -0.918974358974359 1.7195691298965181 0.3229647604374171 0.16584676887326824 END 
START 1.9145299145299146 16.15863247863248 -0.6317948717948718 1.8417720122241894 0.2618633192735814 -0.008728777309119381 END 
START 2.259145299145299 15.316239316239317 -0.5743589743589743 1.9116022306971445 0.2356769873462233 -0.1396604369459101 END 
START 2.508034188034188 14.646153846153846 -0.5169230769230769 2.033805113024816 0.21821943272798452 -0.08728777309119382 END 
START 2.5654700854700856 13.861196581196582 -0.47863247863247865 2.1560079953524873 0.1309316596367907 -0.08728777309119382 END 
START 2.393162393162393 12.846495726495727 -0.40205128205128204 2.2607533230619197 0.04364388654559691 -0.06983021847295505 END 
START 2.1442735042735044 12.004102564102563 -0.3446153846153846 2.295668432298397 -0.026186331927358142 -0.1309316596367907 END 
START 1.9336752136752138 11.104273504273504 -0.3063247863247863 2.2869396549892778 -0.09601655040031319 -0.22694821003710391 END 
START 1.589059829059829 10.127863247863248 -0.1723076923076923 2.2782108776801584 -0.10474532770943257 -0.19203310080062638 END 
START 0.6892307692307692 8.672820512820513 -0.11487179487179487 2.2345669911345616 -0.09601655040031319 -0.1309316596367907 END 
START 0.3829059829059829 7.8304273504273505 -0.3829059829059829 2.1821943272798454 -0.06983021847295505 -0.25313454196446206 END 
START 0.19145299145299144 6.854017094017094 -0.7275213675213675 2.11236410880689 -0.06983021847295505 -0.3578798696738946 END 
START -0.019145299145299145 5.705299145299145 -0.9764102564102564 2.0250763357156965 -0.026186331927358142 -0.366608646983014 END 
START -0.24888888888888888 4.614017094017094 -1.2444444444444445 1.9028734533880252 0.04364388654559691 -0.296778428510059 END 
START -0.36376068376068377 3.5227350427350426 -1.5699145299145298 1.675925243350921 0.1396604369459101 -0.2793208738918202 END 
START -0.5360683760683761 2.5463247863247864 -1.837948717948718 1.352960482913504 0.2356769873462233 -0.3229647604374171 END 
START -0.7658119658119658 1.6464957264957265 -2.1825641025641027 1.0125381678578482 0.34042231505565584 -0.34915109236477526 END 
START -0.9381196581196581 0.8806837606837606 -2.5463247863247864 0.8816065082210575 0.45389642007420783 -0.3229647604374171 END 
