START 0.5743589743589743 9.457777777777778 -4.7097435897435895 -0.296778428510059 -0.34042231505565584 0.30550720581917834 END 
START -0.09572649572649572 9.572649572649572 -4.5374358974358975 -0.2356769873462233 -0.366608646983014 0.19203310080062638 END 
START -1.0147008547008547 9.572649572649572 -4.365128205128205 -0.21821943272798452 -0.3142359831282977 -0.008728777309119381 END 
START -2.5463247863247864 9.496068376068376 -4.077948717948718 -0.16584676887326824 -0.1396604369459101 -0.183304323491507 END 
START -3.1398290598290597 10.08957264957265 -3.5993162393162392 -0.15711799156414885 0.017457554618238762 -0.10474532770943257 END 
START -3.4844444444444442 11.238290598290599 -3.6567521367521367 -0.183304323491507 0.20076187810974577 -0.1483892142550295 END 
START -3.58017094017094 11.831794871794871 -3.8482051282051284 -0.12220288232767133 0.3753374242921334 -0.366608646983014 END 
START -3.5227350427350426 11.64034188034188 -3.6376068376068376 -0.034915109236477525 0.593556857020118 -0.4626251973833272 END 
START -3.561025641025641 11.448888888888888 -3.4844444444444442 0.026186331927358142 0.7594036258933862 -0.3753374242921334 END 
START -3.427008547008547 11.755213675213675 -3.58017094017094 0.15711799156414885 0.8816065082210575 -0.296778428510059 END 
START -3.2164102564102564 12.09982905982906 -3.3504273504273505 0.2356769873462233 0.9427079493848932 -0.45389642007420783 END 
START -3.024957264957265 12.023247863247864 -2.9483760683760685 0.30550720581917834 1.0474532770943257 -0.7244885166569086 END 
START -3.005811965811966 11.353162393162393 -2.6420512820512823 0.3316935377465365 1.187113714040236 -0.9252503947666544 END 
START -2.488888888888889 10.644786324786324 -2.278290598290598 0.34915109236477526 1.4577058106229366 -0.8379626216754605 END 
START -1.8953846153846154 10.702222222222222 -2.220854700854701 0.38406620160125277 1.675925243350921 -0.6284719662565954 END 
START -0.4403418803418803 11.2 -2.1825641025641027 0.41898131083773027 1.8505007895333088 -0.9077928401484157 END 
START 0.28717948717948716 10.970256410256411 -2.0294017094017094 0.4102525335286109 1.9377885626245026 -1.1521986048037582 END 
START 1.0721367521367522 10.281025641025641 -1.7996581196581196 0.38406620160125277 2.0076187810974577 -1.1958424913493553 END 
START 2.01025641025641 10.281025641025641 -1.8188034188034188 0.39279497891037213 2.147279218043368 -1.0038093905487289 END 
START 3.427008547008547 10.797948717948717 -2.1825641025641027 0.366608646983014 2.173465549970726 -1.1696561594219972 END 
START 4.7097435897435895 10.434188034188034 -2.5463247863247864 0.34915109236477526 2.042533890333935 -1.5275360290958917 END 
START 5.647863247863248 9.323760683760684 -2.8335042735042735 0.3229647604374171 1.8941446760789058 -1.6060950248779662 END 
START 6.203076923076923 8.28991452991453 -3.312136752136752 0.30550720581917834 1.7195691298965181 -1.3093165963679072 END 
START 6.873162393162393 7.868717948717949 -3.407863247863248 0.2356769873462233 1.5886374702597275 -0.7506748485842668 END 
START 7.466666666666667 8.27076923076923 -3.695042735042735 0.1309316596367907 1.4315194786955785 -0.4102525335286109 END 
START 7.983589743589744 8.462222222222222 -3.8864957264957263 0.052372663854716284 1.1521986048037582 -0.39279497891037213 END 
START 7.811282051282051 7.753846153846154 -3.8482051282051284 0.026186331927358142 0.549912970474521 -0.5411841931654017 END 
START 7.045470085470085 6.585982905982906 -3.5418803418803417 0.026186331927358142 0.30550720581917834 -0.34042231505565584 END 
START 6.030769230769231 6.183931623931624 -3.1398290598290597 -0.052372663854716284 0.16584676887326824 -0.1309316596367907 END 
START 5.245811965811966 5.705299145299145 -2.5463247863247864 -0.17457554618238763 0.06983021847295505 -0.1483892142550295 END 
START 4.326837606837607 5.1692307692307695 -2.1825641025641027 -0.34915109236477526 0.017457554618238762 -0.15711799156414885 END 
START 3.6567521367521367 4.805470085470086 -1.7613675213675213 -0.5149978612380435 -0.017457554618238762 -0.24440576465534267 END 
START 3.0441025641025643 4.441709401709402 -1.6464957264957265 -0.6546582981839536 -0.08728777309119382 -0.3229647604374171 END 
START 2.393162393162393 3.8290598290598292 -1.589059829059829 -0.7681324032025055 -0.20949065541886513 -0.3142359831282977 END 
START 1.301880341880342 3.3504273504273505 -1.301880341880342 -0.9601655040031319 -0.27059209658270084 -0.22694821003710391 END 
START 0.28717948717948716 3.273846153846154 -0.6317948717948718 -1.213300045967594 -0.2356769873462233 -0.20076187810974577 END 
START -0.47863247863247865 3.197264957264957 -0.019145299145299145 -1.4751633652411755 -0.16584676887326824 -0.15711799156414885 END 
START -1.0721367521367522 3.5418803418803417 0.40205128205128204 -1.7282979072056375 -0.06983021847295505 -0.017457554618238762 END 
START -1.3593162393162392 5.092649572649573 0.67008547008547 -2.1909231045889648 0.2618633192735814 0.296778428510059 END 
START -1.0912820512820514 6.471111111111111 0.8806837606837606 -2.40041376000783 0.4102525335286109 0.4277100881468497 END 
START -0.8615384615384616 8.462222222222222 0.8806837606837606 -2.5924468608084563 0.4626251973833272 0.2793208738918202 END 
START -0.49777777777777776 10.032136752136752 0.918974358974359 -2.6971921885178887 0.41898131083773027 -0.07855899578207443 END 
START -0.3446153846153846 10.874529914529914 0.7849572649572649 -2.767022406990844 0.366608646983014 -0.21821943272798452 END 
START -0.13401709401709402 12.157264957264957 0.6892307692307692 -2.793208738918202 0.34915109236477526 -0.12220288232767133 END 
START 0.5935042735042735 14.263247863247864 1.0338461538461539 -2.767022406990844 0.3578798696738946 0.008728777309119381 END 
START 1.34017094017094 16.77128205128205 1.5699145299145298 -2.662277079281411 0.25313454196446206 -0.11347410501855196 END 
START 1.9145299145299146 18.513504273504275 1.8953846153846154 -2.426600091935188 0.19203310080062638 -0.4102525335286109 END 
START 2.6420512820512823 19.336752136752136 1.7613675213675213 -2.0774489995704126 0.12220288232767133 -0.5411841931654017 END 
START 3.3312820512820513 19.70051282051282 1.703931623931624 -1.6410101341144436 0.034915109236477525 -0.45389642007420783 END 
START 4.996923076923077 20.255726495726496 1.6847863247863248 -0.9252503947666544 -0.017457554618238762 -0.16584676887326824 END 
START 5.724444444444444 19.91111111111111 1.4741880341880342 -0.48881152931068533 -0.16584676887326824 -0.19203310080062638 END 
START 5.896752136752137 18.78153846153846 1.2252991452991453 -0.21821943272798452 -0.3578798696738946 -0.40152375621949155 END 
START 5.762735042735042 17.537094017094017 1.2061538461538461 -0.06983021847295505 -0.549912970474521 -0.5411841931654017 END 
START 5.647863247863248 16.445811965811966 1.2635897435897436 0.08728777309119382 -0.6983021847295505 -0.5411841931654017 END 
START 5.571282051282052 15.545982905982905 1.4933333333333334 0.30550720581917834 -0.8292338443663412 -0.4277100881468497 END 
START 5.245811965811966 14.569572649572649 1.6656410256410257 0.549912970474521 -1.0038093905487289 -0.3316935377465365 END 
START 4.8820512820512825 13.554871794871795 1.9145299145299146 0.7070309620386699 -1.2482151552040714 -0.38406620160125277 END 
START 4.4225641025641025 11.984957264957265 2.259145299145299 0.8292338443663412 -1.466434587932056 -0.45389642007420783 END 
START 3.7333333333333334 10.52991452991453 2.5654700854700856 0.8554201762936994 -1.579908692950608 -0.3753374242921334 END 
START 2.986666666666667 9.496068376068376 2.7186324786324785 0.7855899578207443 -1.6410101341144436 -0.20076187810974577 END 
START 2.393162393162393 8.806837606837608 2.8143589743589743 0.663387075493073 -1.6671964660418017 -0.06983021847295505 END 
START 1.6273504273504273 8.07931623931624 2.91008547008547 0.48008275200156597 -1.7981281256785926 -0.017457554618238762 END 
START 1.1678632478632478 7.7729914529914526 2.986666666666667 0.44516764276508847 -1.8679583441515475 0.06983021847295505 END 
START 0.8232478632478633 7.351794871794872 3.063247863247863 0.3316935377465365 -1.8592295668424281 0.15711799156414885 END 
START 0.40205128205128204 6.911452991452991 2.776068376068376 0.17457554618238763 -1.8417720122241894 0.3142359831282977 END 
START -0.11487179487179487 6.854017094017094 2.6420512820512823 -0.008728777309119381 -1.8592295668424281 0.43643886545596905 END 
START -0.40205128205128204 7.141196581196581 2.3548717948717948 -0.15711799156414885 -1.8679583441515475 0.5062690839289241 END 
START -0.6892307692307692 7.581538461538462 2.3165811965811964 -0.25313454196446206 -1.8941446760789058 0.6022856343292373 END 
START -1.2252991452991453 8.175042735042735 2.2974358974358973 -0.34042231505565584 -1.9028734533880252 0.6459295208748342 END 
START -1.6464957264957265 8.845128205128205 2.3357264957264956 -0.4713539746924466 -1.8155856802968313 0.6546582981839536 END 
START -2.125128205128205 9.936410256410257 2.1825641025641027 -0.549912970474521 -1.7021115752782794 0.6372007435657149 END 
START -2.508034188034188 11.257435897435897 2.0294017094017094 -0.5760993024018791 -1.579908692950608 0.48008275200156597 END 
START -2.8526495726495726 12.521025641025641 1.8188034188034188 -0.5848280797109986 -1.4751633652411755 0.296778428510059 END 
START -3.6376068376068376 15.660854700854701 1.34017094017094 -0.41898131083773027 -1.1783849367311166 0.026186331927358142 END 
START -3.8482051282051284 16.80957264957265 1.2061538461538461 -0.20076187810974577 -0.916521617457535 -0.008728777309119381 END 
START -3.9247863247863246 17.9008547008547 1.187008547008547 0.052372663854716284 -0.6459295208748342 -0.04364388654559691 END 
START -3.58017094017094 18.685811965811965 1.0338461538461539 0.34915109236477526 -0.38406620160125277 -0.08728777309119382 END 
START -2.986666666666667 19.04957264957265 0.7466666666666667 0.6721158528021923 -0.17457554618238763 -0.1309316596367907 END 
START -2.3357264957264956 18.877264957264956 0.4594871794871795 1.0125381678578482 0 -0.15711799156414885 END 
START -1.7805128205128204 18.207179487179488 0.3063247863247863 1.3180453736770266 0.1483892142550295 -0.15711799156414885 END 
START -1.187008547008547 17.42222222222222 0.2105982905982906 1.5449935837141304 0.2618633192735814 -0.16584676887326824 END 
START -0.47863247863247865 16.52239316239316 0.22974358974358974 1.7544842391329956 0.30550720581917834 -0.19203310080062638 END 
START 0.15316239316239316 15.622564102564102 0.13401709401709402 1.97270367186098 0.366608646983014 -0.017457554618238762 END 
START 0.6126495726495726 15.201367521367521 0 2.1560079953524873 0.366608646983014 0.10474532770943257 END 
START 1.1678632478632478 13.88034188034188 0 2.295668432298397 0.27059209658270084 -0.1396604369459101 END 
START 1.5124786324786326 13.095384615384615 -0.019145299145299145 2.3305835415348746 0.24440576465534267 -0.2356769873462233 END 
START 1.703931623931624 12.138119658119658 0 2.40041376000783 0.20076187810974577 -0.17457554618238763 END 
START 1.7613675213675213 11.64034188034188 -0.03829059829059829 2.4178713146260686 0.16584676887326824 -0.20076187810974577 END 
START 1.9145299145299146 10.740512820512821 -0.2105982905982906 2.4353288692443074 0.04364388654559691 -0.40152375621949155 END 
START 1.7805128205128204 9.304615384615385 -0.22974358974358974 2.452786423862546 -0.06983021847295505 -0.49754030661980475 END 
START 1.4933333333333334 7.849572649572649 -0.11487179487179487 2.3916849826987105 -0.07855899578207443 -0.48008275200156597 END 
START 1.2252991452991453 6.279658119658119 -0.1723076923076923 2.2607533230619197 -0.06110144116383567 -0.40152375621949155 END 
START 1.052991452991453 4.805470085470086 -0.4211965811965812 2.086177776879532 -0.052372663854716284 -0.3578798696738946 END 
START 0.9955555555555555 3.292991452991453 -0.7849572649572649 1.8592295668424281 -0.07855899578207443 -0.39279497891037213 END 
START 0.9381196581196581 1.9719658119658119 -0.9955555555555555 1.5711799156414885 -0.10474532770943257 -0.39279497891037213 END 
START 0.8998290598290598 1.0721367521367522 -1.3210256410256411 1.2918590417496685 -0.06983021847295505 -0.2618633192735814 END 
START 0.67008547008547 0.3446153846153846 -1.9719658119658119 0.7506748485842668 0.008728777309119381 0 END 
START 0.5552136752136753 0.47863247863247865 -2.393162393162393 0.4626251973833272 0.06110144116383567 0.11347410501855196 END 
START 0.67008547008547 1.2061538461538461 -3.178119658119658 0.12220288232767133 0.17457554618238763 0.10474532770943257 END 
START 1.1295726495726495 2.622905982905983 -4.4225641025641025 -0.16584676887326824 0.296778428510059 0.12220288232767133 END 
START 1.7422222222222221 4.269401709401709 -5.59042735042735 -0.2793208738918202 0.3142359831282977 0.183304323491507 END 
