START 1.3593162393162392 9.496068376068376 -4.03965811965812 -0.2618633192735814 -0.3753374242921334 0.27059209658270084 END 
START 0.918974358974359 9.247179487179487 -3.6376068376068376 -0.183304323491507 -0.549912970474521 0.24440576465534267 END 
START 0.13401709401709402 9.132307692307693 -3.5227350427350426 -0.21821943272798452 -0.5062690839289241 0.28804965120093956 END 
START -0.5169230769230769 9.266324786324786 -3.388717948717949 -0.28804965120093956 -0.45389642007420783 0.15711799156414885 END 
START -1.0721367521367522 9.438632478632478 -3.312136752136752 -0.296778428510059 -0.43643886545596905 0.1396604369459101 END 
START -2.0294017094017094 9.687521367521368 -3.2547008547008547 -0.3229647604374171 -0.34915109236477526 0.11347410501855196 END 
START -2.890940170940171 10.223589743589743 -3.1398290598290597 -0.28804965120093956 -0.25313454196446206 0.008728777309119381 END 
START -3.5418803418803417 10.587350427350428 -3.0441025641025643 -0.21821943272798452 -0.08728777309119382 0 END 
START -4.154529914529914 11.104273504273504 -2.9483760683760685 -0.1483892142550295 0.12220288232767133 -0.052372663854716284 END 
START -4.460854700854701 11.334017094017094 -3.1015384615384614 -0.06983021847295505 0.34915109236477526 -0.20949065541886513 END 
START -4.4225641025641025 11.506324786324786 -3.3695726495726497 -0.008728777309119381 0.5324554158562822 -0.3316935377465365 END 
START -4.154529914529914 12.329572649572649 -3.407863247863248 0.1483892142550295 0.8205050670572218 -0.5848280797109986 END 
START -3.8482051282051284 12.616752136752137 -3.2355555555555555 0.20949065541886513 0.9688942813122513 -0.8379626216754605 END 
START -3.4461538461538463 12.195555555555556 -3.1206837606837605 0.27059209658270084 1.1521986048037582 -1.0038093905487289 END 
START -3.1206837606837605 11.582905982905983 -2.9483760683760685 0.30550720581917834 1.3355029282952653 -0.9950806132396095 END 
START -2.8143589743589743 11.41059829059829 -2.603760683760684 0.3316935377465365 1.483892142550295 -0.9514367266940126 END 
START -2.488888888888889 11.831794871794871 -2.5271794871794873 0.30550720581917834 1.6584676887326824 -1.1347410501855195 END 
START -1.6464957264957265 11.65948717948718 -2.603760683760684 0.25313454196446206 1.763213016442115 -1.4926209198594143 END 
START -0.8041025641025641 10.52991452991453 -2.5846153846153848 0.28804965120093956 1.83304323491507 -1.3878755921499817 END 
START -0.3829059829059829 10.012991452991454 -2.4123076923076923 0.34042231505565584 1.9203310080062639 -1.0474532770943257 END 
START 0.3446153846153846 9.706666666666667 -2.259145299145299 0.3142359831282977 1.97270367186098 -0.916521617457535 END 
START 1.1487179487179486 9.668376068376068 -2.4505982905982906 0.296778428510059 1.990161226479219 -0.84669139898458 END 
START 1.8570940170940171 9.687521367521368 -2.5463247863247864 0.2793208738918202 1.9116022306971445 -0.9950806132396095 END 
START 3.0441025641025643 8.73025641025641 -2.5654700854700856 0.16584676887326824 1.7544842391329956 -0.7855899578207443 END 
START 3.5993162393162392 9.151452991452992 -2.6420512820512823 0.09601655040031319 1.7108403525873987 -0.619743188947476 END 
START 4.077948717948718 9.534358974358975 -2.756923076923077 0.052372663854716284 1.5886374702597275 -0.6372007435657149 END 
START 4.25025641025641 9.534358974358975 -2.871794871794872 0.04364388654559691 1.4315194786955785 -0.7244885166569086 END 
START 4.614017094017094 9.189743589743589 -3.1206837606837605 0.034915109236477525 1.2569439325131908 -0.7157597393477892 END 
START 4.8820512820512825 8.806837606837608 -3.427008547008547 0.052372663854716284 1.0910971636399227 -0.5411841931654017 END 
START 4.901196581196581 8.806837606837608 -3.6184615384615384 0.017457554618238762 0.8990640628392963 -0.366608646983014 END 
START 4.8246153846153845 8.921709401709402 -3.695042735042735 -0.017457554618238762 0.6895734074204312 -0.3578798696738946 END 
START 4.499145299145299 8.672820512820513 -3.5227350427350426 -0.04364388654559691 0.5062690839289241 -0.3753374242921334 END 
START 3.7524786324786326 8.309059829059828 -3.3695726495726497 -0.09601655040031319 0.3142359831282977 -0.44516764276508847 END 
START 3.1398290598290597 7.7155555555555555 -3.1398290598290597 -0.15711799156414885 0.15711799156414885 -0.5062690839289241 END 
START 2.603760683760684 7.045470085470085 -2.8526495726495726 -0.19203310080062638 0.034915109236477525 -0.48008275200156597 END 
START 1.2252991452991453 5.82017094017094 -2.1442735042735044 -0.39279497891037213 -0.06110144116383567 -0.34042231505565584 END 
START 0.7466666666666667 5.207521367521368 -1.8953846153846154 -0.5586417477836404 -0.08728777309119382 -0.34042231505565584 END 
START 0.40205128205128204 4.843760683760684 -1.6464957264957265 -0.6895734074204312 -0.09601655040031319 -0.22694821003710391 END 
START 0 4.728888888888889 -1.34017094017094 -0.8117762897481025 -0.06983021847295505 -0.1309316596367907 END 
START -0.22974358974358974 4.728888888888889 -0.9764102564102564 -1.0125381678578482 -0.034915109236477525 -0.07855899578207443 END 
START -0.3446153846153846 5.016068376068376 -0.7083760683760684 -1.2220288232767134 0 -0.052372663854716284 END 
START -0.650940170940171 5.571282051282052 -0.67008547008547 -1.4489770333138172 0 -0.09601655040031319 END 
START -0.7849572649572649 6.222222222222222 -0.6317948717948718 -1.5886374702597275 0.008728777309119381 -0.20076187810974577 END 
START -1.0912820512820514 6.451965811965812 -0.3254700854700855 -1.5973662475688468 0 -0.20076187810974577 END 
START -1.455042735042735 6.432820512820513 0.3254700854700855 -1.649738911423563 0.008728777309119381 -0.1309316596367907 END 
START -1.455042735042735 7.026324786324786 0.8423931623931624 -1.8505007895333088 0.06110144116383567 -0.09601655040031319 END 
START -1.34017094017094 7.983589743589744 0.7849572649572649 -2.042533890333935 0.12220288232767133 -0.12220288232767133 END 
START -1.3976068376068376 9.323760683760684 0.6317948717948718 -2.313125986916636 0.1396604369459101 -0.07855899578207443 END 
START -1.0721367521367522 10.874529914529914 0.8232478632478633 -2.3305835415348746 0.1396604369459101 0.04364388654559691 END 
START -0.650940170940171 12.808205128205127 1.0338461538461539 -2.2869396549892778 0.07855899578207443 0.04364388654559691 END 
START -0.5169230769230769 14.627008547008547 0.7849572649572649 -2.2083806592072035 -0.017457554618238762 -0.21821943272798452 END 
START -0.5360683760683761 15.584273504273504 0.9381196581196581 -2.1560079953524873 -0.1309316596367907 -0.49754030661980475 END 
START -0.5552136752136753 16.35008547008547 1.301880341880342 -1.990161226479219 -0.19203310080062638 -0.5062690839289241 END 
START -0.3254700854700855 17.269059829059827 1.4933333333333334 -1.69338279796916 -0.16584676887326824 -0.3229647604374171 END 
START -0.019145299145299145 18.302905982905983 1.5316239316239315 -1.3180453736770266 -0.07855899578207443 -0.10474532770943257 END 
START 0.650940170940171 18.78153846153846 1.5316239316239315 -1.0649108317125644 -0.034915109236477525 -0.17457554618238763 END 
START 1.5699145299145298 18.666666666666668 1.3593162393162392 -0.84669139898458 -0.017457554618238762 -0.16584676887326824 END 
START 2.2974358974358973 18.379487179487178 1.0912820512820514 -0.5673705250927598 -0.08728777309119382 -0.1396604369459101 END 
START 3.292991452991453 16.464957264957263 1.0147008547008547 0 -0.34042231505565584 -0.06110144116383567 END 
START 3.4844444444444442 15.258803418803419 1.2061538461538461 0.17457554618238763 -0.49754030661980475 -0.04364388654559691 END 
START 3.5035897435897434 14.224957264957265 1.4167521367521367 0.21821943272798452 -0.663387075493073 0.017457554618238762 END 
START 3.273846153846154 13.612307692307692 1.6273504273504273 0.296778428510059 -0.7943187351298637 0.06983021847295505 END 
START 2.9292307692307693 12.96136752136752 1.9145299145299146 0.3578798696738946 -0.9688942813122513 0.04364388654559691 END 
START 2.488888888888889 12.004102564102563 2.24 0.4626251973833272 -1.1609273821128776 -0.052372663854716284 END 
START 2.0294017094017094 11.104273504273504 2.5846153846153848 0.593556857020118 -1.2918590417496685 -0.034915109236477525 END 
START 1.5507692307692307 10.376752136752136 2.8335042735042735 0.6459295208748342 -1.326774150986146 -0.017457554618238762 END 
START 1.3210256410256411 9.591794871794871 3.024957264957265 0.5760993024018791 -1.3180453736770266 0.052372663854716284 END 
START 1.0338461538461539 9.17059829059829 2.9292307692307693 0.49754030661980475 -1.3704180375317427 0.15711799156414885 END 
START 0.8615384615384616 8.921709401709402 2.9292307692307693 0.43643886545596905 -1.4315194786955785 0.19203310080062638 END 
START 0.7466666666666667 8.73025641025641 2.756923076923077 0.40152375621949155 -1.466434587932056 0.28804965120093956 END 
START 0.3829059829059829 8.845128205128205 2.4123076923076923 0.3142359831282977 -1.5188072517867723 0.3142359831282977 END 
START 0.3063247863247863 8.672820512820513 2.201709401709402 0.1483892142550295 -1.6148238021870855 0.17457554618238763 END 
START 0.24888888888888888 8.481367521367522 1.7805128205128204 0.04364388654559691 -1.7021115752782794 0.25313454196446206 END 
START -0.19145299145299144 8.423931623931624 1.4933333333333334 0 -1.7981281256785926 0.3753374242921334 END 
START -0.7849572649572649 8.557948717948719 1.2252991452991453 -0.11347410501855196 -1.8854158987697864 0.5586417477836404 END 
START -1.7996581196581196 9.228034188034188 1.0338461538461539 -0.22694821003710391 -1.9639748945518607 0.6459295208748342 END 
START -2.9483760683760685 10.07042735042735 1.2252991452991453 -0.3578798696738946 -2.016347558406577 0.5149978612380435 END 
START -4.03965811965812 10.740512820512821 1.3976068376068376 -0.45389642007420783 -1.97270367186098 0.39279497891037213 END 
START -4.8820512820512825 11.64034188034188 1.455042735042735 -0.44516764276508847 -1.763213016442115 0.4277100881468497 END 
START -5.552136752136752 12.846495726495727 1.5316239316239315 -0.4102525335286109 -1.5013496971685336 0.34915109236477526 END 
START -5.724444444444444 13.612307692307692 1.3784615384615384 -0.3316935377465365 -1.2045712686584746 0.1483892142550295 END 
START -5.37982905982906 14.033504273504274 1.1295726495726495 -0.12220288232767133 -0.9514367266940126 0.08728777309119382 END 
START -4.575726495726496 14.58871794871795 0.8232478632478633 0.15711799156414885 -0.3578798696738946 -0.026186331927358142 END 
START -3.58017094017094 15.23965811965812 0.3063247863247863 0.22694821003710391 -0.08728777309119382 -0.12220288232767133 END 
START -2.393162393162393 15.660854700854701 -0.11487179487179487 0.3753374242921334 0.06110144116383567 -0.2356769873462233 END 
START -1.4167521367521367 15.90974358974359 -0.28717948717948716 0.593556857020118 0.15711799156414885 -0.15711799156414885 END 
START -0.7083760683760684 16.15863247863248 -0.28717948717948716 0.8292338443663412 0.24440576465534267 -0.008728777309119381 END 
START -0.15316239316239316 16.40752136752137 -0.28717948717948716 1.056182054403445 0.24440576465534267 0.06983021847295505 END 
START 0.3254700854700855 16.637264957264957 -0.15316239316239316 1.2307576005858327 0.25313454196446206 0.08728777309119382 END 
START 0.6126495726495726 16.57982905982906 -0.057435897435897436 1.4053331467682204 0.2793208738918202 0.08728777309119382 END 
START 0.7849572649572649 16.464957264957263 0.057435897435897436 1.5537223610232498 0.25313454196446206 0.017457554618238762 END 
START 1.0147008547008547 16.101196581196582 0.09572649572649572 1.69338279796916 0.21821943272798452 0.008728777309119381 END 
START 1.2252991452991453 15.852307692307692 -0.057435897435897436 1.9203310080062639 0.25313454196446206 0.11347410501855196 END 
START 1.1295726495726495 14.78017094017094 0.11487179487179487 2.2083806592072035 0.08728777309119382 -0.026186331927358142 END 
START 0.9955555555555555 13.708034188034189 0.3063247863247863 2.3393123188439944 0.04364388654559691 -0.06983021847295505 END 
START 0.7658119658119658 12.444444444444445 0.49777777777777776 2.4440576465534267 0.034915109236477525 0 END 
START 0.4594871794871795 11.525470085470085 0.40205128205128204 2.478972755789904 0 -0.052372663854716284 END 
START 0.6317948717948718 10.147008547008546 0.3254700854700855 2.478972755789904 -0.026186331927358142 -0.16584676887326824 END 
START 0.6126495726495726 8.462222222222222 0.26803418803418805 2.4353288692443074 -0.09601655040031319 -0.21821943272798452 END 
START 0.3829059829059829 6.700854700854701 0.3829059829059829 2.321854764225755 -0.16584676887326824 -0.2356769873462233 END 
START 0.28717948717948716 4.958632478632478 0.4594871794871795 2.129821663425129 -0.1309316596367907 -0.11347410501855196 END 
START 0.057435897435897436 3.3695726495726497 0.3446153846153846 1.7457554618238762 -0.04364388654559691 0.008728777309119381 END 
START -0.22974358974358974 2.0485470085470086 -0.019145299145299145 1.3791468148408623 0.06110144116383567 0.04364388654559691 END 
