START 0.24888888888888888 9.438632478632478 -3.4461538461538463 -0.27059209658270084 -0.39279497891037213 0.19203310080062638 END 
START -0.5743589743589743 9.572649572649572 -3.197264957264957 -0.30550720581917834 -0.28804965120093956 0.16584676887326824 END 
START -1.4933333333333334 9.802393162393162 -2.890940170940171 -0.3142359831282977 -0.1483892142550295 0.034915109236477525 END 
START -2.1634188034188035 9.85982905982906 -2.7186324786324785 -0.3229647604374171 -0.04364388654559691 -0.04364388654559691 END 
START -2.5654700854700856 10.147008547008546 -2.795213675213675 -0.24440576465534267 0.12220288232767133 0 END 
START -3.5418803418803417 11.448888888888888 -3.197264957264957 -0.10474532770943257 0.3142359831282977 -0.39279497891037213 END 
START -3.963076923076923 11.238290598290599 -2.9675213675213676 -0.08728777309119382 0.39279497891037213 -0.7594036258933862 END 
START -4.1928205128205125 10.75965811965812 -2.622905982905983 -0.10474532770943257 0.6110144116383567 -0.7506748485842668 END 
START -4.135384615384615 10.95111111111111 -2.6994871794871793 -0.12220288232767133 0.8292338443663412 -0.48008275200156597 END 
START -3.790769230769231 11.468034188034189 -3.005811965811966 -0.034915109236477525 0.9427079493848932 -0.25313454196446206 END 
START -3.5418803418803417 12.11897435897436 -3.1398290598290597 0.06983021847295505 0.98635183593049 -0.2793208738918202 END 
START -3.407863247863248 12.214700854700855 -2.795213675213675 0.1483892142550295 1.099825940949042 -0.5062690839289241 END 
START -2.890940170940171 12.09982905982906 -2.488888888888889 0.17457554618238763 1.2656727098223102 -0.6284719662565954 END 
START -2.1825641025641027 11.984957264957265 -2.24 0.19203310080062638 1.4402482560046979 -0.6721158528021923 END 
START -1.703931623931624 11.621196581196582 -2.2974358974358973 0.20949065541886513 1.510078474477653 -0.7943187351298637 END 
START -1.34017094017094 10.95111111111111 -2.1825641025641027 0.25313454196446206 1.5449935837141304 -0.7855899578207443 END 
START -1.0912820512820514 10.606495726495726 -2.105982905982906 0.27059209658270084 1.6410101341144436 -0.7768611805116249 END 
START 0.49777777777777776 10.740512820512821 -1.6273504273504273 0.21821943272798452 1.7893993483694732 -0.8292338443663412 END 
START 1.0912820512820514 10.625641025641025 -1.6656410256410257 0.20949065541886513 1.763213016442115 -0.9339791720757737 END 
START 1.6464957264957265 9.744957264957264 -1.8953846153846154 0.2356769873462233 1.7282979072056375 -1.0387244997852063 END 
START 2.4314529914529914 8.768547008547008 -1.991111111111111 0.2356769873462233 1.7370266845147568 -0.7070309620386699 END 
START 3.5035897435897434 9.017435897435897 -2.125128205128205 0.20949065541886513 1.7282979072056375 -0.3229647604374171 END 
START 4.5374358974358975 9.802393162393162 -2.4505982905982906 0.15711799156414885 1.623552579496205 -0.3753374242921334 END 
START 5.59042735042735 9.610940170940172 -2.890940170940171 0.07855899578207443 1.4402482560046979 -0.6372007435657149 END 
START 5.992478632478632 9.017435897435897 -3.1015384615384614 0.08728777309119382 1.213300045967594 -0.6721158528021923 END 
START 6.126495726495726 8.155897435897437 -3.005811965811966 0.09601655040031319 0.9601655040031319 -0.5673705250927598 END 
START 6.030769230769231 7.7729914529914526 -2.776068376068376 0.052372663854716284 0.7681324032025055 -0.34915109236477526 END 
START 5.781880341880342 7.7729914529914526 -2.661196581196581 -0.026186331927358142 0.6110144116383567 -0.28804965120093956 END 
START 5.398974358974359 7.7155555555555555 -2.488888888888889 -0.1483892142550295 0.43643886545596905 -0.44516764276508847 END 
START 4.097094017094017 6.815726495726496 -1.991111111111111 -0.25313454196446206 0.12220288232767133 -0.6459295208748342 END 
START 3.312136752136752 5.954188034188034 -1.6464957264957265 -0.30550720581917834 0.008728777309119381 -0.6721158528021923 END 
START 2.3548717948717948 4.862905982905983 -1.1104273504273505 -0.38406620160125277 -0.07855899578207443 -0.5848280797109986 END 
START 1.2252991452991453 4.116239316239316 -0.5743589743589743 -0.549912970474521 -0.06983021847295505 -0.41898131083773027 END 
START 0.5169230769230769 3.561025641025641 -0.3446153846153846 -0.8205050670572218 -0.008728777309119381 -0.3142359831282977 END 
START 0.1723076923076923 3.7333333333333334 -0.26803418803418805 -1.0649108317125644 0.10474532770943257 -0.10474532770943257 END 
START -0.11487179487179487 4.5948717948717945 -0.28717948717948716 -1.2744014871314298 0.12220288232767133 -0.10474532770943257 END 
START -0.67008547008547 5.073504273504273 -0.3254700854700855 -1.4577058106229366 0.06110144116383567 -0.22694821003710391 END 
START -1.0147008547008547 5.111794871794872 -0.019145299145299145 -1.6060950248779662 0.09601655040031319 -0.08728777309119382 END 
START -1.3593162393162392 5.667008547008547 0.11487179487179487 -1.7719417937512343 0.19203310080062638 0.20076187810974577 END 
START -1.34017094017094 6.796581196581196 0.36376068376068377 -1.946517339933622 0.3142359831282977 0.3142359831282977 END 
START -0.8232478632478633 9.323760683760684 0.40205128205128204 -2.3305835415348746 0.3316935377465365 0.04364388654559691 END 
START -0.5935042735042735 10.587350427350428 0.5935042735042735 -2.382956205389591 0.25313454196446206 -0.04364388654559691 END 
START -0.47863247863247865 11.736068376068376 0.6317948717948718 -2.3654986507713525 0.16584676887326824 -0.04364388654559691 END 
START -0.11487179487179487 13.286837606837606 1.0147008547008547 -2.321854764225755 0.15711799156414885 0.034915109236477525 END 
START 0.22974358974358974 15.22051282051282 1.0721367521367522 -2.2607533230619197 0.12220288232767133 -0.017457554618238762 END 
START 0.5743589743589743 16.84786324786325 1.2444444444444445 -2.147279218043368 0.04364388654559691 -0.27059209658270084 END 
START 0.8423931623931624 17.805128205128206 1.5124786324786326 -1.8941446760789058 -0.052372663854716284 -0.3578798696738946 END 
START 1.0721367521367522 18.647521367521367 1.9145299145299146 -1.536264806405011 -0.07855899578207443 -0.19203310080062638 END 
START 1.6656410256410257 19.298461538461538 2.24 -1.1347410501855195 0 -0.017457554618238762 END 
START 2.4314529914529914 19.48991452991453 2.3165811965811964 -0.7506748485842668 0.052372663854716284 0.1309316596367907 END 
START 3.1206837606837605 19.26017094017094 2.220854700854701 -0.41898131083773027 0.052372663854716284 0.017457554618238762 END 
START 4.02051282051282 16.005470085470087 1.7996581196581196 0.017457554618238762 -0.19203310080062638 -0.5237266385471628 END 
START 4.499145299145299 14.55042735042735 1.6847863247863248 0.19203310080062638 -0.24440576465534267 -0.28804965120093956 END 
START 4.8820512820512825 13.861196581196582 1.6656410256410257 0.296778428510059 -0.366608646983014 -0.026186331927358142 END 
START 4.748034188034188 13.631452991452992 1.6847863247863248 0.34915109236477526 -0.6022856343292373 -0.09601655040031319 END 
START 4.518290598290598 12.693333333333333 1.837948717948718 0.40152375621949155 -0.8903352855301769 -0.3578798696738946 END 
START 4.058803418803419 11.487179487179487 2.1634188034188035 0.5411841931654017 -1.1260122728764002 -0.34042231505565584 END 
START 3.312136752136752 10.147008547008546 2.508034188034188 0.5848280797109986 -1.2744014871314298 -0.2356769873462233 END 
START 2.5654700854700856 9.17059829059829 2.8335042735042735 0.49754030661980475 -1.3005878190587878 -0.017457554618238762 END 
START 1.9719658119658119 8.672820512820513 2.986666666666667 0.3316935377465365 -1.2918590417496685 0.008728777309119381 END 
START 1.5507692307692307 8.175042735042735 3.024957264957265 0.1309316596367907 -1.2569439325131908 0.034915109236477525 END 
START 1.2635897435897436 8.06017094017094 2.68034188034188 0.07855899578207443 -1.3442317056043847 0.1483892142550295 END 
START 0.9381196581196581 8.06017094017094 2.603760683760684 0.09601655040031319 -1.5275360290958917 0.34042231505565584 END 
START 0.47863247863247865 8.117606837606838 2.756923076923077 0.04364388654559691 -1.6060950248779662 0.44516764276508847 END 
START -0.5360683760683761 8.28991452991453 2.68034188034188 -0.183304323491507 -1.5711799156414885 0.5062690839289241 END 
START -1.1295726495726495 8.71111111111111 2.5846153846153848 -0.296778428510059 -1.5624511383323691 0.5149978612380435 END 
START -1.6847863247863248 9.496068376068376 2.374017094017094 -0.366608646983014 -1.5711799156414885 0.4713539746924466 END 
START -2.0485470085470086 10.223589743589743 2.3357264957264956 -0.3753374242921334 -1.5624511383323691 0.3753374242921334 END 
START -2.4505982905982906 10.587350427350428 2.220854700854701 -0.34915109236477526 -1.536264806405011 0.20949065541886513 END 
START -2.6994871794871793 10.75965811965812 2.105982905982906 -0.3578798696738946 -1.4926209198594143 0.08728777309119382 END 
START -3.2164102564102564 11.257435897435897 1.8188034188034188 -0.3753374242921334 -1.4053331467682204 0.026186331927358142 END 
START -3.7141880341880342 12.023247863247864 1.6464957264957265 -0.366608646983014 -1.3180453736770266 -0.052372663854716284 END 
START -4.154529914529914 12.808205128205127 1.5124786324786326 -0.30550720581917834 -1.1783849367311166 -0.08728777309119382 END 
START -4.3076923076923075 13.593162393162393 1.4933333333333334 -0.20076187810974577 -1.0212669451669676 -0.19203310080062638 END 
START -4.3076923076923075 13.89948717948718 1.455042735042735 -0.06110144116383567 -0.8030475124389831 -0.19203310080062638 END 
START -3.8864957264957263 15.545982905982905 0.7849572649572649 0.12220288232767133 -0.366608646983014 -0.1309316596367907 END 
START -3.427008547008547 16.445811965811966 0.6126495726495726 0.28804965120093956 -0.21821943272798452 -0.24440576465534267 END 
START -2.6994871794871793 16.867008547008545 0.49777777777777776 0.5149978612380435 -0.08728777309119382 -0.21821943272798452 END 
START -2.086837606837607 16.943589743589744 0.3446153846153846 0.8379626216754605 0.034915109236477525 0.017457554618238762 END 
START -1.5316239316239315 17.077606837606837 0.5743589743589743 1.0910971636399227 0.12220288232767133 0.12220288232767133 END 
START -0.8423931623931624 17.192478632478633 0.5935042735042735 1.2569439325131908 0.20949065541886513 -0.008728777309119381 END 
START -0.22974358974358974 16.962735042735044 0.5552136752136753 1.4489770333138172 0.20949065541886513 -0.183304323491507 END 
START 0.22974358974358974 16.235213675213675 0.6317948717948718 1.6322813568053243 0.183304323491507 -0.21821943272798452 END 
START 0.6317948717948718 15.641709401709402 0.7275213675213675 1.8155856802968313 0.20949065541886513 -0.07855899578207443 END 
START 0.8232478632478633 15.22051282051282 0.7658119658119658 1.9988900037883384 0.16584676887326824 -0.034915109236477525 END 
START 1.0147008547008547 14.684444444444445 0.9381196581196581 2.0774489995704126 0.15711799156414885 -0.22694821003710391 END 
START 1.2252991452991453 13.976068376068376 0.9381196581196581 2.129821663425129 0.1309316596367907 -0.3578798696738946 END 
START 1.3976068376068376 11.908376068376068 0.8423931623931624 2.295668432298397 0.04364388654559691 -0.20949065541886513 END 
START 1.187008547008547 10.893675213675214 0.918974358974359 2.382956205389591 0 -0.017457554618238762 END 
START 1.0147008547008547 9.802393162393162 0.8998290598290598 2.321854764225755 -0.034915109236477525 -0.017457554618238762 END 
START 0.9381196581196581 8.653675213675214 0.9572649572649573 2.2258382138254422 -0.04364388654559691 -0.052372663854716284 END 
START 0.8806837606837606 7.256068376068376 0.7083760683760684 2.1036353314977707 -0.06110144116383567 -0.1483892142550295 END 
START 0.8232478632478633 5.552136752136752 0.5169230769230769 1.9552461172427413 -0.10474532770943257 -0.20076187810974577 END 
START 0.650940170940171 3.9247863247863246 0.26803418803418805 1.806856902987712 -0.11347410501855196 -0.008728777309119381 END 
START 0.36376068376068377 3.005811965811966 -0.1723076923076923 1.579908692950608 -0.11347410501855196 0.11347410501855196 END 
START 0.22974358974358974 1.9145299145299146 -0.6126495726495726 1.2569439325131908 -0.12220288232767133 0.034915109236477525 END 
START 0.22974358974358974 0.7658119658119658 -0.9572649572649573 0.9514367266940126 -0.06110144116383567 0.1396604369459101 END 
START 0.057435897435897436 0.4594871794871795 -1.2061538461538461 0.6459295208748342 0.008728777309119381 0.3578798696738946 END 
START -0.03829059829059829 1.0147008547008547 -1.7422222222222221 0.2793208738918202 0.1309316596367907 0.48008275200156597 END 
