START 0.9955555555555555 9.610940170940172 -4.326837606837607 -0.008728777309119381 -0.06110144116383567 0.15711799156414885 END 
START 0.5360683760683761 9.381196581196582 -4.441709401709402 -0.08728777309119382 -0.026186331927358142 -0.034915109236477525 END 
START 0.09572649572649572 9.132307692307693 -4.3076923076923075 -0.08728777309119382 -0.008728777309119381 -0.15711799156414885 END 
START -0.5935042735042735 9.132307692307693 -4.02051282051282 -0.07855899578207443 0.017457554618238762 -0.06110144116383567 END 
START -1.3976068376068376 9.553504273504274 -3.7333333333333334 -0.017457554618238762 0.12220288232767133 0.08728777309119382 END 
START -1.9719658119658119 10.376752136752136 -3.6376068376068376 0.034915109236477525 0.43643886545596905 -0.15711799156414885 END 
START -2.3548717948717948 10.127863247863248 -3.388717948717949 0 0.5062690839289241 -0.3578798696738946 END 
START -2.890940170940171 10.012991452991454 -3.178119658119658 0 0.5848280797109986 -0.3229647604374171 END 
START -3.407863247863248 10.319316239316239 -3.024957264957265 0.04364388654559691 0.7855899578207443 -0.15711799156414885 END 
START -3.388717948717949 11.161709401709402 -3.024957264957265 0.04364388654559691 1.0212669451669676 -0.16584676887326824 END 
START -3.082393162393162 11.506324786324786 -2.9675213675213676 0.11347410501855196 1.187113714040236 -0.4277100881468497 END 
START -2.9292307692307693 11.257435897435897 -2.9292307692307693 0.183304323491507 1.3005878190587878 -0.6022856343292373 END 
START -2.603760683760684 11.065982905982906 -3.1206837606837605 0.2793208738918202 1.396604369459101 -0.5848280797109986 END 
START -1.9145299145299146 11.2 -3.063247863247863 0.34042231505565584 1.6060950248779662 -0.44516764276508847 END 
START -1.1678632478632478 11.257435897435897 -3.0441025641025643 0.40152375621949155 1.7893993483694732 -0.366608646983014 END 
START -0.28717948717948716 11.64034188034188 -3.2547008547008547 0.44516764276508847 1.8766871214606669 -0.5237266385471628 END 
START 1.9336752136752138 11.085128205128205 -3.292991452991453 0.38406620160125277 1.8417720122241894 -1.2482151552040714 END 
START 2.661196581196581 10.491623931623932 -3.1398290598290597 0.4277100881468497 1.806856902987712 -1.187113714040236 END 
START 3.292991452991453 9.706666666666667 -2.9483760683760685 0.4277100881468497 1.7719417937512343 -1.073639609021684 END 
START 4.077948717948718 8.921709401709402 -3.082393162393162 0.38406620160125277 1.7981281256785926 -0.84669139898458 END 
START 5.073504273504273 8.672820512820513 -3.178119658119658 0.3578798696738946 1.7108403525873987 -0.6110144116383567 END 
START 6.394529914529914 8.328205128205129 -3.2164102564102564 0.30550720581917834 1.352960482913504 -0.49754030661980475 END 
START 6.643418803418803 7.8878632478632476 -3.0441025641025643 0.2618633192735814 1.1783849367311166 -0.43643886545596905 END 
START 6.834871794871795 7.409230769230769 -3.178119658119658 0.17457554618238763 1.029995722476087 -0.38406620160125277 END 
START 6.94974358974359 7.045470085470085 -3.2355555555555555 0.07855899578207443 0.8554201762936994 -0.296778428510059 END 
START 6.892307692307693 6.796581196581196 -3.197264957264957 0 0.6895734074204312 -0.22694821003710391 END 
START 6.585982905982906 6.681709401709401 -3.1398290598290597 -0.06110144116383567 0.5062690839289241 -0.21821943272798452 END 
START 5.494700854700855 5.896752136752137 -2.986666666666667 -0.25313454196446206 0.2356769873462233 -0.04364388654559691 END 
START 4.5948717948717945 5.954188034188034 -2.756923076923077 -0.3578798696738946 0.15711799156414885 -0.008728777309119381 END 
START 3.790769230769231 5.762735042735042 -2.4697435897435898 -0.4626251973833272 0.06983021847295505 -0.07855899578207443 END 
START 2.890940170940171 5.456410256410257 -1.9336752136752138 -0.5411841931654017 0 -0.1396604369459101 END 
START 1.9145299145299146 4.901196581196581 -1.3976068376068376 -0.6721158528021923 0.017457554618238762 -0.1396604369459101 END 
START 1.1295726495726495 4.671452991452991 -1.0912820512820514 -0.8816065082210575 0.11347410501855196 -0.12220288232767133 END 
START 0.8232478632478633 4.728888888888889 -0.8998290598290598 -1.0823683863308033 0.17457554618238763 -0.1309316596367907 END 
START 0.3446153846153846 4.843760683760684 -0.5743589743589743 -1.239486377894952 0.16584676887326824 -0.21821943272798452 END 
START -0.24888888888888888 4.116239316239316 -0.5935042735042735 -1.3791468148408623 0.11347410501855196 -0.3142359831282977 END 
START -0.4594871794871795 3.9247863247863246 -0.47863247863247865 -1.5449935837141304 0.2356769873462233 0.017457554618238762 END 
START -0.3254700854700855 5.016068376068376 -0.47863247863247865 -1.7806705710603539 0.41898131083773027 0.3142359831282977 END 
START 0.13401709401709402 6.94974358974359 -0.6126495726495726 -2.0250763357156965 0.48881152931068533 0.17457554618238763 END 
START 0.67008547008547 8.596239316239316 -0.5743589743589743 -2.269482100371039 0.28804965120093956 -0.3316935377465365 END 
START 0.4594871794871795 9.304615384615385 -0.22974358974358974 -2.313125986916636 0.21821943272798452 -0.12220288232767133 END 
START 0.6317948717948718 11.582905982905983 0.09572649572649572 -2.374227428080472 0.3578798696738946 0.1396604369459101 END 
START 1.3784615384615384 14.35897435897436 0.19145299145299144 -2.452786423862546 0.41898131083773027 -0.034915109236477525 END 
START 1.9719658119658119 15.948034188034187 0.26803418803418805 -2.374227428080472 0.3229647604374171 -0.5149978612380435 END 
START 2.0485470085470086 16.292649572649573 0.5552136752136753 -2.11236410880689 0.08728777309119382 -0.6721158528021923 END 
START 1.7805128205128204 16.560683760683762 1.1104273504273505 -1.8505007895333088 0.017457554618238762 -0.5149978612380435 END 
START 2.0676923076923077 17.154188034188035 1.435897435897436 -1.649738911423563 0.06983021847295505 -0.34915109236477526 END 
START 2.488888888888889 17.651965811965812 1.5124786324786326 -1.4577058106229366 0.07855899578207443 -0.30550720581917834 END 
START 2.871794871794872 17.824273504273503 1.5699145299145298 -1.1958424913493553 0.07855899578207443 -0.22694821003710391 END 
START 3.312136752136752 17.824273504273503 1.4933333333333334 -0.916521617457535 0.06983021847295505 -0.16584676887326824 END 
START 4.786324786324786 16.943589743589744 1.3210256410256411 -0.3142359831282977 0.026186331927358142 -0.07855899578207443 END 
START 5.398974358974359 16.216068376068375 1.2635897435897436 -0.10474532770943257 -0.008728777309119381 -0.08728777309119382 END 
START 5.935042735042735 15.048205128205128 1.2061538461538461 0.026186331927358142 -0.183304323491507 -0.34042231505565584 END 
START 6.241367521367521 13.4208547008547 1.1487179487179486 0.1309316596367907 -0.3753374242921334 -0.3578798696738946 END 
START 6.088205128205129 12.387008547008547 1.1678632478632478 0.22694821003710391 -0.5760993024018791 -0.27059209658270084 END 
START 5.437264957264957 10.702222222222222 1.7230769230769232 0.2618633192735814 -0.9950806132396095 -0.3753374242921334 END 
START 4.92034188034188 10.032136752136752 2.0676923076923077 0.28804965120093956 -1.1521986048037582 -0.34042231505565584 END 
START 4.384273504273504 9.17059829059829 2.259145299145299 0.2618633192735814 -1.2656727098223102 -0.2793208738918202 END 
START 4.058803418803419 8.691965811965812 2.374017094017094 0.22694821003710391 -1.3093165963679072 -0.16584676887326824 END 
START 3.7716239316239317 8.366495726495726 2.393162393162393 0.11347410501855196 -1.3616892602226234 -0.08728777309119382 END 
START 3.5993162393162392 8.117606837606838 2.3357264957264956 0.08728777309119382 -1.510078474477653 -0.008728777309119381 END 
START 2.795213675213675 7.753846153846154 2.5846153846153848 0 -1.7195691298965181 0.17457554618238763 END 
START 2.4505982905982906 7.926153846153846 2.7377777777777776 -0.1309316596367907 -1.7282979072056375 0.27059209658270084 END 
START 2.086837606837607 8.213333333333333 2.6994871794871793 -0.2618633192735814 -1.7544842391329956 0.2618633192735814 END 
START 1.7805128205128204 8.404786324786325 2.7186324786324785 -0.3316935377465365 -1.8155856802968313 0.2793208738918202 END 
START 1.3210256410256411 8.51965811965812 2.7377777777777776 -0.38406620160125277 -1.8854158987697864 0.34915109236477526 END 
START 0.6126495726495726 8.883418803418804 2.871794871794872 -0.45389642007420783 -1.9203310080062639 0.40152375621949155 END 
START -0.26803418803418805 9.362051282051283 2.986666666666667 -0.5586417477836404 -1.9116022306971445 0.3753374242921334 END 
START -1.2444444444444445 10.012991452991454 2.9675213675213676 -0.663387075493073 -1.83304323491507 0.34915109236477526 END 
START -1.9145299145299146 10.874529914529914 2.756923076923077 -0.7070309620386699 -1.7282979072056375 0.3229647604374171 END 
START -2.6420512820512823 11.793504273504274 2.5271794871794873 -0.619743188947476 -1.6410101341144436 0.3229647604374171 END 
START -3.3695726495726497 12.712478632478632 2.2974358974358973 -0.49754030661980475 -1.536264806405011 0.34042231505565584 END 
START -4.3076923076923075 14.014358974358974 1.837948717948718 -0.34915109236477526 -1.0910971636399227 -0.008728777309119381 END 
START -4.345982905982906 14.263247863247864 1.6847863247863248 -0.24440576465534267 -0.8205050670572218 -0.15711799156414885 END 
START -4.1928205128205125 14.205811965811966 1.3976068376068376 -0.11347410501855196 -0.5760993024018791 -0.19203310080062638 END 
START -3.8673504273504276 14.454700854700855 1.2635897435897436 0.052372663854716284 -0.3229647604374171 -0.10474532770943257 END 
START -3.2164102564102564 14.646153846153846 0.918974358974359 0.22694821003710391 -0.06983021847295505 -0.07855899578207443 END 
START -2.3165811965811964 14.952478632478632 0.5935042735042735 0.34915109236477526 0.11347410501855196 -0.08728777309119382 END 
START -1.301880341880342 15.316239316239317 0.15316239316239316 0.4626251973833272 0.28804965120093956 -0.16584676887326824 END 
START 0.13401709401709402 15.737435897435898 -0.03829059829059829 0.5848280797109986 0.39279497891037213 -0.15711799156414885 END 
START 1.2061538461538461 15.986324786324786 -0.24888888888888888 0.7855899578207443 0.45389642007420783 0.026186331927358142 END 
START 2.01025641025641 16.38837606837607 -0.3063247863247863 1.029995722476087 0.4102525335286109 0.1309316596367907 END 
START 2.5271794871794873 16.35008547008547 -0.22974358974358974 1.2220288232767134 0.28804965120093956 0.008728777309119381 END 
START 2.795213675213675 16.043760683760684 -0.019145299145299145 1.3616892602226234 0.15711799156414885 -0.1483892142550295 END 
START 2.8526495726495726 14.856752136752137 0.4594871794871795 1.6148238021870855 0.04364388654559691 -0.1483892142550295 END 
START 2.91008547008547 14.607863247863248 0.49777777777777776 1.7195691298965181 0 -0.183304323491507 END 
START 3.005811965811966 14.071794871794872 0.5360683760683761 1.8243144576059507 -0.06983021847295505 -0.24440576465534267 END 
START 2.890940170940171 13.4208547008547 0.5360683760683761 1.9116022306971445 -0.15711799156414885 -0.22694821003710391 END 
START 2.776068376068376 12.865641025641025 0.5169230769230769 1.990161226479219 -0.20949065541886513 -0.20949065541886513 END 
START 2.5846153846153848 12.272136752136753 0.4594871794871795 2.016347558406577 -0.25313454196446206 -0.2618633192735814 END 
START 2.4697435897435898 11.544615384615385 0.5360683760683761 2.033805113024816 -0.296778428510059 -0.30550720581917834 END 
START 2.1634188034188035 10.702222222222222 0.49777777777777776 2.0512626676430545 -0.3142359831282977 -0.3229647604374171 END 
START 1.9336752136752138 9.725811965811966 0.40205128205128204 2.086177776879532 -0.3578798696738946 -0.366608646983014 END 
START 1.5699145299145298 8.27076923076923 0.19145299145299144 2.0774489995704126 -0.3578798696738946 -0.3229647604374171 END 
START 1.2252991452991453 6.873162393162393 0.1723076923076923 2.0076187810974577 -0.3316935377465365 -0.25313454196446206 END 
START 0.8806837606837606 5.60957264957265 0 1.8243144576059507 -0.28804965120093956 -0.21821943272798452 END 
START 0.40205128205128204 3.6567521367521367 -1.0147008547008547 1.4053331467682204 -0.19203310080062638 -0.183304323491507 END 
START 0.40205128205128204 3.178119658119658 -1.4741880341880342 1.2045712686584746 -0.12220288232767133 -0.12220288232767133 END 
START 0.47863247863247865 2.68034188034188 -1.8762393162393163 1.0038093905487289 -0.12220288232767133 -0.09601655040031319 END 
START 0.22974358974358974 2.4505982905982906 -2.3548717948717948 0.7943187351298637 -0.1309316596367907 -0.034915109236477525 END 
START 0.3063247863247863 2.6420512820512823 -2.9483760683760685 0.549912970474521 -0.09601655040031319 -0.026186331927358142 END 
START 0.47863247863247865 3.197264957264957 -3.292991452991453 0.3578798696738946 -0.026186331927358142 0.034915109236477525 END 
START 0.4211965811965812 3.9247863247863246 -3.7141880341880342 0.17457554618238763 -0.008728777309119381 0.052372663854716284 END 
START 0.49777777777777776 4.843760683760684 -3.8673504273504276 0 0.09601655040031319 0.10474532770943257 END 
START 0.6317948717948718 6.126495726495726 -4.211965811965812 -0.17457554618238763 0.16584676887326824 0.16584676887326824 END 
START 0.9572649572649573 7.638974358974359 -4.48 -0.25313454196446206 0.22694821003710391 0.183304323491507 END 
START 1.187008547008547 8.73025641025641 -4.460854700854701 -0.2618633192735814 0.27059209658270084 0.04364388654559691 END 
