START -1.6656410256410257 0.67008547008547 -2.8335042735042735 -0.6895734074204312 -0.10474532770943257 0.7244885166569086 END 
START -1.8953846153846154 0.9764102564102564 -4.03965811965812 -0.663387075493073 -0.008728777309119381 0.17457554618238763 END 
START -1.8570940170940171 0.5169230769230769 -3.9247863247863246 -0.4102525335286109 -0.08728777309119382 -0.25313454196446206 END 
START -2.086837606837607 0.15316239316239316 -3.2164102564102564 -0.3753374242921334 0.10474532770943257 -0.034915109236477525 END 
START -2.9675213675213676 0.5743589743589743 -2.7377777777777776 -0.3578798696738946 0.4277100881468497 0.2356769873462233 END 
START -3.80991452991453 0.9381196581196581 -2.1634188034188035 -0.5760993024018791 0.8554201762936994 0.17457554618238763 END 
START -3.9247863247863246 1.187008547008547 -2.0676923076923077 -0.8903352855301769 1.3704180375317427 0.017457554618238762 END 
START -3.427008547008547 1.7805128205128204 -2.0676923076923077 -1.1260122728764002 1.763213016442115 -0.17457554618238763 END 
START -2.661196581196581 2.7377777777777776 -1.7805128205128204 -1.2482151552040714 1.9639748945518607 -0.40152375621949155 END 
START -2.661196581196581 4.02051282051282 -0.5169230769230769 -1.5973662475688468 2.147279218043368 -0.663387075493073 END 
START -3.3504273504273505 4.843760683760684 0.13401709401709402 -1.83304323491507 2.4615152011716654 -0.5062690839289241 END 
START -3.3504273504273505 6.183931623931624 1.1487179487179486 -2.0687202222612933 2.836852625463799 -0.5324554158562822 END 
START -2.5654700854700856 8.136752136752136 2.259145299145299 -2.2345669911345616 3.072529612810022 -0.733217293966028 END 
START -1.837948717948718 9.783247863247864 3.2355555555555555 -2.3043972096075165 3.116173499355619 -1.056182054403445 END 
START -0.8998290598290598 10.549059829059829 3.80991452991453 -2.3393123188439944 3.2907490455380066 -0.9427079493848932 END 
START 0.3063247863247863 12.11897435897436 4.135384615384615 -2.40041376000783 3.52642603288423 -0.6022856343292373 END 
START 2.986666666666667 15.048205128205128 4.48 -2.452786423862546 3.7795605748486922 -0.7419460712751474 END 
START 6.337094017094017 17.8817094017094 4.48 -2.4178713146260686 3.735916688303095 -1.3878755921499817 END 
START 9.725811965811966 20.274871794871796 4.614017094017094 -2.147279218043368 3.430409482483917 -1.7806705710603539 END 
START 11.678632478632478 21.76820512820513 4.977777777777778 -1.8155856802968313 3.0026993943370672 -1.623552579496205 END 
START 12.846495726495727 22.84034188034188 5.513846153846154 -1.396604369459101 2.7582936296817246 -0.8205050670572218 END 
START 16.52239316239316 25.635555555555555 4.365128205128205 -0.593556857020118 2.5488029742628595 0.28804965120093956 END 
START 18.724102564102566 26.765128205128207 3.4461538461538463 -0.06110144116383567 2.2345669911345616 0.619743188947476 END 
START 20.255726495726496 27.56923076923077 2.622905982905983 0.5848280797109986 1.6671964660418017 0.8030475124389831 END 
START 20.523760683760685 27.10974358974359 1.8953846153846154 1.3093165963679072 0.9514367266940126 0.9688942813122513 END 
START 19.394188034188033 25.52068376068376 1.9145299145299146 2.016347558406577 0.25313454196446206 1.1434698274946389 END 
START 17.096752136752137 23.299829059829058 2.393162393162393 2.522616642335501 -0.28804965120093956 1.1958424913493553 END 
START 14.569572649572649 20.753504273504273 2.91008547008547 2.889225289318515 -0.7157597393477892 1.1260122728764002 END 
START 12.138119658119658 18.111452991452992 3.197264957264957 3.1249022766647383 -1.056182054403445 1.1172834955672808 END 
START 9.744957264957264 15.833162393162393 3.5227350427350426 3.299477822847126 -1.3442317056043847 1.0212669451669676 END 
START 7.696410256410257 13.727179487179487 3.8482051282051284 3.38676559593832 -1.5188072517867723 0.8990640628392963 END 
START 5.896752136752137 11.42974358974359 4.03965811965812 3.4042231505565588 -1.649738911423563 0.6895734074204312 END 
START 3.063247863247863 6.279658119658119 4.365128205128205 3.1860037178285743 -1.675925243350921 0.11347410501855196 END 
START 1.837948717948718 3.7716239316239317 4.211965811965812 2.950326730482351 -1.5188072517867723 0.25313454196446206 END 
START 1.0338461538461539 1.8570940170940171 3.5227350427350426 2.6971921885178887 -1.4227907013864591 0.43643886545596905 END 
START 0.8232478632478633 0.19145299145299144 2.8143589743589743 2.4091425373169493 -1.3616892602226234 0.5324554158562822 END 
START 0.7466666666666667 -1.0721367521367522 2.488888888888889 2.0250763357156965 -1.2569439325131908 0.6372007435657149 END 
START 0.8998290598290598 -2.0676923076923077 2.0676923076923077 1.5711799156414885 -1.0649108317125644 0.8030475124389831 END 
START 1.301880341880342 -2.6420512820512823 1.1678632478632478 1.1521986048037582 -0.9514367266940126 0.8117762897481025 END 
START 1.5316239316239315 -3.005811965811966 0.47863247863247865 0.8117762897481025 -0.9077928401484157 0.5586417477836404 END 
START 1.6656410256410257 -3.6184615384615384 0.1723076923076923 0.4713539746924466 -0.8728777309119381 0.25313454196446206 END 
START 1.8953846153846154 -4.211965811965812 -0.3254700854700855 0.1483892142550295 -0.8030475124389831 0.21821943272798452 END 
START 2.0676923076923077 -4.326837606837607 -0.7083760683760684 -0.1309316596367907 -0.6983021847295505 0.296778428510059 END 
START 2.201709401709402 -4.211965811965812 -0.7849572649572649 -0.4277100881468497 -0.5848280797109986 0.2793208738918202 END 
START 2.7186324786324785 -3.8673504273504276 -0.8615384615384616 -1.099825940949042 -0.43643886545596905 -0.2356769873462233 END 
START 3.273846153846154 -4.211965811965812 -0.8998290598290598 -1.4315194786955785 -0.43643886545596905 -0.38406620160125277 END 
START 3.6376068376068376 -4.173675213675214 -0.49777777777777776 -1.7981281256785926 -0.49754030661980475 -0.3229647604374171 END 
START 3.7333333333333334 -3.5993162393162392 0.13401709401709402 -2.173465549970726 -0.5149978612380435 -0.1483892142550295 END 
START 3.6184615384615384 -2.4505982905982906 0.8423931623931624 -2.5924468608084563 -0.49754030661980475 -0.008728777309119381 END 
START 3.2547008547008547 -0.8615384615384616 1.6847863247863248 -3.0026993943370672 -0.5586417477836404 -0.27059209658270084 END 
START 2.8335042735042735 0.4403418803418803 2.9675213675213676 -3.3780368186292007 -0.6808446301113117 -0.7681324032025055 END 
START 2.9483760683760685 1.7422222222222221 4.03965811965812 -3.8057469067760503 -0.6983021847295505 -0.8903352855301769 END 
START 3.063247863247863 4.03965811965812 4.345982905982906 -4.268372104159377 -0.7681324032025055 -0.663387075493073 END 
START 2.8335042735042735 7.3709401709401705 4.748034188034188 -4.600065641905914 -0.9077928401484157 -0.3753374242921334 END 
START 2.105982905982906 11.812649572649573 5.571282051282052 -4.80082752001566 -1.0474532770943257 -0.34915109236477526 END 
START 1.1487179487179486 20.313162393162393 6.94974358974359 -4.5738793099785555 -1.1085547182581614 -0.5760993024018791 END 
START 0.8806837606837606 23.625299145299145 6.04991452991453 -4.172355553759064 -1.0474532770943257 -0.5149978612380435 END 
START 0.5552136752136753 25.673846153846153 4.977777777777778 -3.5787986967389465 -1.099825940949042 -0.39279497891037213 END 
START 0.26803418803418805 26.8991452991453 4.03965811965812 -2.889225289318515 -0.9950806132396095 -0.15711799156414885 END 
START 0.36376068376068377 27.09059829059829 3.178119658119658 -2.173465549970726 -0.7594036258933862 -0.15711799156414885 END 
START 0.8041025641025641 26.305641025641027 2.220854700854701 -1.5275360290958917 -0.5062690839289241 -0.366608646983014 END 
START 1.6273504273504273 24.850598290598292 1.34017094017094 -0.9601655040031319 -0.28804965120093956 -0.5848280797109986 END 
START 2.488888888888889 22.993504273504275 0.49777777777777776 -0.4102525335286109 -0.16584676887326824 -0.6022856343292373 END 
START 3.3695726495726497 20.772649572649573 0.24888888888888888 0.052372663854716284 -0.11347410501855196 -0.3753374242921334 END 
START 3.7141880341880342 18.456068376068377 0.07658119658119658 0.40152375621949155 -0.11347410501855196 -0.06983021847295505 END 
START 3.561025641025641 16.40752136752137 0.057435897435897436 0.7157597393477892 -0.12220288232767133 0.04364388654559691 END 
START 3.1015384615384614 14.416410256410256 0.3829059829059829 0.9514367266940126 0 -0.1309316596367907 END 
