START -0.3254700854700855 9.744957264957264 -3.5227350427350426 -0.1396604369459101 -0.30550720581917834 0.24440576465534267 END 
START -0.7466666666666667 9.85982905982906 -3.197264957264957 -0.27059209658270084 -0.34042231505565584 0.19203310080062638 END 
START -1.3784615384615384 10.108717948717949 -3.197264957264957 -0.30550720581917834 -0.27059209658270084 0.034915109236477525 END 
START -2.0485470085470086 10.338461538461539 -3.197264957264957 -0.28804965120093956 -0.20949065541886513 -0.04364388654559691 END 
START -2.890940170940171 10.817094017094018 -2.9675213675213676 -0.21821943272798452 -0.12220288232767133 -0.034915109236477525 END 
START -3.5035897435897434 11.353162393162393 -2.9292307692307693 -0.1483892142550295 0 -0.10474532770943257 END 
START -3.8290598290598292 11.525470085470085 -3.178119658119658 -0.12220288232767133 0.10474532770943257 -0.3229647604374171 END 
START -4.384273504273504 11.506324786324786 -3.273846153846154 -0.04364388654559691 0.183304323491507 -0.40152375621949155 END 
START -5.60957264957265 11.984957264957265 -2.9675213675213676 0.06983021847295505 0.4626251973833272 -0.21821943272798452 END 
START -5.954188034188034 12.808205128205127 -2.871794871794872 0.10474532770943257 0.5760993024018791 -0.4713539746924466 END 
START -6.241367521367521 12.597606837606838 -2.7186324786324785 0.16584676887326824 0.6895734074204312 -0.6721158528021923 END 
START -6.337094017094017 12.425299145299146 -2.6994871794871793 0.27059209658270084 0.9252503947666544 -0.5586417477836404 END 
START -5.935042735042735 12.559316239316239 -2.508034188034188 0.3753374242921334 1.239486377894952 -0.4102525335286109 END 
START -4.977777777777778 12.846495726495727 -2.3165811965811964 0.39279497891037213 1.5188072517867723 -0.5237266385471628 END 
START -3.9056410256410254 13.018803418803419 -2.2974358974358973 0.43643886545596905 1.7108403525873987 -0.8990640628392963 END 
START -2.6420512820512823 11.87008547008547 -2.201709401709402 0.49754030661980475 1.7981281256785926 -1.326774150986146 END 
START -1.2635897435897436 10.338461538461539 -1.991111111111111 0.5848280797109986 1.9116022306971445 -1.1347410501855195 END 
START 0 9.706666666666667 -1.9528205128205127 0.619743188947476 1.9988900037883384 -0.8292338443663412 END 
START 1.1295726495726495 9.591794871794871 -1.8953846153846154 0.5149978612380435 2.0512626676430545 -0.9339791720757737 END 
START 2.2974358974358973 9.036581196581196 -2.0485470085470086 0.3578798696738946 1.990161226479219 -1.2831302644405491 END 
START 3.7333333333333334 7.3135042735042735 -2.1825641025641027 0.17457554618238763 1.7719417937512343 -1.1085547182581614 END 
START 4.441709401709402 7.6006837606837605 -2.086837606837607 0.11347410501855196 1.7544842391329956 -0.6372007435657149 END 
START 5.36068376068376 8.634529914529914 -2.393162393162393 0.008728777309119381 1.623552579496205 -0.5673705250927598 END 
START 6.107350427350427 8.73025641025641 -2.871794871794872 -0.026186331927358142 1.3791468148408623 -0.7506748485842668 END 
START 6.107350427350427 7.8878632478632476 -3.1015384615384614 -0.026186331927358142 1.0649108317125644 -0.7943187351298637 END 
START 5.628717948717949 7.332649572649573 -2.890940170940171 -0.07855899578207443 0.8117762897481025 -0.6895734074204312 END 
START 5.226666666666667 6.892307692307693 -2.7186324786324785 -0.1396604369459101 0.6284719662565954 -0.5324554158562822 END 
START 4.633162393162393 6.796581196581196 -2.488888888888889 -0.21821943272798452 0.5062690839289241 -0.3142359831282977 END 
START 3.8864957264957263 7.102905982905983 -2.1442735042735044 -0.366608646983014 0.39279497891037213 -0.4277100881468497 END 
START 3.4461538461538463 6.624273504273504 -1.8953846153846154 -0.48008275200156597 0.34042231505565584 -0.5062690839289241 END 
START 2.661196581196581 6.317948717948718 -1.5507692307692307 -0.48881152931068533 0.22694821003710391 -0.5237266385471628 END 
START 1.6464957264957265 5.035213675213675 -1.1104273504273505 -0.5149978612380435 0.1309316596367907 -0.5237266385471628 END 
START 1.4167521367521367 2.9675213675213676 -0.918974358974359 -0.98635183593049 0.5237266385471628 0.41898131083773027 END 
START 1.8570940170940171 3.6184615384615384 -1.0147008547008547 -1.2656727098223102 0.5237266385471628 0.5760993024018791 END 
START 1.7230769230769232 4.288547008547009 -0.7466666666666667 -1.4577058106229366 0.34042231505565584 0.4626251973833272 END 
START 1.1678632478632478 4.403418803418804 -0.24888888888888888 -1.6060950248779662 0.1309316596367907 0.296778428510059 END 
START 0.19145299145299144 4.097094017094017 0.13401709401709402 -1.7981281256785926 0.07855899578207443 0.3578798696738946 END 
START -0.24888888888888888 4.671452991452991 0.7083760683760684 -2.0250763357156965 0.28804965120093956 0.7419460712751474 END 
START -0.019145299145299145 7.256068376068376 0.8615384615384616 -2.321854764225755 0.48881152931068533 0.7855899578207443 END 
START 0.4594871794871795 9.381196581196582 0.7466666666666667 -2.5138878650263816 0.4626251973833272 0.40152375621949155 END 
START 0.36376068376068377 10.357606837606838 0.5552136752136753 -2.5138878650263816 0.27059209658270084 0.06110144116383567 END 
START -0.09572649572649572 10.817094017094018 0.8423931623931624 -2.4091425373169493 0.10474532770943257 0.07855899578207443 END 
START -0.22974358974358974 12.367863247863248 1.2635897435897436 -2.3480410961531137 0.1483892142550295 0.28804965120093956 END 
START 0.9572649572649573 16.426666666666666 1.0338461538461539 -2.2869396549892778 0.25313454196446206 0.25313454196446206 END 
START 0.9381196581196581 17.632820512820512 1.2252991452991453 -2.1385504407342486 0.07855899578207443 -0.052372663854716284 END 
START 0.7849572649572649 18.054017094017095 1.455042735042735 -1.8592295668424281 0 -0.17457554618238763 END 
START 1.0147008547008547 18.838974358974358 1.5124786324786326 -1.5624511383323691 0.034915109236477525 -0.19203310080062638 END 
START 1.7230769230769232 19.26017094017094 1.6273504273504273 -1.2831302644405491 0.04364388654559691 -0.22694821003710391 END 
START 2.3165811965811964 19.336752136752136 1.589059829059829 -0.9601655040031319 0.017457554618238762 -0.24440576465534267 END 
START 2.9675213675213676 18.322051282051284 1.5124786324786326 -0.5586417477836404 0 -0.296778428510059 END 
START 3.561025641025641 16.694700854700855 1.5316239316239315 -0.24440576465534267 -0.034915109236477525 -0.17457554618238763 END 
START 4.384273504273504 15.90974358974359 1.301880341880342 -0.07855899578207443 -0.017457554618238762 -0.008728777309119381 END 
START 5.418119658119658 15.622564102564102 1.0338461538461539 0.008728777309119381 -0.1396604369459101 -0.008728777309119381 END 
START 5.992478632478632 15.029059829059829 0.8041025641025641 0.08728777309119382 -0.38406620160125277 -0.1483892142550295 END 
START 6.203076923076923 13.842051282051282 0.8615384615384616 0.21821943272798452 -0.7157597393477892 -0.296778428510059 END 
START 5.552136752136752 11.602051282051281 1.837948717948718 0.48008275200156597 -1.2744014871314298 -0.1483892142550295 END 
START 4.977777777777778 10.98940170940171 2.4505982905982906 0.4713539746924466 -1.3878755921499817 -0.07855899578207443 END 
START 4.499145299145299 10.319316239316239 2.890940170940171 0.38406620160125277 -1.466434587932056 -0.12220288232767133 END 
START 4.077948717948718 9.591794871794871 3.005811965811966 0.34042231505565584 -1.579908692950608 -0.09601655040031319 END 
START 3.561025641025641 8.864273504273504 3.2547008547008547 0.3142359831282977 -1.69338279796916 -0.04364388654559691 END 
START 2.9292307692307693 8.175042735042735 3.5227350427350426 0.24440576465534267 -1.763213016442115 0.034915109236477525 END 
START 2.393162393162393 7.983589743589744 3.4844444444444442 0.12220288232767133 -1.7981281256785926 0.1396604369459101 END 
START 1.8570940170940171 7.983589743589744 3.388717948717949 0 -1.83304323491507 0.17457554618238763 END 
START 1.187008547008547 8.098461538461539 3.4844444444444442 -0.11347410501855196 -1.8505007895333088 0.20949065541886513 END 
START 0.3446153846153846 8.27076923076923 3.4461538461538463 -0.20949065541886513 -1.9377885626245026 0.19203310080062638 END 
START -0.5169230769230769 8.577094017094018 3.292991452991453 -0.24440576465534267 -2.0076187810974577 0.2356769873462233 END 
START -2.374017094017094 9.687521367521368 3.063247863247863 -0.34042231505565584 -1.9814324491700996 0.366608646983014 END 
START -3.292991452991453 10.587350427350428 2.8526495726495726 -0.40152375621949155 -1.8592295668424281 0.3229647604374171 END 
START -4.058803418803419 11.372307692307693 2.6420512820512823 -0.4277100881468497 -1.6846540206600407 0.183304323491507 END 
START -4.5948717948717945 12.023247863247864 2.278290598290598 -0.39279497891037213 -1.5013496971685336 0.008728777309119381 END 
START -4.786324786324786 12.214700854700855 2.0676923076923077 -0.27059209658270084 -1.3093165963679072 -0.052372663854716284 END 
START -5.1692307692307695 12.329572649572649 1.7996581196581196 -0.183304323491507 -1.0823683863308033 -0.026186331927358142 END 
START -5.245811965811966 12.884786324786324 1.5316239316239315 -0.16584676887326824 -0.8205050670572218 -0.07855899578207443 END 
START -4.901196581196581 13.65059829059829 0.8998290598290598 -0.1483892142550295 -0.549912970474521 -0.17457554618238763 END 
START -4.326837606837607 14.205811965811966 0.3254700854700855 0 -0.366608646983014 -0.22694821003710391 END 
START -3.5418803418803417 14.703589743589744 0.15316239316239316 0.1396604369459101 -0.19203310080062638 0 END 
START -2.6994871794871793 16.235213675213675 -0.019145299145299145 0.24440576465534267 0.026186331927358142 0.24440576465534267 END 
START -1.6847863247863248 17.785982905982905 -0.3063247863247863 0.4277100881468497 0.1309316596367907 0.15711799156414885 END 
START -0.5743589743589743 18.034871794871794 0.019145299145299145 1.1172834955672808 0.06110144116383567 -0.1396604369459101 END 
START -0.19145299145299144 17.135042735042735 0.49777777777777776 1.396604369459101 0.09601655040031319 -0.07855899578207443 END 
START 0.1723076923076923 16.54153846153846 0.8423931623931624 1.5537223610232498 0.19203310080062638 0.008728777309119381 END 
START 0.7083760683760684 16.235213675213675 0.8041025641025641 1.7021115752782794 0.27059209658270084 0.04364388654559691 END 
START 1.3593162393162392 15.756581196581196 0.8615384615384616 1.7893993483694732 0.2793208738918202 -0.052372663854716284 END 
START 1.9528205128205127 15.048205128205128 0.8041025641025641 1.8941446760789058 0.2356769873462233 -0.07855899578207443 END 
START 2.201709401709402 14.492991452991452 0.8232478632478633 2.0774489995704126 0.12220288232767133 -0.04364388654559691 END 
START 2.393162393162393 13.784615384615385 0.9381196581196581 2.217109436516323 0.06110144116383567 -0.034915109236477525 END 
START 2.3357264957264956 12.693333333333333 1.0147008547008547 2.3043972096075165 -0.04364388654559691 -0.04364388654559691 END 
START 2.1442735042735044 11.506324786324786 1.2827350427350428 2.3305835415348746 -0.1396604369459101 -0.1309316596367907 END 
START 1.8762393162393163 10.051282051282051 1.3210256410256411 2.2869396549892778 -0.19203310080062638 -0.27059209658270084 END 
START 1.455042735042735 8.73025641025641 1.1295726495726495 2.2083806592072035 -0.19203310080062638 -0.2793208738918202 END 
START 1.2444444444444445 6.585982905982906 0.7275213675213675 2.0250763357156965 -0.09601655040031319 -0.17457554618238763 END 
START 1.052991452991453 5.37982905982906 0.4211965811965812 1.8854158987697864 -0.1483892142550295 -0.20076187810974577 END 
START 0.8232478632478633 4.154529914529914 0.09572649572649572 1.7282979072056375 -0.16584676887326824 -0.19203310080062638 END 
START 0.650940170940171 3.1206837606837605 -0.28717948717948716 1.5188072517867723 -0.1396604369459101 -0.22694821003710391 END 
START 0.4594871794871795 2.086837606837607 -0.6892307692307692 1.2569439325131908 -0.11347410501855196 -0.30550720581917834 END 
START 0.3446153846153846 1.0721367521367522 -1.1487179487179486 1.0038093905487289 -0.04364388654559691 -0.183304323491507 END 
START 0.36376068376068377 0.7658119658119658 -1.7422222222222221 0.733217293966028 0.026186331927358142 -0.026186331927358142 END 
START 0.36376068376068377 0.9572649572649573 -2.278290598290598 0.4102525335286109 0.09601655040031319 0.017457554618238762 END 
START 0.5552136752136753 2.01025641025641 -2.9292307692307693 0.034915109236477525 0.22694821003710391 0.034915109236477525 END 
START 0.8615384615384616 3.5993162393162392 -3.6184615384615384 -0.28804965120093956 0.34915109236477526 -0.026186331927358142 END 
