START -0.6317948717948718 0.9764102564102564 -2.0485470085470086 0.06983021847295505 0.09601655040031319 0.4626251973833272 END 
START -0.8232478632478633 -0.7466666666666667 -2.661196581196581 -0.34915109236477526 0.16584676887326824 0.008728777309119381 END 
START -0.8998290598290598 -1.34017094017094 -2.2974358974358973 -0.19203310080062638 -0.15711799156414885 0.4626251973833272 END 
START -1.7996581196581196 -1.1678632478632478 -1.8762393162393163 -0.27059209658270084 -0.1309316596367907 0.22694821003710391 END 
START -2.3357264957264956 -1.301880341880342 -1.3593162393162392 -0.44516764276508847 0.11347410501855196 -0.06110144116383567 END 
START -2.9292307692307693 -1.301880341880342 -1.3210256410256411 -0.6546582981839536 0.5062690839289241 -0.12220288232767133 END 
START -3.5227350427350426 -0.6892307692307692 -1.3976068376068376 -0.8379626216754605 0.7506748485842668 -0.1483892142550295 END 
START -4.001367521367522 -0.03829059829059829 -1.3976068376068376 -0.8641489536028187 0.7943187351298637 -0.22694821003710391 END 
START -4.614017094017094 -0.13401709401709402 -0.8806837606837606 -0.9514367266940126 0.9688942813122513 -0.48881152931068533 END 
START -5.398974358974359 -0.26803418803418805 -0.650940170940171 -1.1783849367311166 1.4053331467682204 -0.5760993024018791 END 
START -5.839316239316239 0.7849572649572649 -0.3063247863247863 -1.483892142550295 1.8854158987697864 -0.6284719662565954 END 
START -5.322393162393162 2.125128205128205 -0.26803418803418805 -1.8854158987697864 2.2782108776801584 -1.0474532770943257 END 
START -4.326837606837607 3.063247863247863 -0.47863247863247865 -2.199651881898084 2.4440576465534267 -1.2831302644405491 END 
START -3.024957264957265 5.016068376068376 -1.4933333333333334 -2.4178713146260686 2.7233785204452468 -1.2045712686584746 END 
START -2.1442735042735044 5.743589743589744 -1.34017094017094 -2.6273619700449338 2.889225289318515 -1.2569439325131908 END 
START -0.67008547008547 7.61982905982906 -1.6656410256410257 -2.96778428510059 3.0026993943370672 -1.3878755921499817 END 
START 0.5169230769230769 9.591794871794871 -2.488888888888889 -3.1249022766647383 2.7757511842999634 -1.8243144576059507 END 
START 1.5124786324786326 10.147008547008546 -3.3312820512820513 -3.09871594473738 2.4178713146260686 -1.9639748945518607 END 
START 2.374017094017094 11.736068376068376 -3.2547008547008547 -3.0550720581917834 2.382956205389591 -1.6322813568053243 END 
START 3.8290598290598292 14.224957264957265 -3.0441025641025643 -3.0812583901191415 2.321854764225755 -1.5449935837141304 END 
START 4.843760683760684 15.814017094017094 -3.675897435897436 -3.020156948955306 2.1210928861160094 -1.7282979072056375 END 
START 5.839316239316239 16.84786324786325 -4.441709401709402 -2.793208738918202 1.7719417937512343 -1.7457554618238762 END 
START 6.9688888888888885 17.42222222222222 -4.556581196581196 -2.5051590877172623 1.483892142550295 -1.4402482560046979 END 
START 9.228034188034188 19.011282051282052 -4.92034188034188 -2.2258382138254422 1.4402482560046979 -0.8379626216754605 END 
START 11.391452991452992 20.772649572649573 -5.954188034188034 -1.7544842391329956 1.1347410501855195 -0.4277100881468497 END 
START 12.597606837606838 21.232136752136753 -6.088205128205129 -1.056182054403445 -0.06110144116383567 -0.9688942813122513 END 
START 13.114529914529914 20.61948717948718 -5.858461538461539 -0.7157597393477892 -0.4102525335286109 -0.7594036258933862 END 
START 13.478290598290599 19.987692307692306 -5.552136752136752 -0.27059209658270084 -0.7594036258933862 -0.3142359831282977 END 
START 12.31042735042735 17.9582905982906 -4.269401709401709 0.4102525335286109 -1.7021115752782794 0.1309316596367907 END 
START 11.1808547008547 16.79042735042735 -3.312136752136752 0.5673705250927598 -2.295668432298397 -0.17457554618238763 END 
START 9.706666666666667 15.067350427350428 -2.0676923076923077 0.7768611805116249 -2.7757511842999634 -0.39279497891037213 END 
START 8.04102564102564 13.4208547008547 -0.9955555555555555 0.9688942813122513 -3.072529612810022 -0.3229647604374171 END 
START 6.471111111111111 11.774358974358975 -0.057435897435897436 1.1434698274946389 -3.3082066001562453 -0.19203310080062638 END 
START 4.958632478632478 10.395897435897435 0.650940170940171 1.187113714040236 -3.508968478265991 -0.16584676887326824 END 
START 3.6567521367521367 9.189743589743589 1.1487179487179486 1.099825940949042 -3.639900137902782 -0.21821943272798452 END 
START 2.6994871794871793 8.347350427350428 1.5124786324786326 1.029995722476087 -3.7621030202304535 -0.24440576465534267 END 
START 0.36376068376068377 6.528547008547009 2.1634188034188035 0.8728777309119381 -3.866848347939886 0.08728777309119382 END 
START -0.7849572649572649 5.973333333333334 2.24 0.7244885166569086 -3.8581195706307665 0.34915109236477526 END 
START -1.991111111111111 5.743589743589744 2.0294017094017094 0.5324554158562822 -3.7446454656122143 0.6372007435657149 END 
START -3.197264957264957 5.647863247863248 1.7230769230769232 0.34915109236477526 -3.596256251357185 0.9776230586213707 END 
START -4.8820512820512825 6.164786324786324 1.3976068376068376 0.16584676887326824 -3.4915109236477524 1.1521986048037582 END 
START -6.605128205128205 7.122051282051282 0.9764102564102564 -0.1483892142550295 -3.4478670371021556 0.8117762897481025 END 
START -7.868717948717949 7.696410256410257 0.5743589743589743 -0.45389642007420783 -3.203461272446813 0.4626251973833272 END 
START -9.419487179487179 8.73025641025641 0.3446153846153846 -0.49754030661980475 -2.7844799616090827 0.7419460712751474 END 
START -11.2191452991453 10.510769230769231 -0.28717948717948716 -0.4713539746924466 -2.3393123188439944 0.8030475124389831 END 
START -12.061538461538461 11.621196581196582 -1.1104273504273505 -0.5062690839289241 -1.9203310080062639 0.49754030661980475 END 
START -12.406153846153845 12.31042735042735 -2.2974358974358973 -0.4713539746924466 -1.3791468148408623 0.24440576465534267 END 
START -12.061538461538461 13.688888888888888 -4.135384615384615 -0.30550720581917834 -0.3753374242921334 0.052372663854716284 END 
START -11.65948717948718 14.282393162393163 -4.786324786324786 -0.08728777309119382 -0.017457554618238762 0.06983021847295505 END 
START -11.678632478632478 14.952478632478632 -4.8246153846153845 0.1309316596367907 0.22694821003710391 -0.052372663854716284 END 
START -11.276581196581196 15.316239316239317 -4.9394871794871795 0.3142359831282977 0.6110144116383567 -0.28804965120093956 END 
START -10.223589743589743 15.316239316239317 -5.15008547008547 0.49754030661980475 1.056182054403445 -0.30550720581917834 END 
START -8.9791452991453 15.699145299145298 -5.322393162393162 0.7681324032025055 1.4577058106229366 -0.07855899578207443 END 
START -7.926153846153846 16.273504273504273 -5.37982905982906 1.0387244997852063 1.675925243350921 -0.04364388654559691 END 
START -6.9688888888888885 16.426666666666666 -5.2841025641025645 1.2220288232767134 1.7806705710603539 -0.28804965120093956 END 
START -5.935042735042735 16.33094017094017 -5.245811965811966 1.4053331467682204 1.8679583441515475 -0.49754030661980475 END 
START -5.016068376068376 16.024615384615384 -5.035213675213675 1.623552579496205 1.990161226479219 -0.5237266385471628 END 
START -4.25025641025641 15.794871794871796 -4.6523076923076925 1.8766871214606669 2.147279218043368 -0.30550720581917834 END 
START -3.407863247863248 15.794871794871796 -4.384273504273504 2.147279218043368 2.2869396549892778 -0.07855899578207443 END 
START -1.2827350427350428 14.703589743589744 -3.7524786324786326 2.54007419695374 2.3043972096075165 -0.1483892142550295 END 
START -0.5169230769230769 13.822905982905983 -3.005811965811966 2.6971921885178887 2.269482100371039 -0.1309316596367907 END 
START 0.19145299145299144 12.750769230769231 -2.3548717948717948 2.8455814027729183 2.2869396549892778 -0.008728777309119381 END 
START 0.67008547008547 11.563760683760684 -2.0676923076923077 2.932869175864112 2.2520245457528003 0.008728777309119381 END 
START 1.0721367521367522 10.185299145299146 -1.6273504273504273 2.950326730482351 2.1909231045889648 -0.017457554618238762 END 
START 1.9336752136752138 8.9408547008547 -1.301880341880342 2.906682843936754 2.0774489995704126 -0.16584676887326824 END 
START 3.1206837606837605 7.275213675213675 -1.2444444444444445 2.836852625463799 1.83304323491507 -0.3753374242921334 END 
START 4.077948717948718 5.1692307692307695 -1.1295726495726495 2.6884634112087693 1.536264806405011 -0.4713539746924466 END 
START 4.518290598290598 2.8335042735042735 -1.0338461538461539 2.4353288692443074 1.326774150986146 -0.49754030661980475 END 
START 4.901196581196581 0.3063247863247863 -0.9381196581196581 2.1821943272798454 1.2656727098223102 -0.48008275200156597 END 
START 4.5374358974358975 -1.5316239316239315 -0.67008547008547 1.9377885626245026 1.3005878190587878 -0.45389642007420783 END 
