START -2.1634188034188035 0.5552136752136753 -3.5035897435897434 0.10474532770943257 -0.27059209658270084 0.296778428510059 END 
START -2.5271794871794873 0.3063247863247863 -3.2547008547008547 0 -0.20076187810974577 0.052372663854716284 END 
START -2.6994871794871793 -0.019145299145299145 -2.8526495726495726 -0.17457554618238763 0.04364388654559691 0 END 
START -2.68034188034188 -0.019145299145299145 -2.5654700854700856 -0.38406620160125277 0.4277100881468497 0.16584676887326824 END 
START -2.890940170940171 0.5360683760683761 -2.8143589743589743 -0.593556857020118 0.8030475124389831 0.24440576465534267 END 
START -3.005811965811966 0.9381196581196581 -2.756923076923077 -0.6983021847295505 0.98635183593049 0.052372663854716284 END 
START -3.024957264957265 1.187008547008547 -2.393162393162393 -0.8292338443663412 1.0910971636399227 -0.09601655040031319 END 
START -2.8526495726495726 1.703931623931624 -1.4167521367521367 -1.0125381678578482 1.3616892602226234 -0.183304323491507 END 
START -2.756923076923077 2.756923076923077 -0.8041025641025641 -1.1783849367311166 1.69338279796916 -0.4277100881468497 END 
START -3.8864957264957263 3.8864957264957263 -0.019145299145299145 -1.579908692950608 1.9988900037883384 -1.4402482560046979 END 
START -3.8482051282051284 4.556581196581196 1.2444444444444445 -1.8243144576059507 2.374227428080472 -1.5449935837141304 END 
START -2.986666666666667 6.394529914529914 2.5271794871794873 -2.1036353314977707 2.7757511842999634 -1.466434587932056 END 
START -2.986666666666667 8.577094017094018 3.1206837606837605 -2.2869396549892778 2.863038957391157 -1.8243144576059507 END 
START -3.982222222222222 9.878974358974359 3.6184615384615384 -2.3305835415348746 2.932869175864112 -2.295668432298397 END 
START -3.082393162393162 10.376752136752136 4.288547008547009 -2.4178713146260686 3.351850486701842 -2.2083806592072035 END 
START -0.13401709401709402 11.736068376068376 4.575726495726496 -2.636090747354053 3.7533742429213337 -1.7806705710603539 END 
START 3.6184615384615384 15.048205128205128 3.9439316239316238 -2.7582936296817246 3.849390793321647 -1.4751633652411755 END 
START 6.9688888888888885 19.643076923076922 2.9675213675213676 -2.6710058565905306 3.613713805975424 -1.7282979072056375 END 
START 9.63008547008547 22.3808547008547 3.2164102564102564 -2.3393123188439944 3.142359831282977 -2.1560079953524873 END 
START 11.602051282051281 24.123076923076923 3.5035897435897434 -1.9639748945518607 2.81939507084556 -1.7282979072056375 END 
START 14.684444444444445 27.607521367521368 2.9675213675213676 -1.0910971636399227 2.496430310408143 -0.08728777309119382 END 
START 16.101196581196582 28.086153846153845 1.7613675213675213 -0.5673705250927598 2.2258382138254422 0.48881152931068533 END 
START 17.173333333333332 28.488205128205127 0.9764102564102564 -0.017457554618238762 1.8592295668424281 1.0649108317125644 END 
START 17.824273504273503 28.966837606837608 0.13401709401709402 0.6110144116383567 1.3791468148408623 1.4926209198594143 END 
START 16.98188034188034 28.00957264957265 -0.19145299145299144 1.4053331467682204 0.6721158528021923 1.5449935837141304 END 
START 14.971623931623931 25.692991452991453 0.4403418803418803 2.033805113024816 0.1483892142550295 1.6322813568053243 END 
START 12.501880341880343 23.031794871794872 1.0912820512820514 2.470243978480785 -0.20949065541886513 1.5275360290958917 END 
START 10.415042735042736 19.930256410256412 1.703931623931624 2.767022406990844 -0.5149978612380435 1.396604369459101 END 
START 8.28991452991453 17.30735042735043 2.259145299145299 2.9852418397188285 -0.7768611805116249 1.326774150986146 END 
START 6.394529914529914 14.856752136752137 2.795213675213675 3.1249022766647383 -0.9688942813122513 1.1609273821128776 END 
START 4.728888888888889 12.214700854700855 3.4461538461538463 3.1685461632103356 -1.0910971636399227 0.84669139898458 END 
START 2.086837606837607 6.662564102564103 4.058803418803419 2.8804965120093957 -0.9601655040031319 0.49754030661980475 END 
START 1.991111111111111 2.9675213675213676 3.1398290598290597 2.583718083499337 -0.9688942813122513 0.7419460712751474 END 
START 2.278290598290598 1.5507692307692307 2.8143589743589743 2.3480410961531137 -1.0125381678578482 0.9601655040031319 END 
START 2.259145299145299 0.3254700854700855 2.374017094017094 2.059991444952174 -0.98635183593049 0.9950806132396095 END 
START 2.125128205128205 -0.5743589743589743 1.9719658119658119 1.7021115752782794 -0.9252503947666544 0.7157597393477892 END 
START 2.2974358974358973 -1.7230769230769232 1.5124786324786326 1.3355029282952653 -0.8816065082210575 0.2793208738918202 END 
START 2.6994871794871793 -2.871794871794872 0.9764102564102564 1.0125381678578482 -0.8641489536028187 0.21821943272798452 END 
START 2.756923076923077 -3.3695726495726497 0.5935042735042735 0.7070309620386699 -0.8728777309119381 0.3753374242921334 END 
START 2.5654700854700856 -3.675897435897436 0.2105982905982906 0.3578798696738946 -0.8117762897481025 0.45389642007420783 END 
START 2.5654700854700856 -3.9247863247863246 -0.019145299145299145 -0.008728777309119381 -0.7419460712751474 0.40152375621949155 END 
START 2.68034188034188 -4.03965811965812 -0.11487179487179487 -0.3753374242921334 -0.6546582981839536 0.34915109236477526 END 
START 2.9292307692307693 -3.9056410256410254 -0.24888888888888888 -0.7157597393477892 -0.5760993024018791 0.3229647604374171 END 
START 3.427008547008547 -3.5993162393162392 -0.22974358974358974 -1.4140619240773398 -0.549912970474521 0.008728777309119381 END 
START 3.561025641025641 -3.5993162393162392 -0.13401709401709402 -1.8155856802968313 -0.5760993024018791 -0.1396604369459101 END 
START 3.561025641025641 -3.1206837606837605 0.2105982905982906 -2.2345669911345616 -0.6546582981839536 -0.24440576465534267 END 
START 3.6184615384615384 -2.24 0.8998290598290598 -2.609904415426695 -0.7070309620386699 -0.2793208738918202 END 
START 3.6376068376068376 -1.1104273504273505 1.837948717948718 -3.0026993943370672 -0.7419460712751474 -0.22694821003710391 END 
START 3.388717948717949 0.13401709401709402 2.6994871794871793 -3.3780368186292007 -0.8205050670572218 -0.20949065541886513 END 
START 2.622905982905983 1.6082051282051282 4.02051282051282 -3.770831797539573 -0.9077928401484157 -0.20949065541886513 END 
START 2.1442735042735044 3.2355555555555555 5.0543589743589745 -4.189813108377303 -0.8728777309119381 -0.06110144116383567 END 
START 2.0485470085470086 5.896752136752137 5.475555555555555 -4.591336864596794 -0.8379626216754605 0.17457554618238763 END 
START 2.01025641025641 10.281025641025641 6.183931623931624 -4.853200183870376 -0.8379626216754605 0.549912970474521 END 
START 1.5699145299145298 16.40752136752137 6.700854700854701 -5.019046952743644 -0.7855899578207443 0.4626251973833272 END 
START 1.837948717948718 27.703247863247864 5.935042735042735 -4.067610226049632 -0.7244885166569086 -0.6895734074204312 END 
START 0.8232478632478633 28.90940170940171 4.862905982905983 -3.1249022766647383 -0.8292338443663412 -1.1434698274946389 END 
START -0.3446153846153846 27.492649572649572 3.675897435897436 -2.269482100371039 -0.7157597393477892 -1.2656727098223102 END 
START 0.13401709401709402 25.865299145299144 2.795213675213675 -1.6671964660418017 -0.3316935377465365 -0.9514367266940126 END 
START 1.5316239316239315 24.946324786324787 1.6656410256410257 -1.1521986048037582 -0.026186331927358142 -0.6546582981839536 END 
START 2.9483760683760685 23.414700854700854 0.7658119658119658 -0.6022856343292373 0.034915109236477525 -0.6284719662565954 END 
START 3.9247863247863246 21.212991452991453 0.13401709401709402 -0.09601655040031319 -0.07855899578207443 -0.6546582981839536 END 
START 4.173675213675214 18.80068376068376 -0.28717948717948716 0.296778428510059 -0.22694821003710391 -0.5586417477836404 END 
