START -0.3254700854700855 1.9528205128205127 -6.011623931623932 0.19203310080062638 0.026186331927358142 -0.08728777309119382 END 
START -0.67008547008547 1.4167521367521367 -5.303247863247863 -0.026186331927358142 0.24440576465534267 0.12220288232767133 END 
START -1.3976068376068376 1.0147008547008547 -5.303247863247863 -0.25313454196446206 0.12220288232767133 0.15711799156414885 END 
START -2.220854700854701 0.5743589743589743 -4.326837606837607 -0.296778428510059 -0.27059209658270084 -0.06983021847295505 END 
START -3.4844444444444442 0.07658119658119658 -2.776068376068376 -0.5411841931654017 -0.2618633192735814 -0.20076187810974577 END 
START -5.111794871794872 0.019145299145299145 -1.187008547008547 -0.8292338443663412 0.017457554618238762 -0.5673705250927598 END 
START -6.758290598290598 0.03829059829059829 0.15316239316239316 -1.2918590417496685 0.3229647604374171 -1.1434698274946389 END 
START -7.734700854700855 -0.24888888888888888 1.435897435897436 -1.649738911423563 0.49754030661980475 -1.6584676887326824 END 
START -8.002735042735043 -0.5935042735042735 2.488888888888889 -1.9116022306971445 1.099825940949042 -1.4577058106229366 END 
START -7.7155555555555555 0.3254700854700855 2.91008547008547 -2.2345669911345616 1.946517339933622 -1.0212669451669676 END 
START -6.681709401709401 1.8188034188034188 3.197264957264957 -2.662277079281411 2.5051590877172623 -1.029995722476087 END 
START -4.077948717948718 4.345982905982906 2.3165811965811964 -3.535154810193349 3.351850486701842 -1.1434698274946389 END 
START -2.278290598290598 6.585982905982906 1.1487179487179486 -3.875577125249005 3.7184591336848563 -1.0212669451669676 END 
START 1.1104273504273505 10.75965811965812 -0.7849572649572649 -3.919221011794602 4.076339003358751 -0.6721158528021923 END 
START 4.901196581196581 16.043760683760684 -3.082393162393162 -3.7184591336848563 4.032695116813154 -0.663387075493073 END 
START 7.8878632478632476 20.121709401709403 -5.0543589743589745 -3.4740533690295137 3.3954943732474394 -1.4577058106229366 END 
START 10.07042735042735 21.71076923076923 -6.337094017094017 -2.932869175864112 2.5749893061902176 -1.9639748945518607 END 
START 11.027692307692307 22.648888888888887 -6.700854700854701 -2.2869396549892778 1.946517339933622 -1.9203310080062639 END 
START 11.831794871794871 23.07008547008547 -6.815726495726496 -1.7806705710603539 1.4315194786955785 -1.8155856802968313 END 
START 12.980512820512821 22.87863247863248 -7.026324786324786 -1.2482151552040714 0.9514367266940126 -1.3442317056043847 END 
START 13.803760683760684 22.936068376068377 -6.854017094017094 -0.733217293966028 0.5848280797109986 -0.7681324032025055 END 
START 14.339829059829059 22.514871794871794 -6.394529914529914 -0.3229647604374171 0.11347410501855196 -0.48008275200156597 END 
START 13.822905982905983 20.581196581196583 -5.207521367521368 0.366608646983014 -1.0125381678578482 -0.27059209658270084 END 
START 11.774358974358975 17.651965811965812 -3.8290598290598292 0.916521617457535 -1.8592295668424281 -0.008728777309119381 END 
START 10.281025641025641 16.043760683760684 -2.9483760683760685 1.187113714040236 -2.243295768443681 0.21821943272798452 END 
START 8.443076923076923 14.301538461538462 -1.8188034188034188 1.3180453736770266 -2.6011756381175757 0.22694821003710391 END 
START 6.72 12.214700854700855 -0.8041025641025641 1.3616892602226234 -2.8717677347002764 0.2356769873462233 END 
START 5.073504273504273 10.338461538461539 -0.11487179487179487 1.396604369459101 -3.072529612810022 0.366608646983014 END 
START 3.6567521367521367 8.596239316239316 0.4211965811965812 1.352960482913504 -3.159817385901216 0.5848280797109986 END 
START 2.2974358974358973 7.581538461538462 0.7083760683760684 1.213300045967594 -3.151088608592097 0.8205050670572218 END 
START 1.3593162393162392 6.988034188034188 0.8232478632478633 1.073639609021684 -3.1685461632103356 0.9601655040031319 END 
START 0.4403418803418803 6.451965811965812 1.0147008547008547 0.8990640628392963 -3.1947324951376936 1.0038093905487289 END 
START -0.3254700854700855 5.858461538461539 1.0721367521367522 0.6983021847295505 -3.203461272446813 0.98635183593049 END 
START -1.991111111111111 4.345982905982906 1.187008547008547 0.22694821003710391 -3.2121900497559324 0.733217293966028 END 
START -2.5463247863247864 3.58017094017094 0.9764102564102564 0.008728777309119381 -3.0812583901191415 0.8903352855301769 END 
START -2.8526495726495726 3.3504273504273505 0.7466666666666667 -0.24440576465534267 -2.889225289318515 1.1260122728764002 END 
START -3.3504273504273505 3.5993162393162392 0.5360683760683761 -0.5411841931654017 -2.836852625463799 1.099825940949042 END 
START -3.9056410256410254 3.6567521367521367 0.5743589743589743 -0.8292338443663412 -2.810666293536441 0.9339791720757737 END 
START -4.48 3.6567521367521367 0.8423931623931624 -1.1172834955672808 -2.6710058565905306 0.9950806132396095 END 
START -5.264957264957265 4.058803418803419 0.6317948717948718 -1.396604369459101 -2.3654986507713525 1.3093165963679072 END 
START -6.069059829059829 5.552136752136752 0.2105982905982906 -1.7195691298965181 -1.9988900037883384 1.466434587932056 END 
START -6.413675213675214 7.581538461538462 -0.650940170940171 -2.033805113024816 -1.763213016442115 1.352960482913504 END 
START -6.9688888888888885 10.204444444444444 -1.301880341880342 -2.2345669911345616 -1.649738911423563 1.099825940949042 END 
START -7.7155555555555555 13.21025641025641 -1.7613675213675213 -2.356769873462233 -1.466434587932056 0.7506748485842668 END 
START -8.462222222222222 15.641709401709402 -2.488888888888889 -2.2258382138254422 -1.1696561594219972 0.5586417477836404 END 
START -9.304615384615385 20.217435897435898 -4.269401709401709 -1.3616892602226234 -0.2356769873462233 0.8728777309119381 END 
START -8.73025641025641 22.15111111111111 -5.341538461538462 -0.8816065082210575 0.07855899578207443 0.6284719662565954 END 
START -8.27076923076923 23.08923076923077 -5.858461538461539 -0.296778428510059 0.2618633192735814 0.296778428510059 END 
START -8.423931623931624 22.744615384615386 -5.686153846153847 0.27059209658270084 0.45389642007420783 0.034915109236477525 END 
START -8.50051282051282 21.672478632478633 -5.130940170940171 0.8030475124389831 0.7681324032025055 -0.06110144116383567 END 
START -7.696410256410257 20.562051282051282 -4.901196581196581 1.2831302644405491 1.213300045967594 0.06983021847295505 END 
START -6.815726495726496 19.757948717948718 -4.614017094017094 1.7021115752782794 1.5624511383323691 0.1483892142550295 END 
START -5.59042735042735 19.011282051282052 -4.3076923076923075 1.9814324491700996 1.7893993483694732 0 END 
START -4.614017094017094 18.092307692307692 -3.790769230769231 2.243295768443681 1.8941446760789058 -0.12220288232767133 END 
START -3.982222222222222 17.077606837606837 -3.1398290598290597 2.5138878650263816 1.990161226479219 -0.19203310080062638 END 
START -3.197264957264957 16.08205128205128 -2.4314529914529914 2.732107297754366 2.2258382138254422 -0.09601655040031319 END 
START -2.1825641025641027 15.488547008547009 -1.8188034188034188 2.96778428510059 2.426600091935188 -0.06983021847295505 END 
START 0.1723076923076923 13.976068376068376 -0.7658119658119658 3.343121709392723 2.5313454196446203 -0.3142359831282977 END 
START 1.187008547008547 12.76991452991453 -0.6126495726495726 3.430409482483917 2.4615152011716654 -0.366608646983014 END 
START 2.2974358974358973 11.468034188034189 -0.40205128205128204 3.5176972555751105 2.3393123188439944 -0.6110144116383567 END 
START 3.9056410256410254 9.821538461538461 -0.4211965811965812 3.4391382597930362 2.1909231045889648 -0.8641489536028187 END 
START 5.130940170940171 7.964444444444444 -0.4594871794871795 3.299477822847126 1.990161226479219 -0.9950806132396095 END 
START 5.762735042735042 6.222222222222222 -0.3829059829059829 3.1074447220464996 1.9290597853153832 -0.8816065082210575 END 
START 6.337094017094017 4.633162393162393 -0.8041025641025641 3.0288857262644253 1.7195691298965181 -0.8728777309119381 END 
START 6.356239316239316 2.3165811965811964 -0.6126495726495726 3.0114281716461866 1.4926209198594143 -1.1783849367311166 END 
