START -0.07658119658119658 1.6847863247863248 -3.8482051282051284 0.3229647604374171 -0.7681324032025055 0.34042231505565584 END 
START -0.5169230769230769 1.8762393162393163 -4.02051282051282 0.28804965120093956 -0.8990640628392963 0.21821943272798452 END 
START -1.4167521367521367 1.5699145299145298 -3.0441025641025643 0.19203310080062638 -0.8990640628392963 0.017457554618238762 END 
START -2.5463247863247864 0.7275213675213675 -2.4505982905982906 0 -0.6546582981839536 -0.06110144116383567 END 
START -3.675897435897436 0.5552136752136753 -2.24 -0.24440576465534267 -0.24440576465534267 -0.06983021847295505 END 
START -4.441709401709402 0.4403418803418803 -2.3165811965811964 -0.4713539746924466 0.07855899578207443 -0.15711799156414885 END 
START -5.035213675213675 0.1723076923076923 -1.9336752136752138 -0.6721158528021923 0.3229647604374171 -0.296778428510059 END 
START -5.341538461538462 -0.11487179487179487 -1.4167521367521367 -0.8728777309119381 0.6372007435657149 -0.27059209658270084 END 
START -5.456410256410257 0.057435897435897436 -1.2827350427350428 -1.0038093905487289 1.073639609021684 -0.20076187810974577 END 
START -5.0543589743589745 0.9381196581196581 -0.6317948717948718 -1.5188072517867723 1.8417720122241894 -0.4277100881468497 END 
START -5.130940170940171 1.187008547008547 0 -1.7893993483694732 2.0076187810974577 -0.6808446301113117 END 
START -5.552136752136752 1.3593162393162392 1.1295726495726495 -2.0250763357156965 2.1385504407342486 -0.84669139898458 END 
START -6.030769230769231 1.7422222222222221 2.488888888888889 -2.313125986916636 2.5749893061902176 -0.593556857020118 END 
START -5.743589743589744 3.158974358974359 3.4461538461538463 -2.662277079281411 3.142359831282977 -0.25313454196446206 END 
START -4.48 5.475555555555555 4.116239316239316 -3.0026993943370672 3.6573576925210207 -0.10474532770943257 END 
START -2.5654700854700856 8.634529914529914 4.403418803418804 -3.360579264010962 3.94540734372196 -0.40152375621949155 END 
START 0.49777777777777776 12.923076923076923 3.8482051282051284 -3.6224425832845433 4.189813108377303 -0.6983021847295505 END 
START 3.5035897435897434 17.288205128205128 2.776068376068376 -3.5438835875024686 4.146169221831706 -0.916521617457535 END 
START 6.203076923076923 21.44273504273504 3.0441025641025643 -3.2209188270650517 3.8843059025581246 -0.9688942813122513 END 
START 8.902564102564103 25.99931623931624 2.986666666666667 -2.7757511842999634 3.6486289152119014 -1.0212669451669676 END 
START 12.903931623931625 31.206837606837606 2.890940170940171 -1.4402482560046979 2.993970617027948 -0.6022856343292373 END 
START 14.512136752136753 32.60444444444445 2.5846153846153848 -0.7070309620386699 2.793208738918202 -0.19203310080062638 END 
START 15.852307692307692 32.96820512820513 1.7422222222222221 0.052372663854716284 2.496430310408143 0.11347410501855196 END 
START 14.761025641025642 26.8991452991453 0.8998290598290598 2.3305835415348746 1.0125381678578482 0.9950806132396095 END 
START 12.99965811965812 23.606153846153845 1.435897435897436 2.8804965120093957 0.549912970474521 1.1172834955672808 END 
START 10.778803418803419 20.255726495726496 1.9336752136752138 3.2820202682288873 0.1396604369459101 1.1172834955672808 END 
START 8.596239316239316 17.05846153846154 2.5654700854700856 3.482782146338633 -0.19203310080062638 0.7943187351298637 END 
START 6.930598290598291 13.631452991452992 3.178119658119658 3.552612364811588 -0.39279497891037213 0.5324554158562822 END 
START 5.456410256410257 10.395897435897435 3.5227350427350426 3.5002397009568718 -0.5149978612380435 0.4626251973833272 END 
START 4.671452991452991 7.6581196581196584 3.427008547008547 3.3693080413200813 -0.5848280797109986 0.5411841931654017 END 
START 3.8673504273504276 3.3312820512820513 3.082393162393162 3.0114281716461866 -0.8030475124389831 0.7244885166569086 END 
START 3.5418803418803417 1.703931623931624 3.0441025641025643 2.7495648523726053 -0.8816065082210575 0.733217293966028 END 
START 3.4652991452991455 0.5169230769230769 2.7186324786324785 2.3916849826987105 -0.916521617457535 0.7070309620386699 END 
START 3.388717948717949 -0.6126495726495726 2.5271794871794873 2.0512626676430545 -0.9077928401484157 0.619743188947476 END 
START 3.2547008547008547 -1.6082051282051282 2.0485470085470086 1.675925243350921 -0.84669139898458 0.5149978612380435 END 
START 3.312136752136752 -2.5846153846153848 1.703931623931624 1.3355029282952653 -0.8117762897481025 0.40152375621949155 END 
START 3.3504273504273505 -3.312136752136752 1.34017094017094 0.9688942813122513 -0.7681324032025055 0.44516764276508847 END 
START 3.407863247863248 -3.80991452991453 0.8806837606837606 0.5673705250927598 -0.7681324032025055 0.5411841931654017 END 
START 3.3312820512820513 -4.173675213675214 0.49777777777777776 0.17457554618238763 -0.7943187351298637 0.593556857020118 END 
START 3.5227350427350426 -4.48 0.40205128205128204 -0.2618633192735814 -0.7594036258933862 0.48008275200156597 END 
START 3.9439316239316238 -4.5948717948717945 0.13401709401709402 -0.7419460712751474 -0.7506748485842668 0.39279497891037213 END 
START 4.135384615384615 -3.8864957264957263 0.5552136752136753 -1.536264806405011 -0.9252503947666544 0.366608646983014 END 
START 3.963076923076923 -3.4844444444444442 0.9764102564102564 -1.946517339933622 -1.0387244997852063 0.3316935377465365 END 
START 3.4461538461538463 -2.795213675213675 1.8762393162393163 -2.321854764225755 -1.1260122728764002 0.25313454196446206 END 
START 2.9292307692307693 -1.9528205128205127 2.8143589743589743 -2.7844799616090827 -1.1347410501855195 -0.026186331927358142 END 
START 2.871794871794872 -1.0338461538461539 3.407863247863248 -3.325664154774484 -1.0910971636399227 -0.183304323491507 END 
START 2.756923076923077 0.26803418803418805 3.963076923076923 -3.7446454656122143 -1.1521986048037582 -0.183304323491507 END 
START 2.7186324786324785 1.837948717948718 4.384273504273504 -4.172355553759064 -1.2831302644405491 0.09601655040031319 END 
START 2.8526495726495726 5.016068376068376 4.786324786324786 -4.617523196524153 -1.3093165963679072 0.663387075493073 END 
START 2.661196581196581 10.644786324786324 4.958632478632478 -5.027775730052763 -1.2569439325131908 0.9601655040031319 END 
START 1.6656410256410257 17.843418803418803 4.7671794871794875 -5.245995162780748 -1.3791468148408623 0.06110144116383567 END 
START -0.057435897435897436 23.70188034188034 5.073504273504273 -5.053962061980122 -1.7108403525873987 -1.2220288232767134 END 
START -2.488888888888889 27.81811965811966 5.36068376068376 -4.3905749864870485 -1.8941446760789058 -1.9116022306971445 END 
START -4.4225641025641025 27.952136752136752 3.675897435897436 -2.4178713146260686 -1.1260122728764002 -0.9514367266940126 END 
START -4.211965811965812 26.784273504273504 2.2974358974358973 -1.6584676887326824 -0.663387075493073 -0.6110144116383567 END 
START -2.91008547008547 24.563418803418802 0.8232478632478633 -1.073639609021684 -0.27059209658270084 -0.6546582981839536 END 
START -0.8615384615384616 21.95965811965812 -0.3254700854700855 -0.6546582981839536 -0.052372663854716284 -0.5760993024018791 END 
START 0.7466666666666667 19.566495726495727 -1.0721367521367522 -0.3142359831282977 0.008728777309119381 -0.296778428510059 END 
START 1.9528205128205127 17.44136752136752 -1.5316239316239315 -0.052372663854716284 0.07855899578207443 0.06110144116383567 END 
START 2.7377777777777776 15.852307692307692 -1.7613675213675213 0.12220288232767133 0.06110144116383567 0.3316935377465365 END 
START 2.9483760683760685 14.818461538461538 -1.3784615384615384 0.25313454196446206 -0.017457554618238762 0.25313454196446206 END 
START 2.91008547008547 13.631452991452992 -0.8615384615384616 0.34042231505565584 -0.06983021847295505 0.06110144116383567 END 
START 2.5846153846153848 12.482735042735042 -0.40205128205128204 0.43643886545596905 -0.06110144116383567 -0.017457554618238762 END 
START 2.1634188034188035 11.391452991452992 0 0.48881152931068533 0.017457554618238762 0 END 
