START -1.9719658119658119 -1.5316239316239315 -2.374017094017094 -0.7768611805116249 -0.27059209658270084 -0.8117762897481025 END 
START -2.4314529914529914 -2.4505982905982906 -2.4123076923076923 -1.0038093905487289 -0.08728777309119382 -0.8990640628392963 END 
START -2.795213675213675 -2.622905982905983 -2.01025641025641 -1.0038093905487289 0.16584676887326824 -0.5760993024018791 END 
START -3.158974358974359 -2.2974358974358973 -1.9719658119658119 -1.187113714040236 0.48881152931068533 -0.15711799156414885 END 
START -3.388717948717949 -1.5699145299145298 -1.8570940170940171 -1.466434587932056 0.7943187351298637 -0.11347410501855196 END 
START -3.388717948717949 -0.918974358974359 -1.4933333333333334 -1.7108403525873987 1.073639609021684 -0.3229647604374171 END 
START -3.158974358974359 -0.4594871794871795 -1.2444444444444445 -1.8417720122241894 1.3180453736770266 -0.4277100881468497 END 
START -3.5227350427350426 -0.09572649572649572 -1.1295726495726495 -1.9814324491700996 1.4402482560046979 -0.34915109236477526 END 
START -4.02051282051282 0.5935042735042735 -0.650940170940171 -2.042533890333935 1.649738911423563 -0.27059209658270084 END 
START -4.231111111111111 1.3976068376068376 0.3063247863247863 -2.269482100371039 1.9028734533880252 -0.3316935377465365 END 
START -4.633162393162393 2.9675213675213676 1.7996581196581196 -2.8717677347002764 2.54007419695374 -0.8816065082210575 END 
START -4.499145299145299 3.407863247863248 2.7186324786324785 -3.0288857262644253 2.8455814027729183 -0.593556857020118 END 
START -4.097094017094017 5.456410256410257 3.2164102564102564 -3.2209188270650517 3.2209188270650517 -0.1309316596367907 END 
START -2.24 8.9791452991453 3.7333333333333334 -3.4216807051747975 3.5438835875024686 -0.2793208738918202 END 
START -0.057435897435897436 12.272136752136753 3.5418803418803417 -3.6748152471392594 3.535154810193349 -1.1521986048037582 END 
START 0.650940170940171 13.746324786324786 3.561025641025641 -3.6573576925210207 3.116173499355619 -1.97270367186098 END 
START 0.7466666666666667 14.435555555555556 4.25025641025641 -3.535154810193349 2.863038957391157 -1.8766871214606669 END 
START 2.4505982905982906 17.02017094017094 4.25025641025641 -3.482782146338633 3.046343280882664 -1.2918590417496685 END 
START 4.518290598290598 20.274871794871796 4.135384615384615 -3.2907490455380066 2.950326730482351 -1.2744014871314298 END 
START 6.739145299145299 22.974358974358974 4.02051282051282 -3.0638008355009028 2.662277079281411 -1.5624511383323691 END 
START 8.404786324786325 25.52068376068376 3.695042735042735 -2.732107297754366 2.321854764225755 -1.396604369459101 END 
START 10.127863247863248 29.694358974358973 2.603760683760684 -1.5275360290958917 1.9290597853153832 -0.4626251973833272 END 
START 11.2 31.80034188034188 1.3976068376068376 -0.7768611805116249 1.8766871214606669 0.2618633192735814 END 
START 12.272136752136753 33.485128205128206 -0.1723076923076923 0.10474532770943257 1.7457554618238762 0.9077928401484157 END 
START 12.980512820512821 33.42769230769231 -1.0338461538461539 1.056182054403445 1.4402482560046979 1.4315194786955785 END 
START 13.018803418803419 31.991794871794873 -1.3976068376068376 1.97270367186098 1.056182054403445 1.9203310080062639 END 
START 11.716923076923077 29.636923076923075 -0.5935042735042735 2.8281238481546795 0.5411841931654017 1.9116022306971445 END 
START 9.783247863247864 26.037606837606837 0.7275213675213675 3.325664154774484 0.1396604369459101 1.3442317056043847 END 
START 7.868717948717949 21.672478632478633 1.5699145299145298 3.613713805975424 -0.1396604369459101 0.7855899578207443 END 
START 6.222222222222222 17.594529914529915 2.4123076923076923 3.8319332387034084 -0.34915109236477526 0.6808446301113117 END 
START 4.5374358974358975 14.378119658119658 3.158974358974359 3.9279497891037214 -0.5149978612380435 0.7681324032025055 END 
START 2.9292307692307693 11.716923076923077 3.5993162393162392 3.9279497891037214 -0.6459295208748342 0.6808446301113117 END 
START 1.6273504273504273 8.9791452991453 4.211965811965812 3.7621030202304535 -0.7244885166569086 0.21821943272798452 END 
START 0.67008547008547 3.2547008547008547 4.326837606837607 3.116173499355619 -0.4277100881468497 0.20076187810974577 END 
START 0.918974358974359 1.5699145299145298 3.427008547008547 2.863038957391157 -0.3578798696738946 0.5760993024018791 END 
START 1.2061538461538461 0.24888888888888888 2.9483760683760685 2.557531751571979 -0.41898131083773027 0.7943187351298637 END 
START 1.3784615384615384 -0.8423931623931624 2.488888888888889 2.1909231045889648 -0.44516764276508847 0.8554201762936994 END 
START 1.6656410256410257 -1.8953846153846154 2.0294017094017094 1.7370266845147568 -0.4626251973833272 0.7681324032025055 END 
START 1.8953846153846154 -2.6420512820512823 1.6656410256410257 1.2918590417496685 -0.43643886545596905 0.6110144116383567 END 
START 2.0294017094017094 -3.2355555555555555 1.2827350427350428 0.8728777309119381 -0.38406620160125277 0.38406620160125277 END 
START 2.508034188034188 -3.8482051282051284 0.7275213675213675 0.49754030661980475 -0.3578798696738946 0.28804965120093956 END 
START 3.158974358974359 -4.288547008547009 0.28717948717948716 0.1483892142550295 -0.3753374242921334 0.3578798696738946 END 
START 3.5227350427350426 -4.345982905982906 0.019145299145299145 -0.19203310080062638 -0.40152375621949155 0.48881152931068533 END 
START 3.80991452991453 -3.80991452991453 -0.03829059829059829 -0.5324554158562822 -0.43643886545596905 0.5237266385471628 END 
START 4.326837606837607 -3.024957264957265 0 -0.9077928401484157 -0.48881152931068533 0.3142359831282977 END 
START 5.073504273504273 -2.374017094017094 -0.019145299145299145 -1.5973662475688468 -0.6372007435657149 -0.34915109236477526 END 
START 5.743589743589744 -2.125128205128205 0.19145299145299144 -1.8766871214606669 -0.7855899578207443 -0.34042231505565584 END 
START 6.107350427350427 -1.703931623931624 0.7849572649572649 -2.173465549970726 -0.9776230586213707 -0.1483892142550295 END 
START 6.164786324786324 -0.9764102564102564 1.6273504273504273 -2.496430310408143 -1.1521986048037582 0.017457554618238762 END 
START 5.954188034188034 -0.019145299145299145 2.7377777777777776 -2.8717677347002764 -1.352960482913504 -0.034915109236477525 END 
START 5.456410256410257 0.3829059829059829 3.8482051282051284 -3.2907490455380066 -1.6322813568053243 -0.21821943272798452 END 
START 4.7097435897435895 0.7466666666666667 4.901196581196581 -3.692272801757498 -1.8243144576059507 -0.034915109236477525 END 
START 4.269401709401709 1.8570940170940171 5.915897435897436 -4.08506778066787 -1.806856902987712 0.7157597393477892 END 
START 3.4844444444444442 4.03965811965812 7.0837606837606835 -4.477862759578243 -1.7108403525873987 1.7806705710603539 END 
START 1.8570940170940171 7.638974358974359 8.74940170940171 -4.975403066198047 -1.8155856802968313 1.9988900037883384 END 
START -1.0147008547008547 14.531282051282052 10.357606837606838 -5.830823242491746 -1.9116022306971445 0.8990640628392963 END 
START -3.3312820512820513 24.659145299145298 11.027692307692307 -6.337092326420671 -1.6322813568053243 -0.6110144116383567 END 
START -4.345982905982906 34.99760683760684 7.064615384615385 -3.8406620160125278 -1.3005878190587878 -1.0387244997852063 END 
START -4.499145299145299 33.90632478632479 4.4225641025641025 -2.382956205389591 -1.1434698274946389 -0.8292338443663412 END 
START -3.963076923076923 30.804786324786324 2.68034188034188 -1.3005878190587878 -0.8117762897481025 -1.0038093905487289 END 
START -2.4314529914529914 27.320341880341882 1.1104273504273505 -0.6110144116383567 -0.43643886545596905 -1.1434698274946389 END 
START -0.3446153846153846 24.314529914529913 -0.22974358974358974 -0.052372663854716284 -0.2618633192735814 -1.056182054403445 END 
