START -0.9572649572649573 -1.2444444444444445 -3.695042735042735 -0.6022856343292373 -0.19203310080062638 0.07855899578207443 END 
START -2.68034188034188 -0.6317948717948718 -2.9292307692307693 -0.916521617457535 0.20949065541886513 0.39279497891037213 END 
START -3.407863247863248 0 -2.278290598290598 -1.213300045967594 0.48008275200156597 0.183304323491507 END 
START -3.8290598290598292 0.8232478632478633 -1.9145299145299146 -1.5188072517867723 0.7768611805116249 -0.17457554618238763 END 
START -3.8290598290598292 1.4167521367521367 -1.5507692307692307 -1.7021115752782794 1.1172834955672808 -0.28804965120093956 END 
START -4.25025641025641 2.1825641025641027 -1.187008547008547 -1.763213016442115 1.3093165963679072 -0.3142359831282977 END 
START -4.7671794871794875 2.5654700854700856 -0.40205128205128204 -1.8854158987697864 1.4577058106229366 -0.3753374242921334 END 
START -4.862905982905983 3.7333333333333334 0.5552136752136753 -2.147279218043368 1.9203310080062639 -0.4277100881468497 END 
START -4.001367521367522 4.977777777777778 0.8806837606837606 -2.478972755789904 2.382956205389591 -0.6808446301113117 END 
START -3.3312820512820513 6.088205128205129 1.3593162393162392 -2.732107297754366 2.5662605288810982 -0.9427079493848932 END 
START -3.082393162393162 6.911452991452991 1.837948717948718 -2.8281238481546795 2.6186331927358144 -0.9514367266940126 END 
START -2.0485470085470086 8.538803418803418 2.220854700854701 -2.8979540666276344 2.906682843936754 -0.5586417477836404 END 
START -0.3829059829059829 11.448888888888888 2.374017094017094 -3.020156948955306 3.142359831282977 -0.5324554158562822 END 
START 3.4652991452991455 15.986324786324786 2.795213675213675 -3.072529612810022 2.993970617027948 -1.239486377894952 END 
START 5.475555555555555 18.513504273504275 2.5271794871794873 -2.96778428510059 2.889225289318515 -1.1085547182581614 END 
START 8.098461538461539 21.53846153846154 2.1442735042735044 -2.732107297754366 2.7408360750634855 -0.9339791720757737 END 
START 10.30017094017094 24.142222222222223 1.9336752136752138 -2.313125986916636 2.452786423862546 -0.6808446301113117 END 
START 11.908376068376068 26.975726495726494 1.9145299145299146 -1.8155856802968313 2.1647367726616067 -0.21821943272798452 END 
START 13.325128205128205 29.694358974358973 1.4167521367521367 -1.1958424913493553 1.9552461172427413 0.16584676887326824 END 
START 14.263247863247864 31.283418803418805 0.47863247863247865 -0.4102525335286109 1.6322813568053243 0.41898131083773027 END 
START 13.976068376068376 31.072820512820513 -0.13401709401709402 0.48008275200156597 1.1609273821128776 0.5586417477836404 END 
START 12.693333333333333 29.598632478632478 -0.28717948717948716 1.1958424913493553 0.7157597393477892 0.45389642007420783 END 
START 11.448888888888888 27.262905982905984 -0.11487179487179487 1.8854158987697864 0.38406620160125277 0.41898131083773027 END 
START 10.185299145299146 24.352820512820514 0.4403418803418803 2.452786423862546 0.1396604369459101 0.6372007435657149 END 
START 7.0837606837606835 18.877264957264956 1.435897435897436 3.0812583901191415 -0.24440576465534267 0.7070309620386699 END 
START 6.183931623931624 16.08205128205128 1.8570940170940171 3.24710515899241 -0.45389642007420783 0.5673705250927598 END 
START 5.188376068376068 13.593162393162393 2.3548717948717948 3.343121709392723 -0.5411841931654017 0.549912970474521 END 
START 4.3076923076923075 11.085128205128205 2.776068376068376 3.351850486701842 -0.619743188947476 0.43643886545596905 END 
START 3.7524786324786326 8.615384615384615 2.890940170940171 3.2820202682288873 -0.7070309620386699 0.366608646983014 END 
START 3.3695726495726497 6.566837606837606 3.063247863247863 3.142359831282977 -0.733217293966028 0.38406620160125277 END 
START 2.9483760683760685 4.862905982905983 2.986666666666667 2.976513062409709 -0.7244885166569086 0.4102525335286109 END 
START 2.8143589743589743 3.273846153846154 2.756923076923077 2.7408360750634855 -0.6721158528021923 0.34915109236477526 END 
START 2.9675213675213676 1.6847863247863248 2.3357264957264956 2.4615152011716654 -0.6022856343292373 0.34042231505565584 END 
START 3.082393162393162 0.3829059829059829 1.9719658119658119 2.1385504407342486 -0.5586417477836404 0.4102525335286109 END 
START 3.197264957264957 -0.5743589743589743 1.455042735042735 1.8155856802968313 -0.5586417477836404 0.48008275200156597 END 
START 3.312136752136752 -1.435897435897436 0.9764102564102564 1.5188072517867723 -0.619743188947476 0.4713539746924466 END 
START 3.7141880341880342 -2.890940170940171 -0.057435897435897436 0.6983021847295505 -0.6721158528021923 0.21821943272798452 END 
START 3.7716239316239317 -3.427008547008547 -0.3063247863247863 0.3316935377465365 -0.6721158528021923 0.22694821003710391 END 
START 3.6376068376068376 -3.8482051282051284 -0.5743589743589743 -0.034915109236477525 -0.7157597393477892 0.30550720581917834 END 
START 3.6376068376068376 -4.097094017094017 -0.5360683760683761 -0.38406620160125277 -0.7943187351298637 0.4713539746924466 END 
START 3.4652991452991455 -3.675897435897436 -0.4403418803418803 -0.7943187351298637 -0.8030475124389831 0.4713539746924466 END 
START 3.407863247863248 -3.312136752136752 -0.15316239316239316 -1.2831302644405491 -0.8117762897481025 0.20076187810974577 END 
START 3.4844444444444442 -2.890940170940171 0.11487179487179487 -1.7370266845147568 -0.7943187351298637 0.04364388654559691 END 
START 3.5035897435897434 -1.187008547008547 0.8232478632478633 -2.3916849826987105 -0.9077928401484157 0.183304323491507 END 
START 3.388717948717949 -0.019145299145299145 1.3593162393162392 -2.7146497431361274 -1.0038093905487289 0.20076187810974577 END 
START 3.2164102564102564 1.6273504273504273 1.8762393162393163 -3.1249022766647383 -1.0212669451669676 0.06983021847295505 END 
START 2.9675213675213676 3.5035897435897434 1.9336752136752138 -3.570069919429827 -1.1172834955672808 -0.1309316596367907 END 
START 2.8526495726495726 10.491623931623932 0.9572649572649573 -4.09379655797699 -1.3791468148408623 0.4277100881468497 END 
START 1.8570940170940171 15.852307692307692 1.2444444444444445 -4.09379655797699 -1.6846540206600407 0.34915109236477526 END 
START -0.28717948717948716 20.83008547008547 2.0676923076923077 -3.9279497891037214 -1.9377885626245026 -0.11347410501855196 END 
START -2.220854700854701 24.314529914529913 2.1442735042735044 -3.5176972555751105 -1.7195691298965181 -0.4102525335286109 END 
START -3.2547008547008547 25.99931623931624 1.3784615384615384 -2.8979540666276344 -1.3093165963679072 -0.3578798696738946 END 
START -3.292991452991453 26.20991452991453 0.7658119658119658 -2.173465549970726 -0.9514367266940126 -0.2618633192735814 END 
START -2.7186324786324785 25.32923076923077 -0.03829059829059829 -1.5188072517867723 -0.6110144116383567 -0.30550720581917834 END 
START -1.3976068376068376 23.357264957264956 -0.67008547008547 -0.9950806132396095 -0.30550720581917834 -0.34915109236477526 END 
START 0 21.00239316239316 -1.2252991452991453 -0.549912970474521 -0.06110144116383567 -0.24440576465534267 END 
START 1.0147008547008547 18.475213675213674 -1.7805128205128204 -0.20949065541886513 0.06110144116383567 -0.008728777309119381 END 
START 1.7422222222222221 16.54153846153846 -1.9719658119658119 0.017457554618238762 0.07855899578207443 0.15711799156414885 END 
START 2.4123076923076923 14.11008547008547 -1.7805128205128204 0.17457554618238763 0.026186331927358142 0.017457554618238762 END 
START 2.68034188034188 12.789059829059829 -1.4933333333333334 0.2356769873462233 0.017457554618238762 -0.11347410501855196 END 
START 2.5846153846153848 11.64034188034188 -1.34017094017094 0.3142359831282977 0 -0.06110144116383567 END 
START 2.3357264957264956 10.683076923076923 -0.9955555555555555 0.38406620160125277 -0.034915109236477525 -0.04364388654559691 END 
START 2.0485470085470086 9.764102564102565 -0.6892307692307692 0.38406620160125277 -0.017457554618238762 -0.026186331927358142 END 
START 1.9145299145299146 9.113162393162392 -0.5743589743589743 0.34042231505565584 0.008728777309119381 -0.06110144116383567 END 
START 1.8570940170940171 8.74940170940171 -0.4403418803418803 0.2793208738918202 0.04364388654559691 -0.06983021847295505 END 
START 1.7996581196581196 8.615384615384615 -0.3063247863247863 0.20949065541886513 0.04364388654559691 -0.06983021847295505 END 
START 1.7230769230769232 8.691965811965812 -0.3063247863247863 0.183304323491507 0 -0.17457554618238763 END 
START 1.7613675213675213 8.634529914529914 -0.11487179487179487 0.16584676887326824 -0.07855899578207443 -0.27059209658270084 END 
