START -2.9292307692307693 -2.890940170940171 -1.7996581196581196 0.84669139898458 -1.1958424913493553 -1.1521986048037582 END 
START -3.80991452991453 -4.9394871794871795 -2.2974358974358973 0.026186331927358142 -0.7594036258933862 -1.4227907013864591 END 
START -4.499145299145299 -6.356239316239316 -3.2547008547008547 -0.7244885166569086 -0.44516764276508847 -1.4402482560046979 END 
START -4.9394871794871795 -5.973333333333334 -3.273846153846154 -1.0212669451669676 -0.3229647604374171 -1.187113714040236 END 
START -6.107350427350427 -3.2164102564102564 -0.5552136752136753 -1.8679583441515475 0.24440576465534267 -0.48008275200156597 END 
START -6.854017094017094 -1.8570940170940171 0.057435897435897436 -2.321854764225755 0.7943187351298637 -0.45389642007420783 END 
START -7.332649572649573 0.67008547008547 1.4167521367521367 -2.81939507084556 1.5188072517867723 -0.5848280797109986 END 
START -7.524102564102564 3.790769230769231 2.7377777777777776 -3.2645627136106485 2.1560079953524873 -1.1260122728764002 END 
START -7.0837606837606835 5.705299145299145 3.6376068376068376 -3.552612364811588 2.732107297754366 -1.7108403525873987 END 
START -6.72 6.930598290598291 4.5948717948717945 -3.7621030202304535 3.430409482483917 -1.5275360290958917 END 
START -5.705299145299145 8.309059829059828 5.973333333333334 -3.9279497891037214 4.207270662995541 -0.8030475124389831 END 
START -4.001367521367522 10.75965811965812 7.524102564102564 -4.067610226049632 4.992860620816286 0.296778428510059 END 
START -2.01025641025641 14.607863247863248 8.9408547008547 -4.076339003358751 5.603875032454643 1.0038093905487289 END 
START 1.6656410256410257 18.78153846153846 9.898119658119658 -3.9366785664128408 6.293448439875074 1.3180453736770266 END 
START 5.781880341880342 22.744615384615386 10.319316239316239 -3.508968478265991 6.660057086858088 1.3442317056043847 END 
START 14.32068376068376 28.028717948717947 9.802393162393162 -1.6584676887326824 6.581498091076013 1.2220288232767134 END 
START 17.403076923076924 27.09059829059829 11.276581196581196 -0.8990640628392963 6.302177217184194 1.8155856802968313 END 
START 19.91111111111111 25.53982905982906 11.276581196581196 -0.39279497891037213 6.092686561765328 2.915411621245873 END 
START 22.61059829059829 25.405811965811967 11.563760683760684 0.19203310080062638 5.865738351728224 3.7271879109939756 END 
START 24.525128205128205 25.09948717948718 9.610940170940172 0.8816065082210575 4.975403066198047 3.6049850286663045 END 
START 25.09948717948718 24.41025641025641 8.194188034188034 1.9552461172427413 3.4216807051747975 2.5138878650263816 END 
START 23.52957264957265 21.423589743589744 7.5432478632478634 2.6971921885178887 1.7806705710603539 1.239486377894952 END 
START 20.964102564102564 17.24991452991453 6.739145299145299 3.255833936301529 0.7157597393477892 0.98635183593049 END 
START 17.651965811965812 13.784615384615385 5.59042735042735 3.552612364811588 -0.20949065541886513 0.9776230586213707 END 
START 14.569572649572649 10.874529914529914 5.035213675213675 3.7533742429213337 -0.9427079493848932 1.187113714040236 END 
START 11.946666666666667 9.055726495726496 4.5948717948717945 3.8843059025581246 -1.483892142550295 1.4751633652411755 END 
START 10.012991452991454 7.61982905982906 4.135384615384615 4.067610226049632 -1.990161226479219 1.510078474477653 END 
START 8.615384615384615 6.183931623931624 4.3076923076923075 4.032695116813154 -2.4178713146260686 1.352960482913504 END 
START 5.513846153846154 3.5035897435897434 4.077948717948718 3.2645627136106485 -2.950326730482351 1.5537223610232498 END 
START 3.982222222222222 2.986666666666667 3.982222222222222 3.1860037178285743 -3.020156948955306 1.4489770333138172 END 
START 2.9292307692307693 1.9336752136752138 4.077948717948718 2.976513062409709 -2.9852418397188285 1.073639609021684 END 
START 1.9719658119658119 1.0912820512820514 3.8673504273504276 2.836852625463799 -2.8019375162273215 0.6983021847295505 END 
START 1.187008547008547 0.1723076923076923 4.173675213675214 2.40041376000783 -2.6186331927358144 0.2793208738918202 END 
START 0.7849572649572649 -0.9381196581196581 3.790769230769231 1.7370266845147568 -2.40041376000783 0.07855899578207443 END 
START 0.4403418803418803 -1.5124786324786326 3.1398290598290597 1.4140619240773398 -2.0076187810974577 0.07855899578207443 END 
START 0.28717948717948716 -2.01025641025641 2.5463247863247864 1.1347410501855195 -1.7195691298965181 0 END 
START 0.22974358974358974 -2.5654700854700856 2.1825641025641027 0.84669139898458 -1.466434587932056 -0.1483892142550295 END 
START 0.3254700854700855 -3.063247863247863 1.6847863247863248 0.5673705250927598 -1.2045712686584746 -0.30550720581917834 END 
START 0.7466666666666667 -3.6567521367521367 1.301880341880342 0.296778428510059 -1.0387244997852063 -0.3229647604374171 END 
START 1.9336752136752138 -4.154529914529914 1.052991452991453 -0.7681324032025055 -0.663387075493073 -0.20949065541886513 END 
START 2.2974358974358973 -3.675897435897436 0.918974358974359 -1.1696561594219972 -0.619743188947476 -0.20076187810974577 END 
START 2.68034188034188 -3.312136752136752 0.8998290598290598 -1.4751633652411755 -0.6808446301113117 -0.44516764276508847 END 
START 3.063247863247863 -3.312136752136752 1.187008547008547 -1.7719417937512343 -0.8205050670572218 -0.7244885166569086 END 
START 3.3695726495726497 -3.5227350427350426 1.7422222222222221 -2.2607533230619197 -0.9601655040031319 -0.8205050670572218 END 
START 3.695042735042735 -3.5418803418803417 2.5846153846153848 -3.142359831282977 -1.056182054403445 -0.6983021847295505 END 
START 3.9056410256410254 -2.776068376068376 3.561025641025641 -4.058881448740512 -1.0387244997852063 -0.25313454196446206 END 
START 3.790769230769231 -1.1295726495726495 4.633162393162393 -4.861928961179495 -1.073639609021684 0.06983021847295505 END 
START 3.8290598290598292 -0.057435897435897436 5.877606837606837 -5.857009574419105 -1.2482151552040714 0.24440576465534267 END 
START 4.116239316239316 0.5169230769230769 7.17948717948718 -7.166326170787012 -1.3616892602226234 0.5586417477836404 END 
START 4.671452991452991 2.5271794871794873 9.20888888888889 -8.423270103300203 -1.2918590417496685 1.1260122728764002 END 
START 5.686153846153847 7.734700854700855 12.233846153846153 -9.269961502284783 -1.1434698274946389 1.5188072517867723 END 
START 6.605128205128205 28.564786324786326 19.94940170940171 -9.540553598867483 -1.073639609021684 1.4227907013864591 END 
START 7.236923076923077 37.9651282051282 16.40752136752137 -7.236156389259967 -0.5149978612380435 1.9988900037883384 END 
START 4.671452991452991 39.70735042735043 10.75965811965812 -4.51277786881472 -1.1434698274946389 0.3753374242921334 END 
START 1.3784615384615384 34.423247863247866 8.27076923076923 -2.653548301972292 -1.5188072517867723 -1.8854158987697864 END 
START 0.5935042735042735 28.92854700854701 6.337094017094017 -1.5449935837141304 -1.0474532770943257 -2.3480410961531137 END 
START 1.8570940170940171 25.78871794871795 4.269401709401709 -0.6721158528021923 -0.3229647604374171 -1.3093165963679072 END 
START 3.6376068376068376 24.142222222222223 2.5846153846153848 0.19203310080062638 0.052372663854716284 -0.5324554158562822 END 
START 4.614017094017094 22.131965811965813 1.6847863247863248 0.8292338443663412 -0.04364388654559691 -0.5411841931654017 END 
START 4.173675213675214 18.80068376068376 -0.28717948717948716 0.296778428510059 -0.22694821003710391 -0.5586417477836404 END 