START 3.2355555555555555 14.416410256410256 -3.982222222222222 -1.3704180375317427 1.4926209198594143 -1.0649108317125644 END 
START 3.5035897435897434 15.00991452991453 -5.60957264957265 -1.9377885626245026 1.1521986048037582 -0.026186331927358142 END 
START 3.312136752136752 19.03042735042735 -8.557948717948719 -1.4227907013864591 0.21821943272798452 -0.034915109236477525 END 
START 4.269401709401709 21.71076923076923 -9.649230769230769 -0.7070309620386699 -0.2793208738918202 -0.6546582981839536 END 
START 3.312136752136752 21.95965811965812 -10.931965811965812 0.052372663854716284 -0.1396604369459101 -1.029995722476087 END 
START 2.9675213675213676 22.265982905982906 -10.453333333333333 0.549912970474521 -0.2793208738918202 -1.5973662475688468 END 
START 3.273846153846154 19.566495726495727 -8.9408547008547 1.029995722476087 -0.733217293966028 -1.806856902987712 END 
START 4.6523076923076925 16.503247863247864 -7.16034188034188 1.4489770333138172 -0.6895734074204312 -1.806856902987712 END 
START 5.130940170940171 11.123418803418803 -5.15008547008547 1.9290597853153832 0.11347410501855196 -1.073639609021684 END 
START 0.9572649572649573 -1.3210256410256411 -5.226666666666667 1.2482151552040714 -0.3753374242921334 -0.43643886545596905 END 
START 0.9572649572649573 -5.59042735042735 -6.432820512820513 0.026186331927358142 -1.7282979072056375 -0.39279497891037213 END 
START 0.5743589743589743 -6.624273504273504 -7.409230769230769 -0.4626251973833272 -1.7108403525873987 0.7070309620386699 END 
START -1.301880341880342 -5.82017094017094 -8.825982905982906 -0.6983021847295505 -1.352960482913504 1.239486377894952 END 
START -0.4211965811965812 -6.126495726495726 -9.247179487179487 -1.056182054403445 -1.2045712686584746 1.0474532770943257 END 
START 2.7377777777777776 -7.4283760683760685 -8.864273504273504 -0.9688942813122513 -0.8292338443663412 1.5711799156414885 END 
START -0.7275213675213675 -4.92034188034188 -11.276581196581196 -1.2045712686584746 -0.7943187351298637 1.1783849367311166 END 
START -1.2252991452991453 -6.643418803418803 -12.980512820512821 -1.6148238021870855 -1.946517339933622 0.8205050670572218 END 
START -1.0721367521367522 -5.532991452991453 -14.11008547008547 -1.8592295668424281 -2.269482100371039 0.7070309620386699 END 
START -0.3446153846153846 -4.097094017094017 -14.607863247863248 -1.536264806405011 -1.5188072517867723 0.8117762897481025 END 
START -0.5360683760683761 -2.795213675213675 -15.565128205128206 -0.8292338443663412 -0.24440576465534267 1.2656727098223102 END 
START -1.589059829059829 -1.6656410256410257 -16.08205128205128 -0.17457554618238763 0.27059209658270084 1.1783849367311166 END 
START -4.518290598290598 -2.393162393162393 -13.65059829059829 0.06983021847295505 -0.25313454196446206 -0.026186331927358142 END 
START -4.671452991452991 -2.8143589743589743 -12.463589743589743 0.19203310080062638 0.04364388654559691 -0.43643886545596905 END 
START -5.0543589743589745 -2.9292307692307693 -12.597606837606838 0.8205050670572218 1.1434698274946389 -0.3316935377465365 END 
START -2.6994871794871793 -2.8335042735042735 -14.761025641025642 1.6671964660418017 1.763213016442115 -0.20949065541886513 END 
START -4.556581196581196 -4.92034188034188 -15.928888888888888 2.3305835415348746 0.8379626216754605 -0.5586417477836404 END 
START -3.4652991452991455 -7.17948717948718 -15.354529914529914 2.1560079953524873 -0.5237266385471628 -1.483892142550295 END 
START 1.6847863247863248 -10.663931623931624 -13.401709401709402 2.7408360750634855 0.04364388654559691 -1.4053331467682204 END 
START 6.183931623931624 -13.401709401709402 -13.88034188034188 4.399303763796168 1.4140619240773398 0.2356769873462233 END 
START 7.217777777777778 -15.565128205128206 -14.205811965811966 5.4467570408904935 1.2482151552040714 2.0774489995704126 END 
START 4.384273504273504 -17.49880341880342 -14.569572649572649 4.888115293106853 -0.4626251973833272 2.6971921885178887 END 
START 2.91008547008547 -16.101196581196582 -14.378119658119658 2.5662605288810982 -2.243295768443681 1.8505007895333088 END 
START 3.695042735042735 -10.051282051282051 -16.15863247863248 1.0910971636399227 -2.129821663425129 1.6584676887326824 END 
START 4.03965811965812 -5.877606837606837 -16.15863247863248 1.69338279796916 -1.2569439325131908 2.1821943272798454 END 
START 1.8570940170940171 -4.556581196581196 -11.506324786324786 2.1385504407342486 -0.4277100881468497 2.8979540666276344 END 
START 7.792136752136752 -6.72 -5.188376068376068 0.9688942813122513 -0.5673705250927598 2.976513062409709 END 
START 13.114529914529914 -5.552136752136752 -1.1487179487179486 -2.4440576465534267 -4.504049091505601 1.990161226479219 END 
START 10.95111111111111 -0.8041025641025641 3.5035897435897434 -4.1985418856864225 -2.3043972096075165 3.4216807051747975 END 
START 9.266324786324786 11.42974358974359 7.849572649572649 -3.142359831282977 0.6546582981839536 5.141249835071315 END 
START 5.82017094017094 28.66051282051282 15.316239316239317 -5.9442973475102985 2.0774489995704126 4.80082752001566 END 
START 21.69162393162393 39.343589743589746 8.672820512820513 -7.428189490060594 3.229647604374171 4.3905749864870485 END 
START 27.79897435897436 40.81777777777778 -15.411965811965812 -5.411841931654016 3.299477822847126 4.320744768014094 END 
START 17.70940170940171 35.39965811965812 -28.966837606837608 -2.522616642335501 -0.08728777309119382 3.8581195706307665 END 
START -7.61982905982906 35.265641025641024 -16.54153846153846 0.2356769873462233 -2.81939507084556 1.8155856802968313 END 
START -8.768547008547008 19.52820512820513 -0.2105982905982906 2.3305835415348746 -1.1085547182581614 -0.4626251973833272 END 
START 17.9582905982906 -7.983589743589744 6.643418803418803 4.119982889904348 2.4178713146260686 -0.09601655040031319 END 
START 8.117606837606838 -9.534358974358975 5.245811965811966 0.8292338443663412 1.3093165963679072 2.4178713146260686 END 
START 1.9719658119658119 2.986666666666667 -5.073504273504273 -1.1609273821128776 0.2618633192735814 1.3355029282952653 END 
START -0.09572649572649572 7.4858119658119655 -12.252991452991452 -2.0512626676430545 -0.6372007435657149 0.34915109236477526 END 
START 2.8143589743589743 7.638974358974359 -14.952478632478632 -1.4402482560046979 -0.06110144116383567 0.052372663854716284 END 
START 2.622905982905983 8.538803418803418 -15.297094017094016 0.20076187810974577 0.619743188947476 0.5411841931654017 END 
START -1.7996581196581196 7.256068376068376 -12.501880341880343 0.40152375621949155 0.48008275200156597 0.34915109236477526 END 
START 0.4403418803418803 5.456410256410257 -13.842051282051282 -0.4713539746924466 -0.034915109236477525 -0.1309316596367907 END 
START 4.058803418803419 5.647863247863248 -15.124786324786324 -1.1609273821128776 -0.5760993024018791 -0.19203310080062638 END 
START 2.4123076923076923 7.4858119658119655 -13.861196581196582 -1.1958424913493553 -0.733217293966028 0 END 
START -0.36376068376068377 8.50051282051282 -13.19111111111111 -0.9427079493848932 -0.7157597393477892 -0.17457554618238763 END 
START 6.509401709401709 2.8143589743589743 -13.995213675213675 -1.029995722476087 -1.0649108317125644 -1.1434698274946389 END 
START 5.82017094017094 2.1442735042735044 -11.353162393162393 -1.1347410501855195 -1.3093165963679072 -0.39279497891037213 END 
START 2.0676923076923077 5.494700854700855 -10.778803418803419 -0.19203310080062638 0.026186331927358142 -0.3142359831282977 END 
START 2.220854700854701 6.164786324786324 -9.936410256410257 0.07855899578207443 0.4626251973833272 -0.5411841931654017 END 
START 2.488888888888889 7.8878632478632476 -8.768547008547008 -0.026186331927358142 0.5237266385471628 -1.1958424913493553 END 
