START 2.5846153846153848 5.245811965811966 -10.644786324786324 -0.4626251973833272 -0.20949065541886513 0.6983021847295505 END 
START 2.01025641025641 7.17948717948718 -10.491623931623932 -0.48008275200156597 0.06110144116383567 0.8728777309119381 END 
START 1.3210256410256411 9.84068376068376 -10.72136752136752 -0.6721158528021923 0.22694821003710391 0.27059209658270084 END 
START 2.4123076923076923 13.976068376068376 -13.248547008547009 -0.1483892142550295 -0.5149978612380435 -0.7768611805116249 END 
START 1.6656410256410257 14.818461538461538 -11.582905982905983 0.40152375621949155 -0.733217293966028 -0.9252503947666544 END 
START 0.3446153846153846 14.033504273504274 -6.624273504273504 0.19203310080062638 -0.5848280797109986 -2.0250763357156965 END 
START 1.1295726495726495 12.635897435897435 -5.264957264957265 -0.04364388654559691 -0.48881152931068533 -2.5488029742628595 END 
START 2.508034188034188 9.381196581196582 -4.7671794871794875 0.22694821003710391 -0.15711799156414885 -3.0026993943370672 END 
START 3.5035897435897434 5.801025641025641 -4.8246153846153845 0.41898131083773027 0.5062690839289241 -2.3654986507713525 END 
START 3.024957264957265 2.8526495726495726 -6.145641025641026 0.49754030661980475 0.8641489536028187 -1.806856902987712 END 
START 3.427008547008547 -2.24 -6.164786324786324 0.5324554158562822 1.2831302644405491 -0.8030475124389831 END 
START 2.3357264957264956 -4.384273504273504 -6.72 0.008728777309119381 1.239486377894952 -0.22694821003710391 END 
START 1.9528205128205127 -6.069059829059829 -8.423931623931624 -0.84669139898458 0.366608646983014 -0.1396604369459101 END 
START 2.622905982905983 -7.122051282051282 -10.127863247863248 -1.483892142550295 -0.8903352855301769 -0.24440576465534267 END 
START 2.7186324786324785 -7.907008547008547 -11.142564102564103 -1.4577058106229366 -1.326774150986146 0.7157597393477892 END 
START 0.24888888888888888 -7.0837606837606835 -12.157264957264957 -1.466434587932056 -1.2482151552040714 1.2744014871314298 END 
START 0.49777777777777776 -6.432820512820513 -12.789059829059829 -1.352960482913504 -0.8205050670572218 1.3791468148408623 END 
START -2.278290598290598 -1.6656410256410257 -12.655042735042736 -0.619743188947476 -0.06983021847295505 1.0649108317125644 END 
START -2.8526495726495726 -0.19145299145299144 -11.65948717948718 -0.20076187810974577 -0.052372663854716284 0.7157597393477892 END 
START -3.158974358974359 0.5552136752136753 -10.472478632478632 0.10474532770943257 0.3229647604374171 0.45389642007420783 END 
START -3.695042735042735 0.67008547008547 -10.549059829059829 0.06110144116383567 0.6372007435657149 0.22694821003710391 END 
START -3.80991452991453 1.6464957264957265 -11.334017094017094 -0.04364388654559691 0.6110144116383567 0.008728777309119381 END 
START -2.871794871794872 2.220854700854701 -11.736068376068376 0 0.5324554158562822 -0.34042231505565584 END 
START -1.0338461538461539 1.5316239316239315 -11.774358974358975 0.20076187810974577 0.7070309620386699 -0.3578798696738946 END 
START 0.19145299145299144 0.9381196581196581 -11.927521367521367 0.5324554158562822 1.1521986048037582 0.04364388654559691 END 
START 0.8041025641025641 0.8232478632478633 -11.87008547008547 0.7855899578207443 1.4926209198594143 0.296778428510059 END 
START 2.0294017094017094 0.26803418803418805 -11.41059829059829 0.8816065082210575 1.2656727098223102 0.44516764276508847 END 
START 2.871794871794872 -0.24888888888888888 -10.970256410256411 1.0823683863308033 0.6983021847295505 0.6983021847295505 END 
START 2.1634188034188035 -1.0721367521367522 -10.395897435897435 1.3093165963679072 0.2618633192735814 0.9252503947666544 END 
START 1.1487179487179486 -2.9292307692307693 -8.194188034188034 1.5711799156414885 0.22694821003710391 1.0474532770943257 END 
START 1.6656410256410257 -3.561025641025641 -7.256068376068376 1.7893993483694732 0.34915109236477526 1.4227907013864591 END 
START 1.455042735042735 -4.077948717948718 -7.351794871794872 2.0687202222612933 0.21821943272798452 1.466434587932056 END 
START 1.0912820512820514 -4.748034188034188 -8.366495726495726 2.059991444952174 -0.34915109236477526 1.1783849367311166 END 
START 1.8762393162393163 -6.681709401709401 -9.878974358974359 2.2258382138254422 -0.7855899578207443 1.213300045967594 END 
START 2.1825641025641027 -9.228034188034188 -10.606495726495726 2.915411621245873 -0.3316935377465365 1.0212669451669676 END 
START 2.4505982905982906 -12.252991452991452 -11.85094017094017 3.412951927865678 0.6808446301113117 1.0387244997852063 END 
START 2.9292307692307693 -14.875897435897436 -12.54017094017094 3.4740533690295137 0.9688942813122513 1.1347410501855195 END 
START 4.403418803418804 -15.526837606837606 -12.08068376068376 2.7844799616090827 0.34042231505565584 1.3878755921499817 END 
START 4.384273504273504 -14.818461538461538 -11.716923076923077 1.9377885626245026 -0.8117762897481025 1.5886374702597275 END 
START 2.5463247863247864 -13.784615384615385 -8.9408547008547 0.5237266385471628 -1.5624511383323691 1.483892142550295 END 
START 2.3165811965811964 -9.247179487179487 -4.135384615384615 0.07855899578207443 -0.44516764276508847 2.1385504407342486 END 
START 0.67008547008547 -4.843760683760684 0.40205128205128204 -0.733217293966028 0.663387075493073 2.7582936296817246 END 
START 3.9439316239316238 1.7422222222222221 3.082393162393162 -2.7582936296817246 1.056182054403445 3.24710515899241 END 
START 9.821538461538461 12.042393162393163 4.614017094017094 -4.207270662995541 1.8417720122241894 3.6311713605936626 END 
START 17.49880341880342 24.505982905982904 10.07042735042735 -5.726077914782314 4.303287213395855 4.268372104159377 END 
START 26.65025641025641 39.95623931623932 4.518290598290598 -6.302177217184194 7.0004794019137435 4.486591536887362 END 
START 29.82837606837607 42.56 -18.838974358974358 -5.769721801327911 4.617523196524153 4.006508784885796 END 
START 9.151452991452992 34.27008547008547 -38.76923076923077 -4.853200183870376 -2.217109436516323 2.932869175864112 END 
START -7.102905982905983 30.823931623931625 -26.095042735042735 -3.6224425832845433 -8.632760758719067 0 END 
START -0.5935042735042735 13.554871794871795 -2.7186324786324785 0.30550720581917834 -4.757183633470063 -1.5275360290958917 END 
START 8.175042735042735 -1.2061538461538461 4.633162393162393 4.8270138519430175 2.81939507084556 -0.7070309620386699 END 
START 12.367863247863248 -8.366495726495726 6.930598290598291 4.320744768014094 3.343121709392723 0.39279497891037213 END 
START 4.48 1.9528205128205127 -4.326837606837607 -1.8679583441515475 -1.2656727098223102 1.099825940949042 END 
START -3.292991452991453 8.51965811965812 -10.032136752136752 -1.8243144576059507 -1.1609273821128776 0.3142359831282977 END 
START -2.24 7.16034188034188 -14.397264957264957 -0.5760993024018791 0.6284719662565954 -0.34915109236477526 END 
START 3.7716239316239317 6.011623931623932 -16.84786324786325 0.7855899578207443 2.0076187810974577 -0.24440576465534267 END 
START 3.80991452991453 4.499145299145299 -14.052649572649573 1.3616892602226234 1.7282979072056375 -0.017457554618238762 END 
START 4.269401709401709 3.1206837606837605 -11.965811965811966 0.6110144116383567 1.0212669451669676 -0.2618633192735814 END 
START 5.36068376068376 2.0485470085470086 -13.478290598290599 -0.19203310080062638 0.3753374242921334 -0.5586417477836404 END 
START 4.5948717948717945 2.7186324786324785 -14.741880341880341 -0.7506748485842668 0.017457554618238762 -1.0387244997852063 END 
START 4.097094017094017 4.460854700854701 -14.569572649572649 -1.0823683863308033 0.026186331927358142 -1.7544842391329956 END 
