START 10.07042735042735 1.9336752136752138 -1.4167521367521367 -0.30550720581917834 -0.08728777309119382 -0.2618633192735814 END 
START 9.649230769230769 1.9528205128205127 -1.6273504273504273 -0.24440576465534267 -0.2618633192735814 -0.07855899578207443 END 
START 8.73025641025641 3.273846153846154 -0.6317948717948718 -0.08728777309119382 -0.1483892142550295 -0.026186331927358142 END 
START 7.5432478632478634 1.9145299145299146 -1.1487179487179486 -0.06983021847295505 0.20076187810974577 0.1483892142550295 END 
START 7.007179487179487 1.0721367521367522 -1.7613675213675213 0 0.3229647604374171 0.17457554618238763 END 
START 6.566837606837606 -0.9572649572649573 -0.8998290598290598 0.4713539746924466 0.017457554618238762 0.08728777309119382 END 
START 6.758290598290598 -2.1634188034188035 0.9381196581196581 0.7070309620386699 -0.25313454196446206 -0.3753374242921334 END 
START 8.175042735042735 -3.7524786324786326 2.01025641025641 0.45389642007420783 -0.34915109236477526 -0.6546582981839536 END 
START 8.902564102564103 -4.441709401709402 1.6273504273504273 -0.052372663854716284 -0.21821943272798452 -0.48881152931068533 END 
START 8.596239316239316 -3.1015384615384614 0.22974358974358974 -0.2356769873462233 -0.296778428510059 -0.5848280797109986 END 
START 9.553504273504274 -1.837948717948718 -0.19145299145299144 -0.183304323491507 -0.549912970474521 -0.7943187351298637 END 
START 11.123418803418803 -1.9145299145299146 0.3063247863247863 -0.2793208738918202 -0.5760993024018791 -0.6721158528021923 END 
START 12.406153846153845 -4.001367521367522 0.4594871794871795 -0.2793208738918202 -0.5848280797109986 -0.6808446301113117 END 
START 14.665299145299146 -6.585982905982906 1.3976068376068376 -0.3753374242921334 -0.593556857020118 -0.6459295208748342 END 
START 16.886153846153846 -8.538803418803418 1.2827350427350428 -0.663387075493073 -0.2618633192735814 -0.41898131083773027 END 
START 18.207179487179488 -9.802393162393162 -0.8041025641025641 -1.056182054403445 0.17457554618238763 0 END 
START 18.207179487179488 -10.644786324786324 -2.374017094017094 -1.352960482913504 0.44516764276508847 0.16584676887326824 END 
START 18.60923076923077 -12.674188034188035 -2.91008547008547 -1.3791468148408623 0.663387075493073 0.2793208738918202 END 
START 19.164444444444445 -15.297094017094016 -2.68034188034188 -1.0387244997852063 0.7070309620386699 0.20949065541886513 END 
START 18.53264957264957 -16.867008547008545 -1.8188034188034188 -0.7070309620386699 0.4626251973833272 -0.017457554618238762 END 
START 17.9391452991453 -16.867008547008545 -0.8806837606837606 -1.1260122728764002 0.5760993024018791 -0.06110144116383567 END 
START 16.59897435897436 -14.818461538461538 -0.67008547008547 -1.946517339933622 1.0910971636399227 0.5149978612380435 END 
START 10.510769230769231 -8.50051282051282 -2.5654700854700856 -2.217109436516323 0.9688942813122513 1.9290597853153832 END 
START 6.183931623931624 -2.1825641025641027 0.3829059829059829 -1.7282979072056375 0.5149978612380435 2.016347558406577 END 
START 1.052991452991453 1.6656410256410257 2.9675213675213676 -2.11236410880689 0.3578798696738946 0.22694821003710391 END 
START 0.7275213675213675 3.790769230769231 5.073504273504273 -2.583718083499337 0.20076187810974577 -0.20949065541886513 END 
START -3.082393162393162 8.557948717948719 8.653675213675214 -2.9852418397188285 0.20076187810974577 -0.06983021847295505 END 
START -6.432820512820513 21.825641025641026 16.369230769230768 -4.591336864596794 2.0774489995704126 -2.662277079281411 END 
START 1.7805128205128204 27.148034188034188 18.188034188034187 -5.848280797109985 3.639900137902782 -2.7757511842999634 END 
START 13.4591452991453 28.66051282051282 15.00991452991453 -6.19743188947476 5.350740490490181 -1.7108403525873987 END 
START 13.688888888888888 24.6208547008547 -0.7849572649572649 -4.748454856160944 2.662277079281411 -1.6322813568053243 END 
START 9.917264957264956 16.52239316239316 -14.435555555555556 -1.2220288232767134 -2.470243978480785 -2.2869396549892778 END 
START 11.334017094017094 11.927521367521367 -10.032136752136752 2.016347558406577 -3.8144756840851697 -1.483892142550295 END 
START 12.406153846153845 13.037948717948717 9.381196581196582 3.0638008355009028 0.39279497891037213 2.6971921885178887 END 
START 5.532991452991453 15.354529914529914 10.606495726495726 3.24710515899241 0.5848280797109986 3.2907490455380066 END 
START 4.077948717948718 16.445811965811966 13.44 3.0288857262644253 -0.12220288232767133 2.8019375162273215 END 
START 4.097094017094017 16.503247863247864 13.171965811965812 2.2083806592072035 -1.1085547182581614 1.7806705710603539 END 
START 5.322393162393162 14.607863247863248 10.740512820512821 2.3916849826987105 -1.3355029282952653 1.8155856802968313 END 
START 3.9056410256410254 14.473846153846154 8.462222222222222 2.767022406990844 -0.98635183593049 1.6060950248779662 END 
START 2.8335042735042735 13.861196581196582 6.681709401709401 2.863038957391157 -0.7157597393477892 0.9077928401484157 END 
START 1.7230769230769232 12.233846153846153 4.25025641025641 2.950326730482351 -0.6459295208748342 0.06110144116383567 END 
START 1.4167521367521367 7.524102564102564 2.9292307692307693 2.5924468608084563 -0.11347410501855196 -0.19203310080062638 END 
START 1.703931623931624 3.082393162393162 -1.0912820512820514 2.313125986916636 0.24440576465534267 0.44516764276508847 END 
START 1.4933333333333334 -0.019145299145299145 -3.2355555555555555 2.0250763357156965 -0.2793208738918202 0.20076187810974577 END 
START 3.7141880341880342 -7.16034188034188 -3.5993162393162392 2.321854764225755 -0.8816065082210575 -0.6459295208748342 END 
START 13.746324786324786 -17.977435897435896 -3.2355555555555555 4.08506778066787 -3.430409482483917 -3.0638008355009028 END 
START 21.30871794871795 -22.763760683760683 2.220854700854701 4.64370952845151 -5.088877171216599 -3.570069919429827 END 
START 26.19076923076923 -27.645811965811966 9.610940170940172 3.4478670371021556 -5.813365687873508 -3.412951927865678 END 
START 22.68717948717949 -28.335042735042734 11.41059829059829 1.213300045967594 -4.888115293106853 -1.7195691298965181 END 
START 16.005470085470087 -18.972991452991455 6.605128205128205 -1.4315194786955785 -3.0376145035735447 -0.4102525335286109 END 
START 13.631452991452992 -7.351794871794872 -2.259145299145299 -2.8979540666276344 -1.3093165963679072 0.09601655040031319 END 
START 12.99965811965812 2.871794871794872 -9.342905982905982 -2.793208738918202 -0.3316935377465365 -0.1483892142550295 END 
START 14.09094017094017 8.691965811965812 -13.363418803418803 -1.7195691298965181 0.39279497891037213 -0.2618633192735814 END 
START 13.861196581196582 9.476923076923077 -13.593162393162393 -0.24440576465534267 0.5673705250927598 -0.4102525335286109 END 
START 13.554871794871795 6.662564102564103 -9.323760683760684 0.9514367266940126 0.366608646983014 -0.41898131083773027 END 
START 12.482735042735042 2.7186324786324785 -4.4225641025641025 1.4315194786955785 0.1483892142550295 -0.3753374242921334 END 
START 8.845128205128205 -1.4741880341880342 1.187008547008547 0.6808446301113117 0.22694821003710391 0.34915109236477526 END 
START 7.8304273504273505 -1.2635897435897436 0.8041025641025641 0.3229647604374171 0.24440576465534267 0.1483892142550295 END 
START 7.7155555555555555 0.019145299145299145 -0.7466666666666667 0.12220288232767133 0.183304323491507 -0.08728777309119382 END 
START 8.385641025641025 1.5316239316239315 -2.1825641025641027 -0.06110144116383567 0.183304323491507 -0.09601655040031319 END 
START 9.017435897435897 2.9292307692307693 -3.5993162393162392 -0.15711799156414885 0.24440576465534267 -0.017457554618238762 END 
START 10.185299145299146 4.345982905982906 -3.5993162393162392 0.08728777309119382 0.1309316596367907 -0.2793208738918202 END 
START 10.72136752136752 3.58017094017094 -3.1206837606837605 0.1483892142550295 0.1309316596367907 -0.3316935377465365 END 
START 11.027692307692307 2.6994871794871793 -2.7186324786324785 0.30550720581917834 0.11347410501855196 -0.25313454196446206 END 
START 10.912820512820513 2.086837606837607 -2.201709401709402 0.4102525335286109 0 -0.15711799156414885 END 
START 10.683076923076923 1.8762393162393163 -1.9528205128205127 0.3316935377465365 0 0.026186331927358142 END 
