START 1.0147008547008547 11.908376068376068 -9.17059829059829 -0.5237266385471628 -0.84669139898458 -0.49754030661980475 END 
START 2.8526495726495726 15.316239316239317 -7.122051282051282 1.1172834955672808 0.4102525335286109 -1.6410101341144436 END 
START 3.561025641025641 16.752136752136753 -6.451965811965812 1.6671964660418017 0.8379626216754605 -1.9116022306971445 END 
START 4.690598290598291 16.694700854700855 -5.896752136752137 1.8417720122241894 0.549912970474521 -2.0949065541886513 END 
START 6.547692307692308 14.875897435897436 -4.5374358974358975 1.6410101341144436 0.21821943272798452 -2.2520245457528003 END 
START 8.213333333333333 11.104273504273504 -2.871794871794872 1.4402482560046979 0.5411841931654017 -2.1210928861160094 END 
START 7.16034188034188 5.437264957264957 -2.91008547008547 1.7981281256785926 1.2831302644405491 -1.69338279796916 END 
START 5.398974358974359 0.2105982905982906 -3.7524786324786326 1.7282979072056375 1.4053331467682204 -1.2220288232767134 END 
START 4.3076923076923075 -5.264957264957265 -4.5374358974358975 0.9601655040031319 1.0212669451669676 -0.7244885166569086 END 
START 3.6184615384615384 -7.849572649572649 -5.647863247863248 -0.1483892142550295 0.1309316596367907 -0.296778428510059 END 
START 0.7466666666666667 -10.395897435897435 -7.16034188034188 -0.8990640628392963 -0.38406620160125277 0.4102525335286109 END 
START -2.661196581196581 -11.621196581196582 -9.151452991452992 -1.7370266845147568 -0.7419460712751474 0.9339791720757737 END 
START -6.107350427350427 -9.438632478632478 -13.363418803418803 -1.8505007895333088 -0.6459295208748342 1.4926209198594143 END 
START -3.9247863247863246 -8.194188034188034 -14.167521367521367 -1.3442317056043847 -0.4102525335286109 1.5624511383323691 END 
START -2.7186324786324785 -8.021880341880342 -14.78017094017094 -0.8990640628392963 -0.20076187810974577 1.5537223610232498 END 
START -3.005811965811966 -7.409230769230769 -15.641709401709402 -0.6372007435657149 -0.27059209658270084 1.396604369459101 END 
START -3.082393162393162 -5.36068376068376 -15.373675213675213 -0.22694821003710391 -0.3229647604374171 1.2918590417496685 END 
START -1.703931623931624 -2.7377777777777776 -13.593162393162393 0.16584676887326824 0.1396604369459101 1.1783849367311166 END 
START -0.9572649572649573 -0.4403418803418803 -13.171965811965812 0.3229647604374171 0.593556857020118 0.9427079493848932 END 
START -0.8423931623931624 1.052991452991453 -13.401709401709402 0.3229647604374171 0.2356769873462233 0.7594036258933862 END 
START -1.1104273504273505 1.3784615384615384 -12.061538461538461 0.17457554618238763 -0.19203310080062638 0.5149978612380435 END 
START -0.7658119658119658 0.8615384615384616 -10.970256410256411 0.30550720581917834 0.1396604369459101 0.5411841931654017 END 
START -0.6126495726495726 1.1487179487179486 -10.931965811965812 0.45389642007420783 0.6022856343292373 0.5848280797109986 END 
START -0.3254700854700855 0.5743589743589743 -9.955555555555556 0.20949065541886513 0.6372007435657149 0.008728777309119381 END 
START -0.19145299145299144 0.11487179487179487 -9.17059829059829 0.39279497891037213 0.8292338443663412 -0.034915109236477525 END 
START -0.4403418803418803 -0.6126495726495726 -7.964444444444444 0.5673705250927598 1.0038093905487289 -0.17457554618238763 END 
START -0.49777777777777776 -1.3210256410256411 -7.007179487179487 0.5062690839289241 1.0125381678578482 -0.5237266385471628 END 
START -0.7466666666666667 -2.4697435897435898 -6.643418803418803 0.45389642007420783 0.9077928401484157 -0.7768611805116249 END 
START -0.22974358974358974 -4.7671794871794875 -6.490256410256411 0.6721158528021923 0.8117762897481025 -0.9601655040031319 END 
START -1.052991452991453 -7.581538461538462 -6.566837606837606 1.1085547182581614 0.7157597393477892 -0.8117762897481025 END 
START -2.622905982905983 -11.065982905982906 -7.504957264957265 1.326774150986146 -0.06983021847295505 -0.9950806132396095 END 
START -4.097094017094017 -14.301538461538462 -9.074871794871795 1.4751633652411755 -0.9427079493848932 -1.2482151552040714 END 
START -1.3593162393162392 -17.46051282051282 -10.817094017094018 1.990161226479219 -1.0649108317125644 -1.0038093905487289 END 
START 0.3446153846153846 -21.07897435897436 -13.076239316239317 3.5002397009568718 0.06110144116383567 0.22694821003710391 END 
START -2.374017094017094 -22.4382905982906 -15.086495726495727 4.181084331068184 0.052372663854716284 1.1696561594219972 END 
START -1.052991452991453 -13.688888888888888 -19.355897435897436 1.1172834955672808 -3.0114281716461866 0 END 
START -0.15316239316239316 -12.004102564102563 -16.80957264957265 0.5062690839289241 -2.452786423862546 -0.09601655040031319 END 
START 3.3695726495726497 -9.821538461538461 -14.339829059829059 1.0212669451669676 -0.8641489536028187 0.5237266385471628 END 
START 4.805470085470086 -8.845128205128205 -7.6006837606837605 1.2569439325131908 1.6060950248779662 2.1647367726616067 END 
START 5.896752136752137 -3.4844444444444442 -0.6126495726495726 -0.034915109236477525 3.4042231505565588 2.0687202222612933 END 
START 10.032136752136752 4.862905982905983 6.911452991452991 -2.1385504407342486 4.6349807511423915 2.1210928861160094 END 
START 18.14974358974359 17.345641025641026 12.712478632478632 -4.172355553759064 6.476752763366581 3.255833936301529 END 
START 32.79589743589744 32.738461538461536 10.95111111111111 -6.529125427221297 7.305986607732922 3.613713805975424 END 
START 41.20068376068376 46.044444444444444 -4.8246153846153845 -8.013017569771591 5.830823242491746 3.9541361210310795 END 
START 20.274871794871796 46.944273504273504 -34.27008547008547 -8.135220452099263 -2.2083806592072035 2.356769873462233 END 
START -7.351794871794872 42.11965811965812 -34.61470085470086 -6.581498091076013 -11.033174518726899 -0.4626251973833272 END 
START -12.54017094017094 20.753504273504273 -1.3210256410256411 -1.1260122728764002 -8.61530320410083 -2.4178713146260686 END 
START 11.295726495726496 -6.815726495726496 9.917264957264956 6.389464990275387 6.118872893692687 1.2831302644405491 END 
START 11.908376068376068 -9.304615384615385 5.896752136752137 1.0038093905487289 1.1696561594219972 0.9339791720757737 END 
START 8.232478632478632 -1.3210256410256411 -1.8570940170940171 -3.4478670371021556 -2.976513062409709 0.4277100881468497 END 
START 0.057435897435897436 6.203076923076923 -6.509401709401709 -3.9890512302675574 -3.3954943732474394 -0.12220288232767133 END 
START -2.68034188034188 8.002735042735043 -12.789059829059829 -1.8155856802968313 -0.5586417477836404 -0.2356769873462233 END 
START 0.3254700854700855 7.256068376068376 -16.445811965811966 0.3578798696738946 1.7195691298965181 -0.07855899578207443 END 
START 2.1442735042735044 6.356239316239316 -13.746324786324786 1.1434698274946389 1.9028734533880252 -0.19203310080062638 END 
START 4.728888888888889 4.269401709401709 -10.797948717948717 0.9427079493848932 1.396604369459101 -0.3229647604374171 END 
START 5.111794871794872 2.8143589743589743 -10.549059829059829 0.34042231505565584 0.8816065082210575 -0.30550720581917834 END 
START 4.977777777777778 3.082393162393162 -11.602051282051281 -0.40152375621949155 0.06110144116383567 -0.45389642007420783 END 
