START 4.575726495726496 -5.475555555555555 -3.407863247863248 0.026186331927358142 0.3316935377465365 -0.34915109236477526 END 
START 5.111794871794872 -4.518290598290598 -2.5463247863247864 -0.017457554618238762 0.43643886545596905 -0.34042231505565584 END 
START 6.605128205128205 -2.890940170940171 -2.6994871794871793 0.04364388654559691 0.24440576465534267 -0.20949065541886513 END 
START 6.145641025641026 -2.5271794871794873 -1.2061538461538461 0.296778428510059 -0.5062690839289241 0.04364388654559691 END 
START 5.59042735042735 -1.6656410256410257 1.5699145299145298 0.1483892142550295 -0.3753374242921334 0.48008275200156597 END 
START 5.0543589743589745 0 2.508034188034188 -0.1309316596367907 -0.04364388654559691 0.5760993024018791 END 
START 5.954188034188034 1.0912820512820514 3.1398290598290597 -0.5673705250927598 0.10474532770943257 0.663387075493073 END 
START 7.1986324786324785 5.303247863247863 3.024957264957265 -1.5537223610232498 0.2356769873462233 1.3005878190587878 END 
START 7.217777777777778 7.753846153846154 2.4123076923076923 -2.321854764225755 0.16584676887326824 1.4315194786955785 END 
START 6.911452991452991 10.108717948717949 2.201709401709402 -3.0114281716461866 0.10474532770943257 1.4577058106229366 END 
START 6.892307692307693 10.817094017094018 2.0485470085470086 -3.6311713605936626 0.1396604369459101 1.510078474477653 END 
START 7.045470085470085 11.448888888888888 1.589059829059829 -4.268372104159377 0.43643886545596905 1.9814324491700996 END 
START 6.834871794871795 11.353162393162393 0.9764102564102564 -5.08014839390748 0.8117762897481025 2.3916849826987105 END 
START 6.72 10.778803418803419 -0.03829059829059829 -5.874467129037344 1.1085547182581614 2.478972755789904 END 
START 5.2841025641025645 10.147008547008546 -2.201709401709402 -6.6251419776216105 1.1783849367311166 2.40041376000783 END 
START 4.077948717948718 9.917264957264956 -5.322393162393162 -7.646408922788578 1.1347410501855195 2.4440576465534267 END 
START 3.312136752136752 13.765470085470085 -8.596239316239316 -8.30979599828165 1.536264806405011 2.915411621245873 END 
START 3.082393162393162 17.345641025641026 -11.2 -8.431998880609322 2.129821663425129 3.203461272446813 END 
START 3.2547008547008547 19.815384615384616 -14.454700854700855 -8.379626216754605 2.40041376000783 2.932869175864112 END 
START 3.063247863247863 19.298461538461538 -24.64 -7.951916128607756 0.8117762897481025 0.733217293966028 END 
START 4.3076923076923075 17.326495726495725 -29.139145299145298 -7.419460712751474 0.8554201762936994 0.593556857020118 END 
START 6.375384615384616 15.948034188034187 -32.45128205128205 -6.581498091076013 1.7544842391329956 1.0649108317125644 END 
START 7.045470085470085 13.305982905982907 -34.212649572649575 -5.542773591290807 1.8592295668424281 1.0038093905487289 END 
START 6.298803418803419 8.845128205128205 -33.77230769230769 -4.504049091505601 0.916521617457535 0.43643886545596905 END 
START 5.226666666666667 3.7333333333333334 -32.71931623931624 -3.5176972555751105 -0.026186331927358142 0.026186331927358142 END 
START 3.9247863247863246 -0.40205128205128204 -32.24068376068376 -2.452786423862546 -0.21821943272798452 0.09601655040031319 END 
START 3.1206837606837605 -3.3695726495726497 -32.29811965811966 -1.3005878190587878 -0.06110144116383567 0.45389642007420783 END 
START 2.0676923076923077 -4.901196581196581 -32.89162393162393 0.034915109236477525 -0.07855899578207443 0.5673705250927598 END 
START 0.2105982905982906 -4.269401709401709 -34.13606837606837 1.4489770333138172 -0.619743188947476 -0.12220288232767133 END 
START -1.9528205128205127 -3.312136752136752 -36.012307692307694 2.7757511842999634 -0.98635183593049 -1.187113714040236 END 
START -2.8143589743589743 -1.9528205128205127 -37.256752136752134 4.08506778066787 0.04364388654559691 -1.4140619240773398 END 
START -0.07658119658119658 7.61982905982906 -45.508376068376066 6.520396649912178 0.916521617457535 -2.0076187810974577 END 
START 1.7996581196581196 15.086495726495727 -50.54358974358974 7.698781586643294 -0.09601655040031319 -2.7844799616090827 END 
START 2.5271794871794873 22.4 -52.59213675213675 9.060470846865918 -0.30550720581917834 -3.2820202682288873 END 
START 4.1928205128205125 27.664957264957266 -49.3757264957265 10.43961766170678 0.21821943272798452 -2.81939507084556 END 
START 4.48 31.991794871794873 -42.31111111111111 11.600545043819658 0.41898131083773027 -2.11236410880689 END 
START 5.781880341880342 35.9357264957265 -33.77230769230769 12.298847228549208 0.183304323491507 -1.6322813568053243 END 
START 6.873162393162393 38.69264957264957 -24.19965811965812 12.447236442804238 0.16584676887326824 -1.5275360290958917 END 
START 7.696410256410257 36.66324786324786 -15.948034188034187 11.99334002273003 0.5324554158562822 -1.6148238021870855 END 
START 7.6006837606837605 35.457094017094015 -9.668376068376068 11.27758028338224 0.7244885166569086 -1.2744014871314298 END 
START 6.413675213675214 33.312820512820515 -1.9719658119658119 10.29122844745175 0.84669139898458 -0.916521617457535 END 
START 3.2355555555555555 31.953504273504272 6.547692307692308 9.02555573762944 0.6546582981839536 -0.593556857020118 END 
START -0.26803418803418805 30.383589743589745 13.956923076923077 7.297257830423803 0.619743188947476 -0.6110144116383567 END 
START -1.1678632478632478 23.835897435897436 17.00102564102564 3.2820202682288873 0.25313454196446206 -0.6895734074204312 END 
START 0.5552136752136753 17.613675213675215 16.618119658119657 1.7981281256785926 -0.5586417477836404 -0.663387075493073 END 
START 3.8482051282051284 10.778803418803419 14.416410256410256 0.549912970474521 -0.98635183593049 -0.38406620160125277 END 
START 5.973333333333334 4.403418803418804 10.472478632478632 -0.25313454196446206 -1.0910971636399227 -0.08728777309119382 END 
START 7.964444444444444 -1.3210256410256411 7.045470085470085 -0.7070309620386699 -0.8379626216754605 0 END 
START 8.538803418803418 -5.092649572649573 3.024957264957265 -0.9950806132396095 -0.7855899578207443 -0.09601655040031319 END 
START 9.591794871794871 -6.681709401709401 -0.22974358974358974 -1.0474532770943257 -0.6372007435657149 -0.15711799156414885 END 
START 10.242735042735042 -7.7155555555555555 -2.756923076923077 -1.029995722476087 -0.40152375621949155 -0.026186331927358142 END 
START 9.993846153846153 -7.734700854700855 -4.48 -0.8728777309119381 -0.034915109236477525 0.17457554618238763 END 
START 9.228034188034188 -7.064615384615385 -5.37982905982906 -0.7244885166569086 0.22694821003710391 0.2618633192735814 END 
START 8.155897435897437 -6.662564102564103 -5.188376068376068 -0.7157597393477892 0.366608646983014 0.2618633192735814 END 
