START 7.026324786324786 -6.030769230769231 -4.25025641025641 -0.28804965120093956 -0.1309316596367907 -0.2793208738918202 END 
START 6.873162393162393 -6.126495726495726 -4.7097435897435895 -0.4102525335286109 0.07855899578207443 0.183304323491507 END 
START 6.394529914529914 -5.781880341880342 -4.7671794871794875 -0.4713539746924466 0.21821943272798452 0.3229647604374171 END 
START 6.624273504273504 -5.494700854700855 -3.675897435897436 -0.4626251973833272 0.24440576465534267 0.3316935377465365 END 
START 6.988034188034188 -4.977777777777778 -1.9336752136752138 -0.6284719662565954 0.19203310080062638 0.2793208738918202 END 
START 7.983589743589744 -3.9247863247863246 1.2635897435897436 -0.9601655040031319 0.20076187810974577 0.38406620160125277 END 
START 7.734700854700855 -3.1398290598290597 4.977777777777778 -1.3791468148408623 0.45389642007420783 0.98635183593049 END 
START 6.528547008547009 -0.5360683760683761 7.0837606837606835 -1.8155856802968313 0.5062690839289241 1.1260122728764002 END 
START 5.743589743589744 1.7422222222222221 8.787692307692307 -2.374227428080472 0.3142359831282977 1.0038093905487289 END 
START 5.437264957264957 7.734700854700855 10.30017094017094 -3.875577125249005 0.5149978612380435 1.5013496971685336 END 
START 5.475555555555555 10.874529914529914 8.385641025641025 -4.626251973833272 0.8030475124389831 2.042533890333935 END 
START 5.743589743589744 12.846495726495727 6.183931623931624 -5.411841931654016 0.8117762897481025 2.199651881898084 END 
START 5.935042735042735 15.23965811965812 3.8864957264957263 -5.979212456746776 0.7594036258933862 1.9988900037883384 END 
START 6.988034188034188 17.24991452991453 0.67008547008547 -6.179974334856522 0.8205050670572218 1.9028734533880252 END 
START 8.423931623931624 18.13059829059829 -2.24 -6.459295208748342 1.0038093905487289 2.173465549970726 END 
START 8.577094017094018 18.724102564102566 -3.695042735042735 -6.799717523803998 1.029995722476087 2.321854764225755 END 
START 7.9452991452991455 18.81982905982906 -4.345982905982906 -7.201241280023489 0.733217293966028 2.2607533230619197 END 
START 6.892307692307693 19.24102564102564 -5.092649572649573 -7.585307481624742 0.5149978612380435 2.173465549970726 END 
START 5.877606837606837 19.987692307692306 -6.030769230769231 -7.829713246280085 0.40152375621949155 2.147279218043368 END 
START 4.7097435897435895 20.657777777777778 -6.892307692307693 -7.9955600151533535 0.366608646983014 2.147279218043368 END 
START 4.690598290598291 22.706324786324785 -8.768547008547008 -8.065390233626308 0.45389642007420783 2.0076187810974577 END 
START 4.8246153846153845 24.86974358974359 -12.96136752136752 -8.100305342862786 0.6022856343292373 1.9814324491700996 END 
START 3.7141880341880342 26.611965811965813 -19.375042735042737 -7.943187351298637 0.593556857020118 1.6148238021870855 END 
START 2.3357264957264956 27.16717948717949 -26.401367521367522 -7.4980197085335485 -0.40152375621949155 1.029995722476087 END 
START 0.7849572649572649 25.195213675213676 -29.636923076923075 -6.520396649912178 -1.536264806405011 0.6110144116383567 END 
START 0.4403418803418803 20.83008547008547 -29.943247863247862 -5.272181494708106 -1.8155856802968313 0.45389642007420783 END 
START 0.650940170940171 14.837606837606838 -28.83282051282051 -4.163626776449945 -1.1260122728764002 0.8030475124389831 END 
START 0.7083760683760684 10.204444444444444 -29.598632478632478 -3.2383763816832905 -0.3578798696738946 1.1347410501855195 END 
START 1.4933333333333334 7.256068376068376 -31.666324786324786 -2.3305835415348746 -0.24440576465534267 1.029995722476087 END 
START 2.68034188034188 5.743589743589744 -34.231794871794875 -1.2569439325131908 -0.593556857020118 0.663387075493073 END 
START 4.001367521367522 5.724444444444444 -35.9165811965812 0 -0.6459295208748342 0.3578798696738946 END 
START 4.690598290598291 5.724444444444444 -36.79726495726496 1.3704180375317427 -0.12220288232767133 -0.008728777309119381 END 
START 4.231111111111111 6.011623931623932 -36.49094017094017 2.662277079281411 0.5586417477836404 -0.2618633192735814 END 
START 6.700854700854701 10.30017094017094 -33.5425641025641 4.870657738488615 1.649738911423563 -0.8117762897481025 END 
START 7.811282051282051 13.171965811965812 -32.757606837606836 5.7522642467096725 1.8941446760789058 -0.7419460712751474 END 
START 6.911452991452991 16.292649572649573 -33.6191452991453 6.668785864167207 2.3043972096075165 -0.5324554158562822 END 
START 5.1692307692307695 19.202735042735043 -34.25094017094017 7.524206040460907 2.4178713146260686 -0.45389642007420783 END 
START 2.1634188034188035 22.85948717948718 -34.97846153846154 8.283609666354293 1.6322813568053243 -0.6895734074204312 END 
START -0.7083760683760684 26.8225641025641 -34.212649572649575 8.981911851083844 0.8641489536028187 -0.9514367266940126 END 
START -2.776068376068376 31.417435897435897 -33.5425641025641 9.58419748541308 0.6110144116383567 -1.1085547182581614 END 
START -3.5418803418803417 34.51897435897436 -31.18769230769231 10.142839233196721 1.3180453736770266 -0.8641489536028187 END 
START -3.178119658119658 36.96957264957265 -28.83282051282051 10.666565871743884 1.8505007895333088 -0.7594036258933862 END 
START -0.7466666666666667 39.57333333333333 -25.52068376068376 11.059360850654256 1.4315194786955785 -0.8990640628392963 END 
START 1.1678632478632478 40.932649572649574 -21.863931623931624 11.268851506073121 0.9776230586213707 -1.0474532770943257 END 
START 2.4697435897435898 41.90905982905983 -12.76991452991453 11.137919846436331 1.1609273821128776 -1.3093165963679072 END 
START 4.365128205128205 40.09025641025641 -5.532991452991453 10.73639609021684 1.6060950248779662 -1.326774150986146 END 
START 7.504957264957265 35.36136752136752 1.6464957264957265 10.090466569342004 2.0250763357156965 -0.8990640628392963 END 
START 9.457777777777778 31.072820512820513 8.366495726495726 9.357249275375978 2.129821663425129 -0.052372663854716284 END 
START 9.094017094017094 27.148034188034188 15.737435897435898 8.231237002499576 1.8243144576059507 0.48881152931068533 END 
START 6.930598290598291 23.127521367521368 20.734358974358976 6.721158528021924 1.1347410501855195 0.7157597393477892 END 
START 4.7671794871794875 17.747692307692308 22.591452991452993 5.115063503143958 0.22694821003710391 0.6983021847295505 END 
START 2.5654700854700856 13.4591452991453 22.553162393162392 3.6049850286663045 -0.7157597393477892 0.5237266385471628 END 
START 1.455042735042735 10.185299145299146 21.32786324786325 2.3654986507713525 -1.2831302644405491 0.4102525335286109 END 
START 0.4211965811965812 7.3135042735042735 19.24102564102564 1.3180453736770266 -1.466434587932056 0.34042231505565584 END 
START 0.09572649572649572 5.341538461538462 16.886153846153846 0.4102525335286109 -1.483892142550295 0.11347410501855196 END 
START 0.67008547008547 3.675897435897436 14.205811965811966 -0.34915109236477526 -1.4315194786955785 -0.22694821003710391 END 
START 4.843760683760684 1.301880341880342 8.04102564102564 -1.4751633652411755 -1.4315194786955785 -0.6546582981839536 END 
START 6.585982905982906 0.9955555555555555 5.073504273504273 -1.8417720122241894 -1.3180453736770266 -0.48881152931068533 END 
START 7.753846153846154 1.1295726495726495 2.661196581196581 -2.217109436516323 -1.187113714040236 -0.2793208738918202 END 
