START 7.7155555555555555 -4.5374358974358975 -2.9292307692307693 -0.549912970474521 0.183304323491507 0.19203310080062638 END 
START 9.419487179487179 -4.614017094017094 -1.3210256410256411 -0.7855899578207443 0.06110144116383567 0.593556857020118 END 
START 9.419487179487179 -3.4652991452991455 -1.3210256410256411 -0.9514367266940126 0.3316935377465365 0.8728777309119381 END 
START 9.515213675213674 -0.5169230769230769 -1.2827350427350428 -0.8117762897481025 -0.15711799156414885 0.5673705250927598 END 
START 10.606495726495726 -0.6892307692307692 1.6847863247863248 -1.1783849367311166 -0.366608646983014 1.029995722476087 END 
START 9.936410256410257 -0.6126495726495726 5.513846153846154 -1.9028734533880252 -0.20949065541886513 1.510078474477653 END 
START 7.466666666666667 0 7.064615384615385 -2.6186331927358144 0.43643886545596905 2.0250763357156965 END 
START 5.1692307692307695 2.8335042735042735 7.141196581196581 -3.159817385901216 -0.034915109236477525 1.5711799156414885 END 
START 5.016068376068376 4.403418803418804 7.7155555555555555 -3.683544024448379 -0.5848280797109986 1.1172834955672808 END 
START 4.7671794871794875 6.988034188034188 7.045470085470085 -4.207270662995541 -0.5673705250927598 1.3093165963679072 END 
START 4.1928205128205125 9.189743589743589 5.37982905982906 -4.8270138519430175 -0.48008275200156597 1.3355029282952653 END 
START 4.231111111111111 12.635897435897435 2.105982905982906 -5.961754902128537 -0.3142359831282977 1.7806705710603539 END 
START 3.963076923076923 14.512136752136753 -0.057435897435897436 -6.258533330638596 -0.6022856343292373 1.7893993483694732 END 
START 3.6567521367521367 16.52239316239316 -2.24 -6.406922544893626 -0.9514367266940126 1.9028734533880252 END 
START 3.312136752136752 18.264615384615386 -4.231111111111111 -6.424380099511865 -1.1609273821128776 2.086177776879532 END 
START 2.603760683760684 18.724102564102566 -5.60957264957265 -6.284719662565954 -1.2307576005858327 2.217109436516323 END 
START 1.991111111111111 18.245470085470085 -6.04991452991453 -6.20616066678388 -1.239486377894952 2.4615152011716654 END 
START 0.67008547008547 17.537094017094017 -7.102905982905983 -6.153788002929164 -1.3878755921499817 2.5488029742628595 END 
START -0.1723076923076923 17.23076923076923 -9.40034188034188 -6.258533330638596 -1.97270367186098 2.4091425373169493 END 
START -0.8041025641025641 18.896410256410256 -12.176410256410257 -6.223618221402119 -2.4091425373169493 2.478972755789904 END 
START -1.435897435897436 20.198290598290598 -14.665299145299146 -5.92683979289206 -2.1909231045889648 2.7408360750634855 END 
START -1.435897435897436 19.872820512820514 -15.718290598290599 -5.612603809763762 -1.5449935837141304 3.0812583901191415 END 
START -2.01025641025641 16.369230769230768 -15.622564102564102 -5.176164944307793 -1.3878755921499817 2.7495648523726053 END 
START -0.4594871794871795 13.593162393162393 -15.852307692307692 -4.809556297324779 -0.98635183593049 2.11236410880689 END 
START 0.36376068376068377 12.655042735042736 -16.38837606837607 -4.591336864596794 -0.4277100881468497 2.1560079953524873 END 
START 0.918974358974359 11.831794871794871 -17.76683760683761 -4.37311743186881 0.09601655040031319 2.2083806592072035 END 
START 1.6847863247863248 11.716923076923077 -19.566495726495727 -4.023966339504034 0.3142359831282977 2.033805113024816 END 
START 1.6082051282051282 11.678632478632478 -23.108376068376067 -3.552612364811588 0.12220288232767133 1.5624511383323691 END 
START 1.589059829059829 11.314871794871795 -27.28205128205128 -2.9590555077914704 -0.366608646983014 1.1783849367311166 END 
START 1.5699145299145298 10.376752136752136 -30.24957264957265 -2.0774489995704126 -0.34915109236477526 1.1347410501855195 END 
START 1.8188034188034188 9.553504273504274 -32.374700854700855 -1.1696561594219972 0.09601655040031319 1.3093165963679072 END 
START 0.8806837606837606 9.668376068376068 -34.82529914529915 -0.1309316596367907 0.7070309620386699 1.4577058106229366 END 
START -0.40205128205128204 10.166153846153847 -37.103589743589744 0.9950806132396095 1.0649108317125644 1.099825940949042 END 
START -0.4403418803418803 10.204444444444444 -36.242051282051285 2.2869396549892778 1.4140619240773398 0.48008275200156597 END 
START 3.1206837606837605 10.683076923076923 -30.881367521367522 4.294558436086736 2.863038957391157 0.1309316596367907 END 
START 4.403418803418804 11.506324786324786 -30.84307692307692 5.0714196165983605 3.089987167428261 0.25313454196446206 END 
START 4.173675213675214 13.037948717948717 -32.85333333333333 5.961754902128537 2.810666293536441 0.008728777309119381 END 
START 4.5948717948717945 15.641709401709402 -35.34222222222222 6.8084463011131175 2.5138878650263816 -0.25313454196446206 END 
START 6.260512820512821 21.098119658119657 -38.76923076923077 7.6813240320250555 2.906682843936754 0.183304323491507 END 
START 6.088205128205129 26.860854700854702 -41.60273504273504 8.74623486373762 2.9590555077914704 0.7419460712751474 END 
START 5.571282051282052 32.70017094017094 -41.46871794871795 9.73258669966811 1.806856902987712 0.663387075493073 END 
START 6.547692307692308 39.515897435897436 -38.99897435897436 10.631650762507407 0.9776230586213707 0.366608646983014 END 
START 9.228034188034188 45.71897435897436 -35.8974358974359 11.679104039601732 1.4577058106229366 0.7594036258933862 END 
START 10.931965811965812 50.58188034188034 -30.517606837606838 12.499609106658953 1.8592295668424281 1.396604369459101 END 
START 11.372307692307693 52.438974358974356 -23.74017094017094 12.822573867096372 1.4227907013864591 1.5449935837141304 END 
START 9.036581196581196 49.58632478632479 -7.256068376068376 12.281389673930969 0.8554201762936994 0.9252503947666544 END 
START 6.739145299145299 45.106324786324784 -0.5552136752136753 11.56562993458318 1.396604369459101 0.9514367266940126 END 
START 4.958632478632478 40.013675213675214 7.102905982905983 10.605464430580048 2.217109436516323 1.2744014871314298 END 
START 3.5035897435897434 34.28923076923077 12.96136752136752 9.208860061120948 2.496430310408143 1.6410101341144436 END 
START 1.7230769230769232 29.61777777777778 15.90974358974359 7.567849927006503 1.4751633652411755 1.69338279796916 END 
START 0.057435897435897436 24.6974358974359 17.383931623931623 5.961754902128537 0.017457554618238762 1.3355029282952653 END 
START -1.2252991452991453 19.94940170940171 18.14974358974359 4.521506646123839 -1.2831302644405491 1.0212669451669676 END 
START -3.0441025641025643 16.464957264957263 19.087863247863247 3.3954943732474394 -2.042533890333935 0.7070309620386699 END 
START -4.077948717948718 12.387008547008547 20.54290598290598 2.4615152011716654 -2.3916849826987105 0.34915109236477526 END 
START -4.25025641025641 8.9791452991453 21.615042735042735 1.6410101341144436 -2.3305835415348746 0.034915109236477525 END 
START -3.7141880341880342 6.164786324786324 21.50017094017094 0.7855899578207443 -2.3480410961531137 -0.5062690839289241 END 
START -2.125128205128205 3.963076923076923 20.255726495726496 -0.1483892142550295 -2.5749893061902176 -1.1696561594219972 END 
START 2.8526495726495726 2.3548717948717948 15.201367521367521 -2.016347558406577 -2.8543101800820376 -1.8155856802968313 END 
