START 2.1825641025641027 14.12923076923077 -5.2841025641025645 -0.2356769873462233 0.8379626216754605 1.2831302644405491 END 
START 0.5360683760683761 17.977435897435896 -8.27076923076923 -0.549912970474521 0.593556857020118 0.8292338443663412 END 
START 0.11487179487179487 20.86837606837607 -9.955555555555556 -0.6284719662565954 -0.3578798696738946 0.06110144116383567 END 
START 0.03829059829059829 21.557606837606837 -10.357606837606838 -0.09601655040031319 -0.6808446301113117 -0.5062690839289241 END 
START 0.9764102564102564 21.481025641025642 -9.151452991452992 0.916521617457535 -0.052372663854716284 -0.6895734074204312 END 
START 0.3446153846153846 20.121709401709403 -7.275213675213675 1.6846540206600407 0.549912970474521 -0.4626251973833272 END 
START -0.67008547008547 18.111452991452992 -5.035213675213675 1.7195691298965181 0.39279497891037213 -0.8292338443663412 END 
START -1.8570940170940171 14.741880341880341 -3.5993162393162392 1.326774150986146 -0.20949065541886513 -1.5188072517867723 END 
START -1.4167521367521367 11.621196581196582 -3.1398290598290597 1.1696561594219972 -0.733217293966028 -2.3305835415348746 END 
START -0.24888888888888888 9.362051282051283 -2.661196581196581 1.3704180375317427 -0.8554201762936994 -2.7582936296817246 END 
START 0.4594871794871795 5.303247863247863 -2.6994871794871793 1.029995722476087 -0.733217293966028 -2.6710058565905306 END 
START -0.11487179487179487 -3.1015384615384614 -4.977777777777778 0.8990640628392963 -0.9252503947666544 -2.1036353314977707 END 
START -0.8423931623931624 -6.566837606837606 -5.724444444444444 0.3229647604374171 -0.84669139898458 -2.1210928861160094 END 
START 1.301880341880342 -9.362051282051283 -7.447521367521367 -0.2356769873462233 -0.45389642007420783 -2.0774489995704126 END 
START 4.3076923076923075 -11.123418803418803 -9.151452991452992 -0.3578798696738946 0.1309316596367907 -1.239486377894952 END 
START 4.001367521367522 -10.568205128205129 -10.931965811965812 -0.28804965120093956 0.1483892142550295 -0.5237266385471628 END 
START 3.063247863247863 -10.147008547008546 -12.674188034188035 -0.7157597393477892 -0.6372007435657149 -0.8554201762936994 END 
START 2.5463247863247864 -8.002735042735043 -14.282393162393163 -1.0125381678578482 -1.3704180375317427 -1.2569439325131908 END 
START 3.1206837606837605 -4.460854700854701 -15.201367521367521 -0.916521617457535 -0.84669139898458 -1.1434698274946389 END 
START 3.5035897435897434 -1.8570940170940171 -15.23965811965812 -0.4277100881468497 0.25313454196446206 -0.48881152931068533 END 
START 2.795213675213675 0.36376068376068377 -15.373675213675213 0.183304323491507 0.8554201762936994 0.026186331927358142 END 
START 1.589059829059829 1.7230769230769232 -14.875897435897436 0.5411841931654017 0.6372007435657149 -0.017457554618238762 END 
START 0.8806837606837606 1.435897435897436 -13.976068376068376 0.6983021847295505 0.2618633192735814 -0.183304323491507 END 
START -0.40205128205128204 0.3829059829059829 -11.65948717948718 1.2569439325131908 1.1172834955672808 0.6721158528021923 END 
START -0.28717948717948716 -0.3063247863247863 -11.64034188034188 1.5275360290958917 1.4315194786955785 1.0387244997852063 END 
START 0.19145299145299144 -1.991111111111111 -12.252991452991452 1.7282979072056375 1.187113714040236 1.029995722476087 END 
START 2.24 -4.748034188034188 -12.08068376068376 2.059991444952174 0.6284719662565954 1.3180453736770266 END 
START 3.7141880341880342 -7.1986324786324785 -11.448888888888888 2.54007419695374 0.7070309620386699 2.2607533230619197 END 
START 4.958632478632478 -8.155897435897437 -10.740512820512821 3.299477822847126 0.8205050670572218 3.3082066001562453 END 
START 5.226666666666667 -9.40034188034188 -9.189743589743589 4.154897999140825 0.48881152931068533 4.215999440304661 END 
START 4.7671794871794875 -10.72136752136752 -7.1986324786324785 4.669895860378869 -0.06110144116383567 5.158707389689554 END 
START 2.488888888888889 -11.468034188034189 -4.7097435897435895 4.600065641905914 -0.21821943272798452 5.595146255145523 END 
START 0.8998290598290598 -11.41059829059829 -2.4505982905982906 4.023966339504034 -0.06110144116383567 4.975403066198047 END 
START 0.019145299145299145 -10.778803418803419 -1.5124786324786326 3.1249022766647383 0.19203310080062638 4.37311743186881 END 
START 0.7275213675213675 -11.755213675213675 -1.6273504273504273 2.470243978480785 0.49754030661980475 3.823204461394289 END 
START -2.0485470085470086 -13.152820512820513 -1.455042735042735 1.099825940949042 1.326774150986146 4.119982889904348 END 
START -2.8143589743589743 -11.391452991452992 -2.8526495726495726 -0.296778428510059 1.1085547182581614 3.5438835875024686 END 
START -2.890940170940171 -9.63008547008547 -4.269401709401709 -1.6060950248779662 0.4713539746924466 3.046343280882664 END 
START -4.231111111111111 -7.141196581196581 -3.063247863247863 -2.0774489995704126 0.5237266385471628 2.9590555077914704 END 
START -2.7186324786324785 -3.005811965811966 0.019145299145299145 -2.217109436516323 1.239486377894952 2.7408360750634855 END 
START 4.3076923076923075 -2.0294017094017094 7.61982905982906 -3.456595814411275 1.3878755921499817 2.2869396549892778 END 
START 10.127863247863248 10.836239316239316 15.22051282051282 -6.590226868385133 2.767022406990844 3.0376145035735447 END 
START 19.183589743589742 39.20957264957265 13.152820512820513 -9.575468708103962 3.9366785664128408 2.0512626676430545 END 
START 33.37025641025641 46.50393162393162 -0.8423931623931624 -11.076818405272494 4.08506778066787 1.483892142550295 END 
START 27.894700854700854 38.022564102564104 -29.847521367521367 -9.235046393048306 -0.2618633192735814 1.9203310080062639 END 
START 2.8143589743589743 35.8208547008547 -37.486495726495725 -5.874467129037344 -5.7522642467096725 1.466434587932056 END 
START -0.5552136752136753 9.687521367521368 1.837948717948718 4.023966339504034 0.8292338443663412 -2.1647367726616067 END 
START 16.12034188034188 -7.007179487179487 6.317948717948718 5.525316036672568 4.006508784885796 -0.7594036258933862 END 
START 17.69025641025641 -10.472478632478632 4.843760683760684 2.496430310408143 2.3305835415348746 0.9339791720757737 END 
START 9.706666666666667 -2.259145299145299 -1.7805128205128204 -1.3355029282952653 -0.4277100881468497 1.4140619240773398 END 
START 1.0912820512820514 8.155897435897437 -7.581538461538462 -2.6448195246631725 -1.5449935837141304 0.9601655040031319 END 
START -1.991111111111111 10.453333333333333 -14.607863247863248 -1.3180453736770266 -0.183304323491507 0.6022856343292373 END 
START 0.6126495726495726 9.974700854700854 -19.50905982905983 0.7070309620386699 1.187113714040236 0.663387075493073 END 
START -1.1295726495726495 8.998290598290598 -14.703589743589744 1.3791468148408623 0.8030475124389831 0.4277100881468497 END 
START -0.07658119658119658 5.552136752136752 -7.61982905982906 0.7855899578207443 0.48881152931068533 0.06110144116383567 END 
START 2.7377777777777776 4.1928205128205125 -8.615384615384615 0.15711799156414885 0.7157597393477892 0.19203310080062638 END 
START 3.2547008547008547 6.317948717948718 -12.559316239316239 -0.16584676887326824 0.44516764276508847 0.4102525335286109 END 
START 0.7466666666666667 7.926153846153846 -13.708034188034189 -0.2618633192735814 -0.017457554618238762 0.2793208738918202 END 
START 2.622905982905983 6.528547008547009 -12.34871794871795 0.026186331927358142 0.3316935377465365 -0.08728777309119382 END 
START 2.1634188034188035 6.605128205128205 -12.31042735042735 0.28804965120093956 0.49754030661980475 -0.15711799156414885 END 
START 2.086837606837607 6.145641025641026 -12.004102564102563 0.21821943272798452 0.45389642007420783 -0.366608646983014 END 
START 2.6420512820512823 6.107350427350427 -12.061538461538461 0.16584676887326824 0.39279497891037213 -0.593556857020118 END 
START 2.259145299145299 6.758290598290598 -11.544615384615385 -0.026186331927358142 0.5237266385471628 -0.9776230586213707 END 
START 3.024957264957265 7.677264957264957 -11.065982905982906 -0.20949065541886513 0.6808446301113117 -1.6410101341144436 END 
