START 2.3165811965811964 2.1634188034188035 -5.207521367521368 -1.239486377894952 0.5237266385471628 0.8641489536028187 END 
START 1.0721367521367522 22.85948717948718 -9.362051282051283 -1.2744014871314298 0.6983021847295505 2.033805113024816 END 
START -1.0912820512820514 29.502905982905983 -14.761025641025642 -0.2618633192735814 0.41898131083773027 0.7419460712751474 END 
START -3.1206837606837605 29.79008547008547 -14.78017094017094 0.10474532770943257 0.41898131083773027 -0.6721158528021923 END 
START -0.7083760683760684 25.09948717948718 -11.027692307692307 0.6808446301113117 1.4751633652411755 -1.0125381678578482 END 
START -0.8041025641025641 22.916923076923077 -9.342905982905982 1.5886374702597275 2.2520245457528003 -0.5673705250927598 END 
START -0.7083760683760684 16.426666666666666 -6.605128205128205 1.8417720122241894 1.6148238021870855 -1.1172834955672808 END 
START 0.36376068376068377 7.409230769230769 -3.9056410256410254 1.5013496971685336 1.5275360290958917 -1.3442317056043847 END 
START 2.6994871794871793 -1.0721367521367522 -2.8335042735042735 1.1260122728764002 1.9028734533880252 -0.663387075493073 END 
START 6.030769230769231 -6.796581196581196 -3.5418803418803417 0.34915109236477526 1.536264806405011 0.3229647604374171 END 
START 7.677264957264957 -9.85982905982906 -4.441709401709402 -0.5760993024018791 0.3578798696738946 0.8641489536028187 END 
START 5.303247863247863 -11.295726495726496 -5.915897435897436 -1.69338279796916 -1.029995722476087 1.2482151552040714 END 
START 2.3165811965811964 -9.764102564102565 -6.94974358974359 -2.4615152011716654 -1.69338279796916 1.7981281256785926 END 
START 0.7083760683760684 -7.638974358974359 -8.9408547008547 -2.217109436516323 -0.21821943272798452 2.470243978480785 END 
START 1.34017094017094 -6.126495726495726 -12.291282051282051 -1.97270367186098 0.19203310080062638 2.3480410961531137 END 
START -1.6273504273504273 -3.8864957264957263 -15.584273504273504 -1.83304323491507 -0.4626251973833272 1.8592295668424281 END 
START -4.901196581196581 -1.0147008547008547 -15.584273504273504 -1.3093165963679072 -0.6808446301113117 1.2482151552040714 END 
START -5.935042735042735 -0.7083760683760684 -13.095384615384615 -0.34915109236477526 0.21821943272798452 0.9427079493848932 END 
START -5.36068376068376 -1.2827350427350428 -10.797948717948717 0.1396604369459101 0.8816065082210575 0.5324554158562822 END 
START -2.756923076923077 -1.5124786324786326 -8.328205128205129 0.11347410501855196 0.7768611805116249 -0.08728777309119382 END 
START -0.2105982905982906 -2.4697435897435898 -6.892307692307693 -0.08728777309119382 0.3316935377465365 -0.43643886545596905 END 
START 1.301880341880342 -3.2355555555555555 -6.739145299145299 -0.5586417477836404 -0.17457554618238763 -0.6284719662565954 END 
START 2.1825641025641027 -3.407863247863248 -7.4858119658119655 -0.9514367266940126 -0.45389642007420783 -0.7157597393477892 END 
START 2.3165811965811964 -3.063247863247863 -8.74940170940171 -1.073639609021684 -0.27059209658270084 -0.7855899578207443 END 
START 1.589059829059829 -2.622905982905983 -10.683076923076923 -0.6459295208748342 0.5149978612380435 -0.4102525335286109 END 
START -0.09572649572649572 -3.9439316239316238 -15.029059829059829 0.09601655040031319 0.4277100881468497 -0.6110144116383567 END 
START 0.49777777777777776 -6.662564102564103 -14.071794871794872 0.7419460712751474 0.41898131083773027 -0.5586417477836404 END 
START -0.24888888888888888 -8.596239316239316 -12.980512820512821 1.6410101341144436 0.9514367266940126 -0.22694821003710391 END 
START -0.47863247863247865 -11.008547008547009 -12.846495726495727 2.557531751571979 1.0823683863308033 -0.07855899578207443 END 
START 1.1295726495726495 -14.244102564102564 -14.11008547008547 3.2383763816832905 0.9427079493848932 0.16584676887326824 END 
START 4.92034188034188 -18.647521367521367 -14.971623931623931 3.893034679867244 0.8816065082210575 0.593556857020118 END 
START 6.451965811965812 -19.394188034188033 -14.052649572649573 4.259643326850258 0.9077928401484157 1.5013496971685336 END 
START 5.954188034188034 -18.302905982905983 -13.325128205128205 4.119982889904348 0.21821943272798452 2.042533890333935 END 
START 5.0543589743589745 -16.905299145299146 -11.774358974358975 3.692272801757498 -1.073639609021684 2.11236410880689 END 
START 4.02051282051282 -16.84786324786325 -7.256068376068376 2.732107297754366 -2.0512626676430545 1.9028734533880252 END 
START 1.435897435897436 -14.607863247863248 -3.6376068376068376 1.7370266845147568 -1.7893993483694732 1.6322813568053243 END 
START 8.07931623931624 -8.404786324786325 0.7658119658119658 0.5411841931654017 -0.7070309620386699 2.7757511842999634 END 
START 7.007179487179487 -9.898119658119658 7.217777777777778 -1.5711799156414885 -1.1521986048037582 4.51277786881472 END 
START 6.164786324786324 0.8041025641025641 11.027692307692307 -4.2334569949229 1.326774150986146 4.65243830576063 END 
START 8.28991452991453 25.53982905982906 5.858461538461539 -5.333282935871942 3.456595814411275 3.692272801757498 END 
START 21.32786324786325 37.77367521367521 2.125128205128205 -8.88589530068353 1.1085547182581614 1.675925243350921 END 
START 33.38940170940171 36.73982905982906 -4.077948717948718 -8.423270103300203 1.4053331467682204 3.613713805975424 END 
START 23.625299145299145 38.1374358974359 -8.653675213675214 -3.9104922344854827 4.408032541105287 5.307096603944584 END 
START 13.363418803418803 34.88273504273504 -9.534358974358975 -2.8804965120093957 3.823204461394289 4.2334569949229 END 
START 10.491623931623932 28.25846153846154 -17.44136752136752 -2.269482100371039 1.5537223610232498 2.2607533230619197 END 
START 4.7097435897435895 17.02017094017094 -16.713846153846156 -0.593556857020118 -1.099825940949042 0.4277100881468497 END 
START 6.413675213675214 3.6567521367521367 -5.571282051282052 0.7768611805116249 -0.619743188947476 -0.026186331927358142 END 
START 7.868717948717949 -1.3976068376068376 -1.6464957264957265 2.3043972096075165 1.83304323491507 1.1521986048037582 END 
START 8.672820512820513 1.7230769230769232 -10.893675213675214 -0.6721158528021923 0.27059209658270084 0.7244885166569086 END 
START 7.6581196581196584 6.260512820512821 -13.784615384615385 -1.7195691298965181 -1.0823683863308033 0.17457554618238763 END 
START 3.561025641025641 10.147008547008546 -13.19111111111111 -0.7768611805116249 -0.5324554158562822 0.07855899578207443 END 
START 3.3695726495726497 8.194188034188034 -14.186666666666667 0.48881152931068533 0.5237266385471628 0.06983021847295505 END 
START 7.1986324786324785 5.130940170940171 -14.799316239316239 0.8903352855301769 0.6459295208748342 0.034915109236477525 END 
START 8.423931623931624 3.5993162393162392 -13.057094017094018 0.5586417477836404 0.25313454196446206 0.017457554618238762 END 
START 7.638974358974359 4.633162393162393 -10.95111111111111 -0.04364388654559691 -0.183304323491507 -0.2356769873462233 END 
START 6.317948717948718 4.460854700854701 -10.07042735042735 -0.34915109236477526 -0.43643886545596905 -0.549912970474521 END 
START 6.700854700854701 3.9439316239316238 -11.314871794871795 -0.06110144116383567 -0.017457554618238762 -0.43643886545596905 END 
START 7.504957264957265 3.5993162393162392 -11.831794871794871 0.38406620160125277 0.3142359831282977 -0.2356769873462233 END 
START 7.849572649572649 3.5227350427350426 -11.104273504273504 0.663387075493073 0.49754030661980475 0.008728777309119381 END 
START 6.337094017094017 3.8482051282051284 -8.9408547008547 0.183304323491507 -0.20949065541886513 -0.6808446301113117 END 
START 5.36068376068376 4.499145299145299 -7.8878632478632476 0.04364388654559691 -0.034915109236477525 -1.2831302644405491 END 
