START 2.795213675213675 7.562393162393162 -4.7671794871794875 -0.6110144116383567 1.946517339933622 1.326774150986146 END 
START 3.8673504273504276 10.223589743589743 -6.700854700854701 -1.536264806405011 1.83304323491507 1.2744014871314298 END 
START 4.403418803418804 13.631452991452992 -9.821538461538461 -2.2345669911345616 0.6372007435657149 1.029995722476087 END 
START 4.518290598290598 15.354529914529914 -13.497435897435897 -2.2607533230619197 -1.1434698274946389 0.3316935377465365 END 
START 4.518290598290598 14.492991452991452 -14.665299145299146 -1.5275360290958917 -1.9028734533880252 -0.34915109236477526 END 
START 2.9675213675213676 15.182222222222222 -12.272136752136753 1.0910971636399227 -0.19203310080062638 -1.1609273821128776 END 
START 3.8290598290598292 16.77128205128205 -11.142564102564103 2.042533890333935 -0.08728777309119382 -1.7021115752782794 END 
START 3.7716239316239317 17.47965811965812 -8.902564102564103 2.0076187810974577 -0.8554201762936994 -2.295668432298397 END 
START 3.5418803418803417 18.762393162393163 -8.9408547008547 1.8243144576059507 -0.9339791720757737 -3.0550720581917834 END 
START 6.834871794871795 14.492991452991452 -4.4225641025641025 1.9377885626245026 -0.8030475124389831 -3.046343280882664 END 
START 4.996923076923077 13.88034188034188 -3.6376068376068376 1.9203310080062639 0.916521617457535 -2.4877015330990235 END 
START 4.097094017094017 9.228034188034188 -2.871794871794872 2.356769873462233 0.366608646983014 -2.950326730482351 END 
START 1.052991452991453 4.135384615384615 -1.7805128205128204 1.099825940949042 -0.45389642007420783 -3.09871594473738 END 
START 2.508034188034188 -3.963076923076923 -1.9528205128205127 0.12220288232767133 -0.8554201762936994 -2.793208738918202 END 
START 5.092649572649573 -9.304615384615385 -2.622905982905983 -0.20949065541886513 0.16584676887326824 -0.9688942813122513 END 
START 4.345982905982906 -11.42974358974359 -4.384273504273504 -0.9950806132396095 0.8030475124389831 0.3142359831282977 END 
START -0.7275213675213675 -14.703589743589744 -13.478290598290599 -2.7408360750634855 -2.810666293536441 0.4713539746924466 END 
START -1.6847863247863248 -13.976068376068376 -14.78017094017094 -2.4178713146260686 -3.020156948955306 0.8030475124389831 END 
START -0.8998290598290598 -10.663931623931624 -15.201367521367521 -1.7108403525873987 -1.3355029282952653 1.2656727098223102 END 
START -0.3063247863247863 -6.662564102564103 -15.833162393162393 -0.9514367266940126 0.1309316596367907 1.5537223610232498 END 
START 0.40205128205128204 -4.001367521367522 -15.182222222222222 -0.39279497891037213 0.34915109236477526 1.3005878190587878 END 
START -1.187008547008547 -2.374017094017094 -14.569572649572649 -0.10474532770943257 -0.034915109236477525 0.916521617457535 END 
START -2.0485470085470086 -0.24888888888888888 -13.344273504273504 0.034915109236477525 -0.22694821003710391 0.48008275200156597 END 
START -1.5507692307692307 1.703931623931624 -12.674188034188035 0.366608646983014 0.3316935377465365 0.5586417477836404 END 
START -1.1678632478632478 2.5271794871794873 -12.387008547008547 0.5062690839289241 0.9950806132396095 0.6284719662565954 END 
START -0.8615384615384616 3.024957264957265 -12.387008547008547 0.39279497891037213 1.0125381678578482 0.5237266385471628 END 
START -0.28717948717948716 2.5846153846153848 -11.64034188034188 0.5149978612380435 0.619743188947476 0.5149978612380435 END 
START -0.6126495726495726 1.703931623931624 -10.204444444444444 0.7157597393477892 0.25313454196446206 0.5848280797109986 END 
START -0.03829059829059829 0.6892307692307692 -8.74940170940171 0.6546582981839536 0.15711799156414885 0.8030475124389831 END 
START -0.36376068376068377 -1.2061538461538461 -8.9791452991453 0.5411841931654017 0.2356769873462233 1.5188072517867723 END 
START -0.22974358974358974 -2.68034188034188 -9.457777777777778 0.7070309620386699 0.3142359831282977 1.8941446760789058 END 
START 0.6126495726495726 -4.02051282051282 -9.362051282051283 1.029995722476087 0.34915109236477526 2.129821663425129 END 
START 0.36376068376068377 -3.9056410256410254 -8.921709401709402 1.2220288232767134 0.21821943272798452 1.7195691298965181 END 
START -0.3829059829059829 -5.552136752136752 -10.166153846153847 1.352960482913504 0.07855899578207443 0.98635183593049 END 
START -1.7422222222222221 -6.317948717948718 -11.965811965811966 1.510078474477653 -0.09601655040031319 0.3578798696738946 END 
START -0.7275213675213675 -7.447521367521367 -13.057094017094018 2.1560079953524873 -0.40152375621949155 -0.11347410501855196 END 
START -0.7466666666666667 -8.366495726495726 -12.693333333333333 2.8804965120093957 -0.43643886545596905 -0.08728777309119382 END 
START -1.1295726495726495 -10.453333333333333 -12.08068376068376 3.159817385901216 -0.8030475124389831 -0.34915109236477526 END 
START -0.67008547008547 -11.506324786324786 -11.582905982905983 2.9415979531732313 -1.0649108317125644 -0.49754030661980475 END 
START 1.1487179487179486 -11.716923076923077 -12.042393162393163 2.1821943272798454 -1.3005878190587878 -0.5848280797109986 END 
START 3.6567521367521367 -11.812649572649573 -10.319316239316239 1.3704180375317427 -0.6459295208748342 0.6895734074204312 END 
START 2.4505982905982906 -10.491623931623932 -8.098461538461539 1.4489770333138172 0.44516764276508847 1.326774150986146 END 
START 3.197264957264957 -8.74940170940171 -5.896752136752137 1.2307576005858327 0.9601655040031319 1.69338279796916 END 
START 4.671452991452991 -6.796581196581196 -2.776068376068376 0.296778428510059 1.1958424913493553 1.97270367186098 END 
START 7.39008547008547 -2.8335042735042735 0.9955555555555555 -1.2482151552040714 1.9116022306971445 2.374227428080472 END 
START 9.017435897435897 5.954188034188034 3.6184615384615384 -2.2083806592072035 3.0638008355009028 3.273291490919768 END 
START 12.042393162393163 17.613675213675215 5.628717948717949 -4.5738793099785555 3.3343929320836034 3.1336310539738577 END 
START 23.606153846153845 24.295384615384616 6.241367521367521 -7.009208179222863 3.09871594473738 3.2820202682288873 END 
START 28.871111111111112 36.52923076923077 -2.9675213675213676 -6.90446285151343 3.2209188270650517 4.416761318414407 END 
START 20.676923076923078 38.73094017094017 -17.92 -4.477862759578243 2.67973463389965 5.289639049326345 END 
START 1.8762393162393163 34.07863247863248 -33.88717948717949 -2.81939507084556 -2.129821663425129 3.325664154774484 END 
START -6.04991452991453 24.6974358974359 -21.347008547008546 -1.2307576005858327 -6.555311759148656 0.4102525335286109 END 
START 5.437264957264957 3.6184615384615384 6.088205128205129 5.237266385471629 3.1336310539738577 -0.19203310080062638 END 
START 10.434188034188034 -6.030769230769231 6.183931623931624 3.0638008355009028 2.086177776879532 0.21821943272798452 END 
START 9.993846153846153 -5.571282051282052 1.2252991452991453 -0.5149978612380435 -0.5411841931654017 0.9252503947666544 END 
START 4.575726495726496 2.278290598290598 -7.332649572649573 -2.217109436516323 -1.4926209198594143 1.029995722476087 END 
START -1.837948717948718 8.347350427350428 -14.339829059829059 -1.4577058106229366 -0.7157597393477892 0.5062690839289241 END 
START -1.3210256410256411 7.696410256410257 -17.76683760683761 0.06983021847295505 0.663387075493073 -0.16584676887326824 END 
START 2.6420512820512823 4.92034188034188 -16.426666666666666 0.8292338443663412 1.0125381678578482 -0.34042231505565584 END 
START 4.92034188034188 3.80991452991453 -12.750769230769231 0.7943187351298637 0.8990640628392963 -0.24440576465534267 END 
START 4.862905982905983 2.5846153846153848 -11.295726495726496 0.27059209658270084 0.6721158528021923 -0.2356769873462233 END 
START 5.035213675213675 1.4167521367521367 -12.750769230769231 -0.41898131083773027 0.3142359831282977 -0.38406620160125277 END 
START 3.9056410256410254 1.589059829059829 -13.44 -1.1172834955672808 -0.1483892142550295 -0.7943187351298637 END 
