START 5.1692307692307695 -5.839316239316239 -3.7333333333333334 0.06983021847295505 -0.026186331927358142 -0.30550720581917834 END 
START 5.743589743589744 -6.451965811965812 -3.5993162393162392 0.08728777309119382 -0.008728777309119381 -0.16584676887326824 END 
START 6.126495726495726 -6.413675213675214 -3.675897435897436 -0.1396604369459101 0.1396604369459101 -0.22694821003710391 END 
START 7.275213675213675 -6.126495726495726 -3.58017094017094 -0.22694821003710391 0.3316935377465365 -0.04364388654559691 END 
START 8.021880341880342 -5.475555555555555 -3.0441025641025643 -0.07855899578207443 0.5062690839289241 0.296778428510059 END 
START 7.753846153846154 -4.441709401709402 -1.3593162393162392 -0.017457554618238762 0.41898131083773027 0.5673705250927598 END 
START 7.581538461538462 -3.1015384615384614 5.130940170940171 -1.073639609021684 0.10474532770943257 0.7943187351298637 END 
START 6.585982905982906 -2.1825641025641027 5.245811965811966 -1.6060950248779662 0.7070309620386699 0.8205050670572218 END 
START 10.166153846153847 1.7230769230769232 4.25025641025641 -1.806856902987712 -0.6372007435657149 0.34915109236477526 END 
START 11.42974358974359 -0.057435897435897436 9.132307692307693 -2.522616642335501 -0.4277100881468497 0.6372007435657149 END 
START 7.17948717948718 1.5507692307692307 9.687521367521368 -3.09871594473738 1.536264806405011 1.6671964660418017 END 
START 5.341538461538462 4.8820512820512825 7.39008547008547 -3.9541361210310795 1.2656727098223102 1.763213016442115 END 
START 5.37982905982906 6.643418803418803 6.528547008547009 -4.486591536887362 0.2618633192735814 1.1434698274946389 END 
START 6.011623931623932 8.9408547008547 5.111794871794872 -4.8270138519430175 0.034915109236477525 1.2482151552040714 END 
START 5.935042735042735 11.544615384615385 2.5654700854700856 -5.149978612380435 0.27059209658270084 1.536264806405011 END 
START 5.667008547008547 13.593162393162393 -0.4211965811965812 -5.472943372817852 0.3316935377465365 1.6322813568053243 END 
START 5.322393162393162 14.12923076923077 -3.2355555555555555 -5.769721801327911 0.2618633192735814 1.7806705710603539 END 
START 4.671452991452991 15.277948717948718 -5.322393162393162 -5.979212456746776 0.07855899578207443 1.9552461172427413 END 
START 3.158974358974359 16.005470085470087 -6.911452991452991 -5.839552019800866 -0.7070309620386699 1.9988900037883384 END 
START 2.871794871794872 15.411965811965812 -5.762735042735042 -5.8831959063464625 -0.8117762897481025 2.147279218043368 END 
START 2.603760683760684 15.335384615384616 -5.264957264957265 -6.110144116383567 -0.48881152931068533 2.356769873462233 END 
START 2.01025641025641 15.660854700854701 -5.992478632478632 -6.476752763366581 -0.10474532770943257 2.4440576465534267 END 
START 1.3593162393162392 15.90974358974359 -8.481367521367522 -6.843361410349595 -0.12220288232767133 2.2345669911345616 END 
START 1.4933333333333334 18.59008547008547 -12.789059829059829 -7.0615808430775795 -0.5149978612380435 2.0512626676430545 END 
START 1.6847863247863248 20.944957264957264 -17.556239316239317 -6.887005296895191 -0.9601655040031319 1.7719417937512343 END 
START 2.508034188034188 20.121709401709403 -19.355897435897436 -6.6251419776216105 -0.549912970474521 1.8505007895333088 END 
START 2.6420512820512823 17.728547008547007 -20.38974358974359 -6.3720074356571486 0.6983021847295505 2.11236410880689 END 
START 3.005811965811966 15.565128205128206 -22.534017094017095 -6.145059225620044 1.1172834955672808 1.9203310080062639 END 
START 3.7716239316239317 14.875897435897436 -25.444102564102565 -5.822094465182627 0.7855899578207443 1.4489770333138172 END 
START 3.963076923076923 14.244102564102564 -29.36888888888889 -5.158707389689554 0.20076187810974577 0.9514367266940126 END 
START 5.667008547008547 9.802393162393162 -31.972649572649573 -3.325664154774484 0.8205050670572218 0.8379626216754605 END 
START 5.475555555555555 7.122051282051282 -33.465982905982905 -2.3654986507713525 1.2307576005858327 0.9339791720757737 END 
START 3.5035897435897434 4.92034188034188 -35.22735042735043 -1.3704180375317427 0.4626251973833272 0.6110144116383567 END 
START 0.11487179487179487 3.6184615384615384 -37.54393162393163 -0.16584676887326824 -0.7157597393477892 0.034915109236477525 END 
START -2.24 3.197264957264957 -36.87384615384615 1.2220288232767134 -1.1085547182581614 -0.45389642007420783 END 
START -3.963076923076923 3.695042735042735 -34.538119658119655 2.522616642335501 0.593556857020118 -0.34915109236477526 END 
START -4.614017094017094 5.743589743589744 -33.6191452991453 3.7882893521578116 1.9203310080062639 -0.5586417477836404 END 
START -1.2444444444444445 10.08957264957265 -29.502905982905983 5.6911628055458365 1.7981281256785926 -1.8155856802968313 END 
START 1.1295726495726495 12.865641025641025 -29.407179487179487 6.424380099511865 2.1560079953524873 -1.9116022306971445 END 
START 2.6420512820512823 16.57982905982906 -32.374700854700855 7.0615808430775795 2.6448195246631725 -1.6584676887326824 END 
START 2.890940170940171 25.961025641025643 -38.0991452991453 8.772421195664979 1.073639609021684 -1.7719417937512343 END 
START 2.8143589743589743 29.57948717948718 -36.89299145299145 9.5929262627222 0.1309316596367907 -1.6584676887326824 END 
START 2.488888888888889 33.15965811965812 -34.11692307692308 10.073009014723766 0.4626251973833272 -1.1783849367311166 END 
START 3.7524786324786326 36.49094017094017 -31.953504273504272 10.43088888439766 1.6846540206600407 -0.5848280797109986 END 
START 5.973333333333334 39.36273504273504 -28.66051282051282 10.745124867525957 1.5973662475688468 -0.44516764276508847 END 
START 8.28991452991453 41.37299145299145 -22.725470085470086 10.884785304471869 0.5411841931654017 -0.619743188947476 END 
START 8.481367521367522 41.296410256410255 -17.326495726495725 10.745124867525957 0.19203310080062638 -0.7506748485842668 END 
START 8.577094017094018 39.95623931623932 -12.252991452991452 10.465803993634138 0.5673705250927598 -0.6721158528021923 END 
START 6.911452991452991 38.1182905982906 -5.915897435897436 10.099195346651124 0.7506748485842668 -0.7681324032025055 END 
START 5.60957264957265 34.365811965811965 2.220854700854701 9.558011153485722 0.98635183593049 -0.7681324032025055 END 
START 3.8864957264957263 29.80923076923077 9.534358974358975 8.75496364104674 1.4315194786955785 -0.549912970474521 END 
START 2.4697435897435898 24.754871794871796 14.741880341880341 7.62022259086122 1.4577058106229366 -0.5586417477836404 END 
START 4.288547008547009 14.646153846153846 19.834529914529913 4.94048795696157 1.763213016442115 -0.24440576465534267 END 
START 4.077948717948718 10.453333333333333 19.623931623931625 3.709730356375737 1.2831302644405491 -0.06983021847295505 END 
START 3.790769230769231 8.07931623931624 18.85811965811966 2.609904415426695 0.7506748485842668 0.06983021847295505 END 
START 3.7716239316239317 5.82017094017094 17.67111111111111 1.675925243350921 0.34915109236477526 0.27059209658270084 END 
START 3.3695726495726497 4.4225641025641025 16.024615384615384 0.8292338443663412 -0.08728777309119382 0.4102525335286109 END 
START 3.1398290598290597 2.6994871794871793 13.574017094017094 0.183304323491507 -0.4713539746924466 0.24440576465534267 END 
START 3.1015384615384614 1.1678632478632478 11.027692307692307 -0.34042231505565584 -0.7768611805116249 0.052372663854716284 END 
START 3.292991452991453 0.07658119658119658 8.96 -0.7244885166569086 -0.8903352855301769 -0.10474532770943257 END 
START 3.561025641025641 -0.8232478632478633 7.3709401709401705 -1.0038093905487289 -0.7768611805116249 -0.17457554618238763 END 
START 3.963076923076923 -1.0338461538461539 5.915897435897436 -1.2744014871314298 -0.7244885166569086 -0.27059209658270084 END 
START 4.269401709401709 -0.6317948717948718 4.5374358974358975 -1.5624511383323691 -0.8205050670572218 -0.549912970474521 END 
START 4.556581196581196 -0.3446153846153846 3.2547008547008547 -1.7282979072056375 -0.9601655040031319 -0.9339791720757737 END 
START 5.552136752136752 0.3829059829059829 1.7613675213675213 -2.11236410880689 -0.5237266385471628 -0.9950806132396095 END 
