START 4.154529914529914 10.434188034188034 -4.7671794871794875 -1.806856902987712 0.916521617457535 0.8816065082210575 END 
START 3.005811965811966 13.497435897435897 -5.188376068376068 -2.96778428510059 0.49754030661980475 0.5324554158562822 END 
START 4.231111111111111 15.584273504273504 -6.279658119658119 -3.552612364811588 -0.25313454196446206 0.034915109236477525 END 
START 5.245811965811966 17.8817094017094 -8.615384615384615 -2.40041376000783 -0.17457554618238763 0.3753374242921334 END 
START 2.9675213675213676 18.972991452991455 -10.30017094017094 0.04364388654559691 1.352960482913504 0.7681324032025055 END 
START 1.7996581196581196 18.743247863247863 -8.653675213675214 0.5324554158562822 1.4053331467682204 0.20949065541886513 END 
START 1.0338461538461539 17.364786324786326 -6.222222222222222 0.5673705250927598 1.1434698274946389 -0.8641489536028187 END 
START 1.8570940170940171 16.59897435897436 -3.9056410256410254 0.38406620160125277 0.9776230586213707 -1.8854158987697864 END 
START 4.135384615384615 14.148376068376068 -2.3165811965811964 0.5149978612380435 0.8816065082210575 -2.147279218043368 END 
START 3.6184615384615384 11.582905982905983 -1.052991452991453 0.40152375621949155 0.8292338443663412 -1.9814324491700996 END 
START 2.986666666666667 7.6581196581196584 -3.024957264957265 0.9601655040031319 0.3142359831282977 -1.9116022306971445 END 
START 2.278290598290598 5.418119658119658 -3.0441025641025643 1.029995722476087 -0.052372663854716284 -2.129821663425129 END 
START 3.7524786324786326 2.393162393162393 -4.173675213675214 0.5848280797109986 0.3316935377465365 -1.806856902987712 END 
START 4.116239316239316 -0.8041025641025641 -5.762735042735042 0.5411841931654017 0.6110144116383567 -0.6284719662565954 END 
START 1.8953846153846154 -2.6994871794871793 -7.811282051282051 0.45389642007420783 0 -0.15711799156414885 END 
START 0.1723076923076923 -4.1928205128205125 -9.668376068376068 0 -0.9252503947666544 -0.7855899578207443 END 
START 1.589059829059829 -6.892307692307693 -11.2 -0.9339791720757737 -0.8990640628392963 -0.30550720581917834 END 
START 0.918974358974359 -5.60957264957265 -11.946666666666667 -0.9950806132396095 -0.4102525335286109 0.7157597393477892 END 
START 0.07658119658119658 -4.403418803418804 -12.942222222222222 -0.9252503947666544 -0.593556857020118 0.9601655040031319 END 
START -0.1723076923076923 -2.8335042735042735 -12.846495726495727 -0.9776230586213707 -1.0125381678578482 0.41898131083773027 END 
START 0.5552136752136753 -2.374017094017094 -12.233846153846153 -0.9077928401484157 -1.1085547182581614 -0.15711799156414885 END 
START 1.0912820512820514 -2.1442735042735044 -11.755213675213675 -0.8990640628392963 -0.8554201762936994 -0.183304323491507 END 
START 1.455042735042735 -1.3976068376068376 -12.635897435897435 -0.8903352855301769 -0.4102525335286109 0.20076187810974577 END 
START 1.052991452991453 0.24888888888888888 -14.167521367521367 -0.6808446301113117 -0.30550720581917834 0.5673705250927598 END 
START 0.6126495726495726 1.435897435897436 -14.454700854700855 -0.549912970474521 -0.4626251973833272 0.39279497891037213 END 
START 0.9381196581196581 1.7996581196581196 -14.205811965811966 -0.3578798696738946 -0.5411841931654017 0 END 
START 1.6656410256410257 0.8041025641025641 -13.688888888888888 0.034915109236477525 -0.5760993024018791 -0.06110144116383567 END 
START 1.1487179487179486 -1.837948717948718 -12.34871794871795 0.2618633192735814 -0.026186331927358142 0.9950806132396095 END 
START 0.5743589743589743 -3.7716239316239317 -13.478290598290599 0.6721158528021923 0.44516764276508847 0.6721158528021923 END 
START 0.650940170940171 -5.571282051282052 -14.09094017094017 1.1347410501855195 0.2793208738918202 0.593556857020118 END 
START 0.03829059829059829 -5.781880341880342 -15.201367521367521 1.7108403525873987 0.43643886545596905 1.2482151552040714 END 
START -0.8041025641025641 -4.25025641025641 -16.57982905982906 2.496430310408143 0.40152375621949155 1.4402482560046979 END 
START 0.13401709401709402 -5.59042735042735 -16.713846153846156 3.089987167428261 0.15711799156414885 1.0823683863308033 END 
START 1.5316239316239315 -8.213333333333333 -16.08205128205128 3.7271879109939756 0.04364388654559691 1.2569439325131908 END 
START 3.9056410256410254 -10.75965811965812 -15.23965811965812 4.346931099941452 0.06110144116383567 1.9552461172427413 END 
START 6.375384615384616 -12.73162393162393 -14.11008547008547 5.272181494708106 0.2793208738918202 3.5002397009568718 END 
START 5.839316239316239 -13.612307692307692 -11.736068376068376 6.1276016710018055 -0.07855899578207443 4.268372104159377 END 
START 4.097094017094017 -15.124786324786324 -8.27076923076923 6.20616066678388 -0.6022856343292373 3.866848347939886 END 
START 1.301880341880342 -14.35897435897436 -4.786324786324786 4.8182850746338985 -1.1085547182581614 3.456595814411275 END 
START 0.8423931623931624 -9.036581196581196 -1.5316239316239315 1.6060950248779662 -1.466434587932056 3.866848347939886 END 
START -1.2061538461538461 -4.843760683760684 5.743589743589744 -0.06110144116383567 -0.366608646983014 4.119982889904348 END 
START -0.07658119658119658 0.9572649572649573 14.263247863247864 -3.229647604374171 1.7108403525873987 2.836852625463799 END 
START 6.088205128205129 13.688888888888888 19.52820512820513 -5.455485818199613 3.9104922344854827 2.0076187810974577 END 
START 26.24820512820513 20.60034188034188 27.10974358974359 -9.854789581995782 4.425490095723526 1.8679583441515475 END 
START 40.83692307692308 49.62461538461538 16.54153846153846 -10.919700413708346 7.288529053114683 3.360579264010962 END 
START 35.36136752136752 51.5391452991453 -20.485470085470084 -9.348520498066858 3.709730356375737 3.3082066001562453 END 
START 15.718290598290599 42.73230769230769 -51.82632478632479 -7.105224729623176 -3.3169353774653647 1.5886374702597275 END 
START -1.0147008547008547 37.04615384615385 -29.1008547008547 -2.2520245457528003 -8.33598233020901 -1.466434587932056 END 
START 1.0912820512820514 13.076239316239317 6.643418803418803 2.6273619700449338 -3.66608646983014 -2.636090747354053 END 
START 13.593162393162393 -6.758290598290598 17.51794871794872 6.162516780238283 3.6748152471392594 -0.549912970474521 END 
START 20.964102564102564 -15.048205128205128 10.510769230769231 2.8979540666276344 2.6971921885178887 0.21821943272798452 END 
START 1.9145299145299146 9.17059829059829 -9.457777777777778 -3.7621030202304535 -2.2782108776801584 1.3704180375317427 END 
START -2.8143589743589743 13.382564102564103 -14.952478632478632 -2.8455814027729183 -1.2918590417496685 0.40152375621949155 END 
START -0.47863247863247865 13.88034188034188 -20.447179487179486 -0.1396604369459101 0.9514367266940126 0.09601655040031319 END 
START 1.0912820512820514 10.874529914529914 -17.632820512820512 1.4140619240773398 1.0823683863308033 0 END 
START 0.9381196581196581 6.375384615384616 -9.744957264957264 0.9601655040031319 0.30550720581917834 -0.38406620160125277 END 
START 6.126495726495726 3.178119658119658 -7.696410256410257 0.08728777309119382 0.619743188947476 -0.052372663854716284 END 
START 5.801025641025641 6.069059829059829 -10.912820512820513 -0.3316935377465365 0.6372007435657149 0.48008275200156597 END 
START 2.5654700854700856 9.553504273504274 -14.224957264957265 -0.549912970474521 0.16584676887326824 0.44516764276508847 END 
START -0.11487179487179487 10.127863247863248 -16.369230769230768 -0.48881152931068533 -0.38406620160125277 -0.15711799156414885 END 
START 1.8188034188034188 8.117606837606838 -15.029059829059829 -0.38406620160125277 -0.5586417477836404 -0.6983021847295505 END 
START 4.843760683760684 6.815726495726496 -12.96136752136752 0.3229647604374171 0.22694821003710391 -0.5760993024018791 END 
START 4.7097435897435895 5.82017094017094 -10.644786324786324 0.6808446301113117 1.0038093905487289 -0.2356769873462233 END 
START 11.142564102564103 -1.2252991452991453 -7.811282051282051 -1.2918590417496685 -0.8205050670572218 -0.6110144116383567 END 
START 5.111794871794872 5.36068376068376 -10.510769230769231 -1.1085547182581614 -0.8117762897481025 -0.30550720581917834 END 
START 2.8143589743589743 7.236923076923077 -10.740512820512821 -0.7244885166569086 0.15711799156414885 -0.7855899578207443 END 
START 4.48 7.3709401709401705 -10.223589743589743 -0.6721158528021923 0.4102525335286109 -1.675925243350921 END 
