START 2.393162393162393 5.532991452991453 -7.102905982905983 -0.3229647604374171 -0.4626251973833272 0.8292338443663412 END 
START 1.4167521367521367 9.055726495726496 -8.73025641025641 0.5586417477836404 1.2482151552040714 1.326774150986146 END 
START 0.8041025641025641 12.521025641025641 -9.993846153846153 0.48881152931068533 2.0250763357156965 1.326774150986146 END 
START 0.3063247863247863 16.77128205128205 -12.482735042735042 -0.22694821003710391 1.0649108317125644 0.19203310080062638 END 
START 1.7805128205128204 18.015726495726497 -13.133675213675213 -0.20949065541886513 -0.24440576465534267 -0.6546582981839536 END 
START 1.3210256410256411 16.024615384615384 -8.462222222222222 1.0910971636399227 0.9688942813122513 -0.8117762897481025 END 
START 1.8570940170940171 12.99965811965812 -6.107350427350427 1.1172834955672808 1.326774150986146 -1.0474532770943257 END 
START 2.9292307692307693 9.84068376068376 -4.575726495726496 0.9514367266940126 1.1085547182581614 -1.1609273821128776 END 
START 4.001367521367522 6.126495726495726 -2.9675213675213676 1.0125381678578482 1.029995722476087 -0.916521617457535 END 
START 4.8246153846153845 2.5271794871794873 -2.201709401709402 1.0823683863308033 1.5624511383323691 -0.1483892142550295 END 
START 4.001367521367522 0.09572649572649572 -3.675897435897436 0.5062690839289241 1.1958424913493553 0.20949065541886513 END 
START 3.082393162393162 -3.963076923076923 -4.843760683760684 -0.4713539746924466 0.1483892142550295 0.34042231505565584 END 
START 2.3548717948717948 -6.777435897435898 -6.241367521367521 -0.9950806132396095 -0.7244885166569086 0.6022856343292373 END 
START 1.5699145299145298 -8.309059829059828 -7.026324786324786 -1.1521986048037582 -0.8641489536028187 1.1260122728764002 END 
START -0.057435897435897436 -8.615384615384615 -9.17059829059829 -1.352960482913504 -1.0910971636399227 1.3355029282952653 END 
START -1.4933333333333334 -8.232478632478632 -11.755213675213675 -1.5886374702597275 -1.806856902987712 1.3093165963679072 END 
START -2.3357264957264956 -5.513846153846154 -13.822905982905983 -1.5711799156414885 -2.1385504407342486 1.2307576005858327 END 
START -1.6847863247863248 -2.6994871794871793 -15.948034188034187 -0.619743188947476 -1.0474532770943257 0.8641489536028187 END 
START -0.5360683760683761 -2.5463247863247864 -15.526837606837606 -0.1396604369459101 -0.3753374242921334 0.6110144116383567 END 
START 1.0147008547008547 -1.455042735042735 -14.224957264957265 0.19203310080062638 0.09601655040031319 0.5062690839289241 END 
START 2.3357264957264956 -0.4211965811965812 -12.635897435897435 0.43643886545596905 0.3229647604374171 0.5586417477836404 END 
START 1.4167521367521367 0.09572649572649572 -11.984957264957265 0.19203310080062638 0.296778428510059 0.44516764276508847 END 
START 0.4403418803418803 0.5743589743589743 -11.87008547008547 -0.11347410501855196 0.24440576465534267 0.17457554618238763 END 
START -0.2105982905982906 0.6892307692307692 -12.482735042735042 -0.27059209658270084 0.19203310080062638 -0.07855899578207443 END 
START 0.3829059829059829 -0.26803418803418805 -11.87008547008547 -0.008728777309119381 0.5673705250927598 0.04364388654559691 END 
START -0.19145299145299144 -1.2252991452991453 -11.582905982905983 0.28804965120093956 0.9514367266940126 0.22694821003710391 END 
START -0.8998290598290598 -2.1442735042735044 -11.736068376068376 0.06983021847295505 0.6895734074204312 0 END 
START -1.2061538461538461 -3.80991452991453 -11.927521367521367 -0.04364388654559691 0.2356769873462233 -0.3753374242921334 END 
START 0.19145299145299144 -9.84068376068376 -14.263247863247864 0.9776230586213707 0.7157597393477892 -0.2356769873462233 END 
START 0.057435897435897436 -11.831794871794871 -15.411965811965812 1.536264806405011 0.24440576465534267 -0.07855899578207443 END 
START 0.3446153846153846 -12.808205128205127 -14.665299145299146 1.8679583441515475 -0.593556857020118 -0.10474532770943257 END 
START 3.5035897435897434 -14.55042735042735 -11.812649572649573 2.636090747354053 -0.052372663854716284 0.09601655040031319 END 
START 5.2841025641025645 -13.612307692307692 -9.917264957264956 3.3343929320836034 1.0038093905487289 0.9950806132396095 END 
START 5.475555555555555 -11.621196581196582 -7.964444444444444 3.6311713605936626 0.9514367266940126 1.8766871214606669 END 
START 3.5993162393162392 -10.491623931623932 -5.781880341880342 3.412951927865678 0.16584676887326824 2.11236410880689 END 
START 1.6656410256410257 -10.568205128205129 -4.173675213675214 2.426600091935188 -0.6284719662565954 1.6410101341144436 END 
START 0.3063247863247863 -9.878974358974359 -3.3695726495726497 1.2307576005858327 -0.9514367266940126 1.1609273821128776 END 
START 0.5360683760683761 -7.8878632478632476 -2.7186324786324785 0.6895734074204312 -0.034915109236477525 1.5188072517867723 END 
START 0.26803418803418805 -5.877606837606837 -2.7377777777777776 1.2918590417496685 1.3442317056043847 2.2607533230619197 END 
START 0.1723076923076923 -3.8673504273504276 -0.3446153846153846 1.3442317056043847 1.8592295668424281 2.976513062409709 END 
START 2.6994871794871793 2.4505982905982906 6.892307692307693 -1.8155856802968313 2.042533890333935 1.6671964660418017 END 
START 7.638974358974359 7.638974358974359 8.06017094017094 -2.915411621245873 3.6224425832845433 2.1909231045889648 END 
START 10.683076923076923 19.68136752136752 7.332649572649573 -3.9104922344854827 4.538964200742078 1.8854158987697864 END 
START 18.41777777777778 30.632478632478634 5.130940170940171 -6.887005296895191 4.0152375621949155 1.4926209198594143 END 
START 30.575042735042736 33.14051282051282 -2.508034188034188 -7.550392372388265 4.591336864596794 2.5924468608084563 END 
START 29.522051282051283 32.585299145299146 -15.00991452991453 -5.970483679437657 4.172355553759064 3.1336310539738577 END 
START 16.12034188034188 29.80923076923077 -25.195213675213676 -5.106334725834838 -0.20949065541886513 2.5488029742628595 END 
START -2.4697435897435898 27.396923076923077 -26.305641025641027 -4.067610226049632 -5.149978612380435 0.3753374242921334 END 
START -1.6464957264957265 14.990769230769232 -15.105641025641026 -1.9552461172427413 -5.621332587072882 -1.7719417937512343 END 
START 6.317948717948718 3.5227350427350426 -4.058803418803419 1.7719417937512343 -0.49754030661980475 -1.029995722476087 END 
START 7.6581196581196584 -1.34017094017094 0.918974358974359 4.006508784885796 3.412951927865678 0.5062690839289241 END 
START 7.351794871794872 -2.5271794871794873 -0.07658119658119658 2.4353288692443074 3.0812583901191415 0.5848280797109986 END 
START 9.055726495726496 2.1634188034188035 -11.238290598290599 -1.7544842391329956 -0.6895734074204312 -0.49754030661980475 END 
START 6.815726495726496 5.0543589743589745 -13.727179487179487 -1.4751633652411755 -0.593556857020118 -0.38406620160125277 END 
START 4.7671794871794875 6.432820512820513 -14.12923076923077 -0.7157597393477892 0.15711799156414885 -0.2793208738918202 END 
START 5.37982905982906 6.375384615384616 -14.32068376068376 -0.1309316596367907 0.5324554158562822 -0.41898131083773027 END 
START 7.045470085470085 5.092649572649573 -13.478290598290599 0.09601655040031319 0.5411841931654017 -0.663387075493073 END 
START 8.883418803418804 4.499145299145299 -12.597606837606838 0.22694821003710391 0.733217293966028 -0.8030475124389831 END 
START 9.228034188034188 5.188376068376068 -12.272136752136753 0.25313454196446206 0.8379626216754605 -0.9688942813122513 END 
START 10.032136752136752 5.552136752136752 -11.984957264957265 0.3229647604374171 0.6372007435657149 -0.9950806132396095 END 
START 9.725811965811966 5.992478632478632 -11.372307692307693 0.5149978612380435 0.4102525335286109 -0.9601655040031319 END 
START 9.802393162393162 6.94974358974359 -10.261880341880342 0.663387075493073 0.28804965120093956 -1.0038093905487289 END 
