START 1.0338461538461539 0.11487179487179487 -9.744957264957264 -0.296778428510059 0.2618633192735814 0.17457554618238763 END 
START 0.40205128205128204 0.6892307692307692 -10.051282051282051 -0.5586417477836404 0.4277100881468497 0.11347410501855196 END 
START 1.6847863247863248 2.1825641025641027 -10.261880341880342 -0.44516764276508847 0.17457554618238763 0.10474532770943257 END 
START 4.556581196581196 6.643418803418803 -9.534358974358975 -0.12220288232767133 0.1483892142550295 0.296778428510059 END 
START 4.6523076923076925 13.631452991452992 -10.491623931623932 0.4626251973833272 0.5149978612380435 0.8641489536028187 END 
START 2.603760683760684 20.102564102564102 -12.559316239316239 0.5673705250927598 0.2618633192735814 0.2793208738918202 END 
START 0.6892307692307692 22.3808547008547 -14.473846153846154 0.2618633192735814 -0.8205050670572218 -1.187113714040236 END 
START 0.13401709401709402 21.481025641025642 -13.267692307692307 0.24440576465534267 -1.5973662475688468 -2.3916849826987105 END 
START 1.9528205128205127 16.656410256410258 -9.496068376068376 0.7157597393477892 -1.1347410501855195 -2.732107297754366 END 
START 3.5418803418803417 11.276581196581196 -5.705299145299145 1.675925243350921 0.619743188947476 -1.7893993483694732 END 
START 3.963076923076923 6.777435897435898 -4.575726495726496 1.9988900037883384 1.3093165963679072 -1.1172834955672808 END 
START 4.518290598290598 0.4403418803418803 -3.2547008547008547 1.3355029282952653 1.239486377894952 -1.056182054403445 END 
START 5.016068376068376 -10.683076923076923 -4.8246153846153845 -0.24440576465534267 0.9688942813122513 0.06110144116383567 END 
START 2.259145299145299 -13.803760683760684 -8.768547008547008 -1.187113714040236 0.28804965120093956 0.6808446301113117 END 
START -0.6892307692307692 -12.846495726495727 -10.434188034188034 -1.8679583441515475 0.12220288232767133 1.056182054403445 END 
START -1.1487179487179486 -9.802393162393162 -10.319316239316239 -2.1036353314977707 0.6983021847295505 1.3791468148408623 END 
START -0.40205128205128204 -7.7729914529914526 -9.84068376068376 -1.946517339933622 1.1958424913493553 1.5973662475688468 END 
START -1.0912820512820514 -6.681709401709401 -11.142564102564103 -2.0250763357156965 0.8292338443663412 1.3180453736770266 END 
START -1.9719658119658119 -4.7097435897435895 -12.827350427350428 -2.2258382138254422 -0.17457554618238763 0.6808446301113117 END 
START -1.5507692307692307 -3.1015384615384614 -11.41059829059829 -1.9203310080062639 -0.09601655040031319 0.366608646983014 END 
START -0.7658119658119658 -1.7422222222222221 -10.012991452991454 -1.326774150986146 1.0038093905487289 0.4102525335286109 END 
START 0.09572649572649572 -1.3593162393162392 -9.974700854700854 -0.7681324032025055 1.239486377894952 0.38406620160125277 END 
START 0.3446153846153846 -1.9719658119658119 -8.9408547008547 -0.45389642007420783 0.5324554158562822 0.04364388654559691 END 
START -1.2444444444444445 -2.1442735042735044 -7.964444444444444 0.34042231505565584 0.2356769873462233 -0.06983021847295505 END 
START -1.34017094017094 -2.6994871794871793 -8.615384615384615 0.8205050670572218 0.3753374242921334 -0.2356769873462233 END 
START 0.2105982905982906 -2.7377777777777776 -9.898119658119658 1.396604369459101 0.296778428510059 -0.15711799156414885 END 
START 2.5846153846153848 -3.4652991452991455 -10.376752136752136 2.016347558406577 0.25313454196446206 0.40152375621949155 END 
START 3.197264957264957 -3.7141880341880342 -10.07042735042735 2.6884634112087693 0.41898131083773027 0.7419460712751474 END 
START 2.622905982905983 -5.494700854700855 -10.07042735042735 3.3343929320836034 0.4713539746924466 0.8903352855301769 END 
START 1.5507692307692307 -7.61982905982906 -10.108717948717949 3.5787986967389465 -0.20949065541886513 0.6808446301113117 END 
START 2.622905982905983 -10.108717948717949 -10.931965811965812 3.8144756840851697 -0.7419460712751474 0.6983021847295505 END 
START 3.292991452991453 -13.478290598290599 -11.563760683760684 4.207270662995541 -0.7157597393477892 1.073639609021684 END 
START 2.3165811965811964 -18.302905982905983 -9.17059829059829 4.687353414997108 -0.034915109236477525 1.6671964660418017 END 
START 4.02051282051282 -19.853675213675213 -5.494700854700855 4.678624637687989 1.675925243350921 2.016347558406577 END 
START 5.647863247863248 -19.623931623931625 -4.365128205128205 4.748454856160944 2.1036353314977707 1.6410101341144436 END 
START 1.2827350427350428 -24.774017094017093 4.556581196581196 3.66608646983014 -0.4713539746924466 1.3355029282952653 END 
START -2.125128205128205 -27.77982905982906 11.506324786324786 2.452786423862546 0.12220288232767133 1.3791468148408623 END 
START -3.58017094017094 -25.98017094017094 14.205811965811966 0.20949065541886513 1.9028734533880252 1.8941446760789058 END 
START -1.3976068376068376 -18.456068376068377 15.354529914529914 -2.636090747354053 2.993970617027948 2.1385504407342486 END 
START 2.9292307692307693 -9.094017094017094 18.972991452991455 -5.245995162780748 4.172355553759064 2.993970617027948 END 
START 13.822905982905983 10.549059829059829 18.53264957264957 -7.925729796680399 6.415651322202745 3.9017634571763633 END 
START 28.44991452991453 37.77367521367521 16.867008547008545 -9.496909712321887 9.16521617457535 3.203461272446813 END 
START 48.74393162393162 59.59931623931624 13.478290598290599 -10.928429191017464 10.57054932134357 2.2258382138254422 END 
START 57.24444444444445 64.11760683760684 -15.833162393162393 -10.553091766725332 7.227427611950848 2.4091425373169493 END 
START 20.696068376068375 53.932307692307695 -45.58495726495727 -8.60657442679171 -3.7010015790666175 0.9688942813122513 END 
START -2.259145299145299 36.567521367521366 -26.267350427350426 -4.006508784885796 -8.781149972974097 -1.510078474477653 END 
START 2.086837606837607 7.734700854700855 3.80991452991453 3.7882893521578116 -0.4277100881468497 -1.2307576005858327 END 
START 14.11008547008547 -16.005470085470087 10.797948717948717 0.8030475124389831 2.173465549970726 0.7419460712751474 END 
START 13.612307692307692 -5.437264957264957 -2.5846153846153848 -3.66608646983014 -1.5886374702597275 0.2793208738918202 END 
START 5.724444444444444 7.007179487179487 -11.468034188034189 -4.067610226049632 -2.426600091935188 -0.1309316596367907 END 
START 3.790769230769231 8.768547008547008 -17.364786324786326 -1.4577058106229366 0.19203310080062638 -0.49754030661980475 END 
START 10.338461538461539 4.862905982905983 -17.326495726495725 0.8728777309119381 1.8505007895333088 -0.183304323491507 END 
START 12.09982905982906 1.455042735042735 -11.927521367521367 1.099825940949042 0.8816065082210575 0.27059209658270084 END 
START 9.783247863247864 0.4211965811965812 -7.122051282051282 0.017457554618238762 -0.17457554618238763 0.34042231505565584 END 
START 7.6581196581196584 1.8953846153846154 -9.094017094017094 -0.6983021847295505 -0.27059209658270084 0.21821943272798452 END 
START 7.4858119658119655 4.288547008547009 -12.291282051282051 -0.733217293966028 -0.1309316596367907 -0.1396604369459101 END 
START 7.524102564102564 3.427008547008547 -13.095384615384615 -0.20076187810974577 0.052372663854716284 -0.27059209658270084 END 
START 8.27076923076923 3.3695726495726497 -12.138119658119658 0.24440576465534267 0.15711799156414885 -0.11347410501855196 END 
START 6.605128205128205 2.7377777777777776 -9.821538461538461 0.38406620160125277 0 -0.183304323491507 END 
START 7.236923076923077 1.703931623931624 -8.691965811965812 0.25313454196446206 -0.1483892142550295 -0.3578798696738946 END 
START 7.907008547008547 1.0912820512820514 -7.638974358974359 0.10474532770943257 -0.49754030661980475 -0.6372007435657149 END 
START 7.466666666666667 1.1678632478632478 -6.815726495726496 0 -0.6808446301113117 -0.7855899578207443 END 
