START 5.858461538461539 -4.958632478632478 -5.264957264957265 0.11347410501855196 0.10474532770943257 -0.593556857020118 END 
START 6.72 -4.843760683760684 -4.518290598290598 0.3142359831282977 0.09601655040031319 -0.07855899578207443 END 
START 6.528547008547009 -5.456410256410257 -3.790769230769231 0.39279497891037213 0.15711799156414885 0.6022856343292373 END 
START 6.528547008547009 -4.614017094017094 -2.4505982905982906 0.08728777309119382 -0.09601655040031319 0.619743188947476 END 
START 6.662564102564103 -4.345982905982906 -0.67008547008547 -0.183304323491507 -0.183304323491507 0.3229647604374171 END 
START 7.045470085470085 -3.5227350427350426 1.4933333333333334 -0.5237266385471628 -0.1309316596367907 0.17457554618238763 END 
START 7.562393162393162 -3.1206837606837605 3.963076923076923 -0.98635183593049 0.04364388654559691 0.28804965120093956 END 
START 7.351794871794872 -2.278290598290598 5.513846153846154 -1.536264806405011 0.28804965120093956 0.5673705250927598 END 
START 7.16034188034188 -1.1104273504273505 6.317948717948718 -2.0687202222612933 0.34915109236477526 0.7855899578207443 END 
START 6.777435897435898 0.3254700854700855 7.141196581196581 -2.7495648523726053 0.052372663854716284 0.8205050670572218 END 
START 6.356239316239316 2.1442735042735044 7.7729914529914526 -3.4216807051747975 -0.2793208738918202 0.8379626216754605 END 
START 4.575726495726496 6.298803418803419 6.681709401709401 -4.669895860378869 -0.5673705250927598 1.3355029282952653 END 
START 3.7333333333333334 8.385641025641025 5.858461538461539 -5.324554158562822 -0.549912970474521 1.5624511383323691 END 
START 2.8335042735042735 10.08957264957265 4.901196581196581 -5.804636910564389 -0.5237266385471628 1.7108403525873987 END 
START 2.086837606837607 11.85094017094017 4.211965811965812 -6.34582110372979 -0.7070309620386699 1.6322813568053243 END 
START 2.1442735042735044 13.746324786324786 3.5227350427350426 -6.729887305331043 -0.8728777309119381 1.6584676887326824 END 
START 1.991111111111111 16.57982905982906 2.0294017094017094 -6.930649183440789 -0.8205050670572218 2.0076187810974577 END 
START 1.5699145299145298 19.757948717948718 -0.47863247863247865 -7.105224729623176 -0.366608646983014 2.2869396549892778 END 
START 1.4167521367521367 22.744615384615386 -4.843760683760684 -7.148868616168773 0.026186331927358142 2.3043972096075165 END 
START 1.5507692307692307 24.83145299145299 -9.821538461538461 -6.948106738059027 -0.2618633192735814 1.9552461172427413 END 
START 1.7230769230769232 24.257094017094015 -12.846495726495727 -6.581498091076013 -1.2831302644405491 1.510078474477653 END 
START 2.259145299145299 22.457435897435897 -13.516581196581196 -6.232346998711238 -1.9814324491700996 1.4315194786955785 END 
START 2.7186324786324785 20.485470085470084 -12.827350427350428 -5.970483679437657 -1.763213016442115 1.8417720122241894 END 
START 2.1825641025641027 20.102564102564102 -15.143931623931623 -5.909382238273821 -0.733217293966028 2.3480410961531137 END 
START 1.8953846153846154 21.30871794871795 -18.494358974358974 -5.6911628055458365 -1.0474532770943257 2.147279218043368 END 
START 2.259145299145299 20.313162393162393 -19.89196581196581 -5.289639049326345 -1.5624511383323691 2.059991444952174 END 
START 2.1825641025641027 18.78153846153846 -20.045128205128204 -5.045233284671002 -1.7021115752782794 2.1560079953524873 END 
START 2.2974358974358973 17.115897435897438 -19.470769230769232 -4.739726078851824 -1.2045712686584746 2.3393123188439944 END 
START 2.125128205128205 14.952478632478632 -19.107008547008547 -4.538964200742078 -0.20949065541886513 2.662277079281411 END 
START 2.0294017094017094 13.248547008547009 -19.566495726495727 -4.3818462091779296 0.3753374242921334 2.7844799616090827 END 
START 2.086837606837607 12.34871794871795 -22.62974358974359 -3.9279497891037214 0.296778428510059 2.67973463389965 END 
START 1.7996581196581196 11.1808547008547 -26.45880341880342 -3.229647604374171 -0.6372007435657149 2.0949065541886513 END 
START 2.508034188034188 10.032136752136752 -30.058119658119658 -2.3305835415348746 -0.9601655040031319 1.8155856802968313 END 
START 0.19145299145299144 7.753846153846154 -36.79726495726496 -0.017457554618238762 0.5411841931654017 1.7282979072056375 END 
START -1.3210256410256411 6.260512820512821 -37.73538461538462 2.7233785204452468 0.052372663854716284 0.017457554618238762 END 
START -0.8232478632478633 7.236923076923077 -36.14632478632478 3.9366785664128408 0.549912970474521 -0.6110144116383567 END 
START 0.03829059829059829 9.764102564102565 -35.648547008547006 4.992860620816286 2.0512626676430545 -0.6284719662565954 END 
START 1.4933333333333334 13.842051282051282 -36.85470085470085 6.0665002298379695 3.3082066001562453 -0.6022856343292373 END 
START 3.005811965811966 18.264615384615386 -38.30974358974359 7.201241280023489 2.9852418397188285 -0.9427079493848932 END 
START 3.4844444444444442 22.936068376068377 -38.67350427350427 8.231237002499576 1.9028734533880252 -1.2045712686584746 END 
START 1.9719658119658119 27.703247863247864 -38.67350427350427 9.139029842647991 0.8117762897481025 -1.2569439325131908 END 
START -0.3063247863247863 31.781196581196582 -36.26119658119658 9.846060804686662 0.7244885166569086 -0.9601655040031319 END 
START -2.622905982905983 35.457094017094015 -33.638290598290595 10.483261548252377 1.6410101341144436 -0.6546582981839536 END 
START -2.661196581196581 38.90324786324786 -31.876923076923077 10.989530632181301 1.7719417937512343 -0.5586417477836404 END 
START -0.5935042735042735 42.13880341880342 -29.12 11.41724072032815 1.4926209198594143 -0.5411841931654017 END 
START 2.4697435897435898 46.54222222222222 -23.52957264957265 11.609273821128777 1.396604369459101 -0.4713539746924466 END 
START 2.5846153846153848 46.71452991452991 -17.51794871794872 11.443427052255508 1.5624511383323691 -0.84669139898458 END 
START 5.762735042735042 44.93401709401709 -9.572649572649572 11.076818405272494 2.3043972096075165 -0.8117762897481025 END 
START 7.39008547008547 41.851623931623934 -2.776068376068376 10.42216010708854 2.5662605288810982 -0.3142359831282977 END 
START 7.236923076923077 37.81196581196581 5.1692307692307695 9.540553598867483 2.0774489995704126 0.11347410501855196 END 
START 5.245811965811966 33.121367521367524 12.367863247863248 8.30979599828165 1.2482151552040714 0.2356769873462233 END 
START 2.603760683760684 27.10974358974359 16.84786324786325 6.869547742276953 0.5237266385471628 0.1396604369459101 END 
START 0.7083760683760684 21.174700854700856 19.145299145299145 5.499129704745211 0.08728777309119382 0.11347410501855196 END 
START -0.2105982905982906 15.775726495726495 19.48991452991453 4.268372104159377 -0.2793208738918202 0.034915109236477525 END 
START 0 11.927521367521367 18.934700854700854 3.325664154774484 -0.6372007435657149 0.017457554618238762 END 
START 0.3446153846153846 9.304615384615385 18.456068376068377 2.5051590877172623 -0.9077928401484157 -0.15711799156414885 END 
START 1.4167521367521367 6.528547008547009 18.188034188034187 1.7195691298965181 -0.9776230586213707 -0.5411841931654017 END 
START 5.1692307692307695 1.6464957264957265 15.526837606837606 0.2356769873462233 -0.296778428510059 -0.8903352855301769 END 
START 6.988034188034188 0.26803418803418805 12.73162393162393 -0.40152375621949155 0.04364388654559691 -0.8117762897481025 END 
START 8.213333333333333 0.26803418803418805 9.362051282051283 -0.8728777309119381 0.034915109236477525 -0.7855899578207443 END 
START 9.228034188034188 0.3829059829059829 6.183931623931624 -1.2482151552040714 -0.25313454196446206 -0.8292338443663412 END 
START 9.955555555555556 0.5743589743589743 3.2547008547008547 -1.5449935837141304 -0.5848280797109986 -0.8030475124389831 END 
START 10.376752136752136 0.6317948717948718 0.650940170940171 -1.7544842391329956 -1.0038093905487289 -0.733217293966028 END 
START 10.874529914529914 0.8615384615384616 -1.4933333333333334 -1.763213016442115 -1.3180453736770266 -0.44516764276508847 END 
