START 1.34017094017094 7.3709401709401705 -5.571282051282052 0.43643886545596905 0.7506748485842668 -0.49754030661980475 END 
START 2.9292307692307693 7.581538461538462 -6.796581196581196 -0.19203310080062638 0.7768611805116249 -0.5673705250927598 END 
START 3.7524786324786326 8.423931623931624 -6.279658119658119 -0.3578798696738946 0.593556857020118 0.8205050670572218 END 
START 4.518290598290598 12.214700854700855 -7.256068376068376 -0.07855899578207443 0.3753374242921334 1.187113714040236 END 
START 4.460854700854701 14.473846153846154 -7.811282051282051 0.017457554618238762 0.20949065541886513 0.8379626216754605 END 
START 3.7716239316239317 15.277948717948718 -7.8304273504273505 -0.24440576465534267 -0.10474532770943257 0.12220288232767133 END 
START 2.7377777777777776 13.44 -6.605128205128205 -0.5149978612380435 -0.4626251973833272 -0.30550720581917834 END 
START 2.4697435897435898 10.874529914529914 -4.8820512820512825 -0.5411841931654017 -0.296778428510059 -0.22694821003710391 END 
START 3.2164102564102564 9.381196581196582 -4.862905982905983 -0.19203310080062638 0.2793208738918202 0.34915109236477526 END 
START 2.756923076923077 6.9688888888888885 -4.365128205128205 0.1483892142550295 0.7070309620386699 0.8816065082210575 END 
START 0 0.8806837606837606 -7.504957264957265 -1.3616892602226234 -0.38406620160125277 0.8728777309119381 END 
START -1.3593162393162392 -1.6656410256410257 -9.878974358974359 -2.129821663425129 -1.3878755921499817 0.98635183593049 END 
START -1.4167521367521367 -3.005811965811966 -10.606495726495726 -2.147279218043368 -0.9688942813122513 1.6060950248779662 END 
START -2.3357264957264956 -2.795213675213675 -12.061538461538461 -2.129821663425129 -0.6022856343292373 1.9290597853153832 END 
START -2.0485470085470086 -2.393162393162393 -13.478290598290599 -2.356769873462233 -1.3093165963679072 1.8592295668424281 END 
START -2.488888888888889 -1.703931623931624 -14.263247863247864 -2.636090747354053 -2.199651881898084 1.3791468148408623 END 
START -2.24 -1.5124786324786326 -15.163076923076924 -2.2607533230619197 -2.1385504407342486 1.3180453736770266 END 
START -1.8188034188034188 -1.589059829059829 -15.584273504273504 -1.7021115752782794 -1.6060950248779662 1.1085547182581614 END 
START -0.5935042735042735 -1.6082051282051282 -15.105641025641026 -1.056182054403445 -0.8554201762936994 0.9514367266940126 END 
START 0.019145299145299145 -0.9764102564102564 -15.029059829059829 -0.48008275200156597 -0.2793208738918202 0.7594036258933862 END 
START 0.07658119658119658 -0.7083760683760684 -14.052649572649573 -0.12220288232767133 -0.04364388654559691 0.5760993024018791 END 
START -1.1678632478632478 -0.3063247863247863 -12.865641025641025 0.25313454196446206 0.19203310080062638 0.3578798696738946 END 
START -2.4123076923076923 -0.28717948717948716 -12.712478632478632 0.9688942813122513 0.5848280797109986 -0.21821943272798452 END 
START -2.4697435897435898 -0.8232478632478633 -13.325128205128205 1.536264806405011 1.0910971636399227 -0.034915109236477525 END 
START -2.622905982905983 -1.34017094017094 -13.727179487179487 2.173465549970726 1.2220288232767134 -0.026186331927358142 END 
START -1.8762393162393163 -3.024957264957265 -13.688888888888888 2.6710058565905306 0.7419460712751474 -0.06110144116383567 END 
START -1.1295726495726495 -5.0543589743589745 -12.655042735042736 3.0550720581917834 0.38406620160125277 0 END 
START -1.4933333333333334 -5.571282051282052 -12.597606837606838 3.587527474048066 0.2793208738918202 -0.17457554618238763 END 
START -0.03829059829059829 -7.9452991452991455 -12.08068376068376 4.111254112595229 0.1396604369459101 0.026186331927358142 END 
START 0.3829059829059829 -10.281025641025641 -12.616752136752137 4.521506646123839 -0.38406620160125277 0.7070309620386699 END 
START 1.2061538461538461 -12.291282051282051 -12.444444444444445 4.434218873032646 -0.98635183593049 1.0474532770943257 END 
START 2.24 -13.65059829059829 -12.923076923076923 4.111254112595229 -1.1260122728764002 0.9688942813122513 END 
START 3.082393162393162 -13.765470085470085 -13.363418803418803 3.7010015790666175 -0.9688942813122513 0.8205050670572218 END 
START 3.063247863247863 -12.367863247863248 -12.272136752136753 2.11236410880689 -1.579908692950608 0.8205050670572218 END 
START 3.4652991452991455 -11.027692307692307 -8.653675213675214 0.45389642007420783 -2.0774489995704126 1.0387244997852063 END 
START 4.02051282051282 -8.9791452991453 -4.1928205128205125 -0.733217293966028 -1.2918590417496685 1.69338279796916 END 
START 3.0441025641025643 -6.796581196581196 2.0676923076923077 -0.9950806132396095 0.6721158528021923 2.6884634112087693 END 
START 3.675897435897436 0.3829059829059829 7.524102564102564 -1.3878755921499817 2.993970617027948 3.6049850286663045 END 
START 12.09982905982906 8.73025641025641 14.205811965811966 -2.7582936296817246 4.757183633470063 3.849390793321647 END 
START 28.794529914529914 22.074529914529915 16.732991452991453 -6.415651322202745 6.145059225620044 3.9541361210310795 END 
START 40.932649572649574 43.19179487179487 1.6656410256410257 -7.9344585739895175 7.349630494278519 4.757183633470063 END 
START 40.3008547008547 45.68068376068376 -27.033162393162392 -7.017936956531982 3.8843059025581246 4.3905749864870485 END 
START 7.236923076923077 45.125470085470084 -41.56444444444445 -6.040313897910612 -6.450566431439222 2.0949065541886513 END 
START -13.248547008547009 30.977094017094018 -11.984957264957265 -3.2209188270650517 -10.544362989416213 -1.2569439325131908 END 
START -0.67008547008547 7.562393162393162 6.375384615384616 3.09871594473738 -0.5586417477836404 -0.9339791720757737 END 
START 10.281025641025641 -10.338461538461539 8.902564102564103 3.94540734372196 2.9241403985549925 1.5973662475688468 END 
START 8.251623931623932 -4.901196581196581 1.4741880341880342 -1.675925243350921 -1.2744014871314298 1.1783849367311166 END 
START 0.019145299145299145 5.0543589743589745 -6.203076923076923 -3.535154810193349 -2.810666293536441 0.6808446301113117 END 
START -4.958632478632478 9.649230769230769 -11.314871794871795 -2.1647367726616067 -1.0823683863308033 0.052372663854716284 END 
START -0.7275213675213675 8.653675213675214 -15.986324786324786 -0.11347410501855196 0.7506748485842668 0.16584676887326824 END 
START 0.5552136752136753 7.907008547008547 -12.597606837606838 1.0038093905487289 0.9252503947666544 0.22694821003710391 END 
START -0.5360683760683761 4.5948717948717945 -7.7729914529914526 0.34915109236477526 0.34042231505565584 -0.183304323491507 END 
START 2.6994871794871793 2.201709401709402 -9.342905982905982 -0.7506748485842668 -0.08728777309119382 -0.733217293966028 END 
START 4.518290598290598 2.0676923076923077 -12.214700854700855 -0.9950806132396095 -0.08728777309119382 -0.5760993024018791 END 
START 3.9247863247863246 2.8143589743589743 -13.593162393162393 -0.7506748485842668 0.1309316596367907 -0.40152375621949155 END 
START 3.561025641025641 4.518290598290598 -13.822905982905983 -0.549912970474521 0.19203310080062638 -0.34915109236477526 END 
START 3.4844444444444442 5.092649572649573 -13.114529914529914 -0.40152375621949155 -0.06110144116383567 -0.6110144116383567 END 
START 4.5374358974358975 4.6523076923076925 -10.568205128205129 -0.34915109236477526 0.10474532770943257 -1.4402482560046979 END 
START 4.403418803418804 5.303247863247863 -10.127863247863248 -0.48008275200156597 0.10474532770943257 -2.0774489995704126 END 
START 5.130940170940171 6.815726495726496 -9.055726495726496 -0.4713539746924466 0.20949065541886513 -2.7408360750634855 END 
