START 0.5935042735042735 -2.2974358974358973 -8.9408547008547 -0.27059209658270084 0.20076187810974577 0.06983021847295505 END 
START 0.3063247863247863 -1.0721367521367522 -8.577094017094018 -0.48881152931068533 0.4277100881468497 0.5673705250927598 END 
START 0 0.057435897435897436 -9.591794871794871 -0.38406620160125277 0.48008275200156597 0.15711799156414885 END 
START -0.03829059829059829 0.36376068376068377 -9.151452991452992 -0.38406620160125277 0.296778428510059 0.08728777309119382 END 
START 0.22974358974358974 0.5360683760683761 -8.672820512820513 -0.38406620160125277 0.1483892142550295 0.06983021847295505 END 
START 0.7466666666666667 0.4594871794871795 -8.117606837606838 -0.34042231505565584 0.052372663854716284 0.034915109236477525 END 
START 1.2827350427350428 0.3254700854700855 -8.002735042735043 -0.2618633192735814 -0.052372663854716284 0.1483892142550295 END 
START 1.3210256410256411 0.6892307692307692 -7.9452991452991455 -0.30550720581917834 -0.24440576465534267 0.19203310080062638 END 
START 0.8806837606837606 0.7083760683760684 -7.8878632478632476 -0.3753374242921334 -0.34915109236477526 0.11347410501855196 END 
START 0.5743589743589743 0.6126495726495726 -8.251623931623932 -0.17457554618238763 -0.41898131083773027 -0.017457554618238762 END 
START 0 0.057435897435897436 -8.806837606837608 0 -0.5586417477836404 -0.04364388654559691 END 
START -0.07658119658119658 -0.3254700854700855 -9.649230769230769 0.22694821003710391 -0.733217293966028 0.09601655040031319 END 
START 0.1723076923076923 -1.187008547008547 -10.319316239316239 0.34915109236477526 -0.8641489536028187 0.49754030661980475 END 
START 0.8423931623931624 -2.220854700854701 -10.797948717948717 0.38406620160125277 -0.7419460712751474 0.8205050670572218 END 
START 0.1723076923076923 -2.795213675213675 -12.367863247863248 0.296778428510059 -0.6808446301113117 0.6721158528021923 END 
START -0.057435897435897436 -4.403418803418804 -13.095384615384615 0.28804965120093956 -0.7419460712751474 0.21821943272798452 END 
START 0.7658119658119658 -7.734700854700855 -14.837606837606838 0.3578798696738946 -0.15711799156414885 0.2793208738918202 END 
START 1.5316239316239315 -10.204444444444444 -16.33094017094017 0.6372007435657149 0.7157597393477892 0.6110144116383567 END 
START 0.918974358974359 -11.755213675213675 -18.226324786324785 0.8554201762936994 1.1696561594219972 0.49754030661980475 END 
START 1.6273504273504273 -14.282393162393163 -18.80068376068376 1.1347410501855195 1.0387244997852063 -0.15711799156414885 END 
START 5.322393162393162 -20.696068376068375 -16.656410256410258 1.8854158987697864 1.4926209198594143 0.08728777309119382 END 
START 6.662564102564103 -26.745982905982906 -12.406153846153845 2.522616642335501 2.382956205389591 1.2045712686584746 END 
START 4.173675213675214 -29.656068376068376 -8.309059829059828 2.374227428080472 2.382956205389591 2.033805113024816 END 
START 0.8232478632478633 -27.454358974358975 -5.513846153846154 1.2045712686584746 1.7195691298965181 1.6671964660418017 END 
START 0.7275213675213675 -23.31897435897436 -3.388717948717949 -0.6284719662565954 1.0474532770943257 0.7594036258933862 END 
START 1.4741880341880342 -15.68 -1.6464957264957265 -1.6584676887326824 0.6372007435657149 -0.034915109236477525 END 
START 5.552136752136752 1.589059829059829 5.0543589743589745 -1.4053331467682204 0.2356769873462233 1.483892142550295 END 
START 5.226666666666667 10.931965811965812 10.740512820512821 -2.5749893061902176 0.9688942813122513 2.3043972096075165 END 
START 3.2547008547008547 21.193846153846152 14.32068376068376 -5.280910272017225 0.8205050670572218 2.6971921885178887 END 
START 5.15008547008547 33.638290598290595 14.378119658119658 -7.986831237844234 0.6022856343292373 2.4877015330990235 END 
START 10.931965811965812 43.42153846153846 10.587350427350428 -8.842251414137934 2.2607533230619197 3.2820202682288873 END 
START 13.861196581196582 47.59521367521368 -4.977777777777778 -7.794798137043608 4.591336864596794 3.797018129466931 END 
START 0.6317948717948718 36.931282051282054 -28.794529914529914 -5.307096603944584 1.326774150986146 1.946517339933622 END 
START -13.995213675213675 24.505982905982904 -33.73401709401709 -2.0774489995704126 -5.481672150126971 -1.2656727098223102 END 
START -14.148376068376068 13.822905982905983 -15.163076923076924 1.2569439325131908 -6.398193767584506 -3.7882893521578116 END 
START -2.1442735042735044 9.802393162393162 -1.3784615384615384 2.7582936296817246 -0.98635183593049 -2.863038957391157 END 
START 3.7141880341880342 12.387008547008547 -0.40205128205128204 3.893034679867244 4.067610226049632 -0.45389642007420783 END 
START 2.795213675213675 22.591452991452993 -0.3254700854700855 4.032695116813154 0.8990640628392963 -1.5275360290958917 END 
START 4.097094017094017 21.95965811965812 0.5935042735042735 3.1074447220464996 -1.4489770333138172 -3.4653245917203943 END 
START 6.432820512820513 17.42222222222222 -0.5552136752136753 2.4877015330990235 -0.9252503947666544 -3.692272801757498 END 
START 4.135384615384615 15.737435897435898 -2.890940170940171 2.8455814027729183 0.28804965120093956 -3.0114281716461866 END 
START 0.09572649572649572 15.067350427350428 -3.963076923076923 2.147279218043368 -0.7681324032025055 -3.412951927865678 END 
START -0.019145299145299145 8.902564102564103 -3.4844444444444442 1.1958424913493553 -2.0512626676430545 -4.504049091505601 END 
START 1.1678632478632478 2.393162393162393 -5.82017094017094 0.9601655040031319 -1.2656727098223102 -4.250914549541139 END 
START 2.5271794871794873 -0.9764102564102564 -6.777435897435898 1.2569439325131908 -0.04364388654559691 -3.1249022766647383 END 
START 3.5035897435897434 -5.035213675213675 -6.375384615384616 1.483892142550295 0.45389642007420783 -2.1385504407342486 END 
START 2.4697435897435898 -9.362051282051283 -10.204444444444444 0.6372007435657149 -0.10474532770943257 -2.3043972096075165 END 
START 5.915897435897436 -13.171965811965812 -12.482735042735042 0.12220288232767133 -1.1260122728764002 -3.116173499355619 END 
START 12.482735042735042 -17.824273504273503 -12.559316239316239 -0.16584676887326824 -1.4751633652411755 -2.5313454196446203 END 
START 18.456068376068377 -24.008205128205127 -11.42974358974359 1.0649108317125644 -0.84669139898458 2.356769873462233 END 
START 10.855384615384615 -21.423589743589744 -9.706666666666667 0.3316935377465365 -1.3093165963679072 2.470243978480785 END 
START 6.337094017094017 -17.077606837606837 -9.074871794871795 -1.1347410501855195 -2.4615152011716654 0.3142359831282977 END 
START 3.7141880341880342 -12.367863247863248 -8.806837606837608 -1.5275360290958917 -1.8941446760789058 0.12220288232767133 END 
START 0.09572649572649572 -4.977777777777778 -10.30017094017094 -1.0649108317125644 -0.008728777309119381 1.3442317056043847 END 
START -3.063247863247863 2.0676923076923077 -12.635897435897435 -0.7943187351298637 1.0474532770943257 1.4926209198594143 END 
START -3.8673504273504276 4.728888888888889 -13.822905982905983 -0.663387075493073 0.8903352855301769 0.5062690839289241 END 
START -3.2164102564102564 4.958632478632478 -13.554871794871795 -0.5586417477836404 0.5848280797109986 -0.366608646983014 END 
START -1.8953846153846154 3.427008547008547 -12.712478632478632 -0.20949065541886513 0.3229647604374171 -0.6372007435657149 END 
START -0.7658119658119658 1.5124786324786326 -11.506324786324786 0.017457554618238762 0.17457554618238763 -0.593556857020118 END 
START 0.40205128205128204 0.3446153846153846 -10.778803418803419 0.16584676887326824 0.10474532770943257 -0.48008275200156597 END 
