START 4.728888888888889 -4.5374358974358975 -2.3548717948717948 1.3616892602226234 0.8990640628392963 0.12220288232767133 END 
START 4.345982905982906 -4.441709401709402 -2.01025641025641 1.1347410501855195 1.0212669451669676 0.5149978612380435 END 
START 3.2355555555555555 -4.4225641025641025 -1.435897435897436 1.0823683863308033 0.8554201762936994 0.49754030661980475 END 
START 2.9675213675213676 -4.805470085470086 -0.5552136752136753 0.8990640628392963 0.663387075493073 -0.1483892142550295 END 
START 3.407863247863248 -5.494700854700855 0.49777777777777776 0.6284719662565954 0.6983021847295505 -0.41898131083773027 END 
START 4.154529914529914 -5.571282051282052 1.34017094017094 0.3316935377465365 0.8379626216754605 -0.22694821003710391 END 
START 4.518290598290598 -4.288547008547009 2.24 0.1396604369459101 0.9077928401484157 0.12220288232767133 END 
START 4.805470085470086 -2.6420512820512823 3.6184615384615384 -0.16584676887326824 0.6895734074204312 0.30550720581917834 END 
START 4.958632478632478 -0.918974358974359 5.092649572649573 -0.5848280797109986 0.20076187810974577 0.1309316596367907 END 
START 5.762735042735042 0.7466666666666667 6.337094017094017 -1.0038093905487289 0.052372663854716284 0.008728777309119381 END 
START 6.566837606837606 6.471111111111111 5.60957264957265 -1.990161226479219 0.5760993024018791 0.6895734074204312 END 
START 7.0837606837606835 10.08957264957265 3.292991452991453 -2.470243978480785 0.8903352855301769 1.2307576005858327 END 
START 6.873162393162393 13.037948717948717 0.7275213675213675 -2.915411621245873 0.7506748485842668 1.4315194786955785 END 
START 6.509401709401709 13.516581196581196 -0.650940170940171 -3.1860037178285743 0.06983021847295505 1.1172834955672808 END 
START 6.547692307692308 11.774358974358975 -0.5360683760683761 -3.4478670371021556 -0.6022856343292373 0.8990640628392963 END 
START 6.432820512820513 9.668376068376068 0.28717948717948716 -3.9541361210310795 -0.8816065082210575 1.073639609021684 END 
START 6.011623931623932 9.074871794871795 0.4211965811965812 -4.678624637687989 -0.6895734074204312 1.536264806405011 END 
START 5.15008547008547 10.434188034188034 -0.47863247863247865 -5.490400927436091 -0.3316935377465365 1.9552461172427413 END 
START 4.211965811965812 12.31042735042735 -2.9675213675213676 -6.057771452528851 -0.1309316596367907 2.033805113024816 END 
START 3.005811965811966 12.827350427350428 -6.911452991452991 -6.476752763366581 -0.30550720581917834 1.806856902987712 END 
START 2.488888888888889 12.789059829059829 -10.08957264957265 -6.8171750784222365 -0.6895734074204312 1.6846540206600407 END 
START 2.0294017094017094 12.73162393162393 -12.214700854700855 -7.113953506932296 -0.5237266385471628 2.0949065541886513 END 
START 0.40205128205128204 16.828717948717948 -18.054017094017095 -7.576578704315623 0.5760993024018791 2.243295768443681 END 
START -0.22974358974358974 15.871452991452992 -23.223247863247863 -7.402003158133235 0.19203310080062638 1.3180453736770266 END 
START 0.8998290598290598 15.048205128205128 -27.224615384615383 -6.939377960749908 -0.5586417477836404 0.6546582981839536 END 
START 2.890940170940171 13.248547008547009 -27.55008547008547 -6.319634771802432 -0.41898131083773027 0.8117762897481025 END 
START 3.178119658119658 10.970256410256411 -26.8417094017094 -5.813365687873508 0.41898131083773027 1.1609273821128776 END 
START 3.58017094017094 8.577094017094018 -26.592820512820513 -5.2634527173989865 0.4713539746924466 1.0823683863308033 END 
START 3.675897435897436 6.451965811965812 -25.75042735042735 -4.678624637687989 0.008728777309119381 0.8990640628392963 END 
START 4.48 4.403418803418804 -25.424957264957264 -4.08506778066787 -0.2793208738918202 0.8903352855301769 END 
START 4.805470085470086 3.063247863247863 -26.075897435897435 -3.412951927865678 -0.21821943272798452 1.0038093905487289 END 
START 5.418119658119658 1.589059829059829 -28.028717948717947 -2.705920965827008 -0.1483892142550295 1.0125381678578482 END 
START 4.7097435897435895 0.5935042735042735 -33.102222222222224 -1.7108403525873987 -0.34042231505565584 0.916521617457535 END 
START 2.6420512820512823 0.3063247863247863 -36.98871794871795 -0.3142359831282977 -1.0474532770943257 0.4713539746924466 END 
START -0.9955555555555555 1.7230769230769232 -34.95931623931624 2.7146497431361274 -0.2793208738918202 -0.30550720581917834 END 
START -1.34017094017094 3.0441025641025643 -32.06837606837607 3.9541361210310795 1.3180453736770266 -0.5149978612380435 END 
START -1.703931623931624 4.460854700854701 -31.11111111111111 4.8182850746338985 1.7457554618238762 -1.1434698274946389 END 
START -2.4123076923076923 6.375384615384616 -32.70017094017094 5.603875032454643 1.1696561594219972 -1.9814324491700996 END 
START -2.3548717948717948 8.404786324786325 -34.46153846153846 6.459295208748342 0.916521617457535 -2.470243978480785 END 
START -1.837948717948718 11.448888888888888 -36.26119658119658 7.218698834641728 2.0076187810974577 -2.173465549970726 END 
START -1.8188034188034188 15.814017094017094 -39.80307692307692 8.100305342862786 2.8455814027729183 -1.8417720122241894 END 
START -1.8570940170940171 20.1408547008547 -39.80307692307692 9.086657178793276 2.1909231045889648 -1.7544842391329956 END 
START -2.01025641025641 23.950769230769232 -36.60581196581197 9.889704691232259 1.2045712686584746 -1.9028734533880252 END 
START -1.589059829059829 27.81811965811966 -33.06393162393162 10.413431329779423 0.8030475124389831 -1.9552461172427413 END 
START -1.1678632478632478 30.01982905982906 -28.507350427350428 10.631650762507407 0.8641489536028187 -1.946517339933622 END 
START 2.488888888888889 32.527863247863245 -18.551794871794872 10.4483464390159 1.4751633652411755 -1.3878755921499817 END 
START 4.384273504273504 32.85333333333333 -12.252991452991452 10.107924123960244 1.326774150986146 -1.3355029282952653 END 
START 6.375384615384616 30.613333333333333 -5.016068376068376 9.339791720757738 1.3616892602226234 -1.352960482913504 END 
START 7.5432478632478634 27.932991452991452 0.9381196581196581 8.501829099082277 1.8243144576059507 -1.1085547182581614 END 
START 7.17948717948718 24.505982905982904 7.0837606837606835 7.532934817770026 2.2083806592072035 -0.6459295208748342 END 
START 5.628717948717949 21.806495726495726 12.272136752136753 6.398193767584506 1.7893993483694732 -0.22694821003710391 END 
START 2.9675213675213676 18.972991452991455 16.216068376068375 4.984131843507167 1.1609273821128776 -0.017457554618238762 END 
START 0.7466666666666667 15.871452991452992 17.747692307692308 3.587527474048066 0.9776230586213707 -0.12220288232767133 END 
START -0.5360683760683761 13.305982905982907 17.326495726495725 2.295668432298397 0.6110144116383567 -0.34042231505565584 END 
START -0.8806837606837606 10.98940170940171 16.426666666666666 1.2569439325131908 -0.008728777309119381 -0.5673705250927598 END 
START -0.6317948717948718 8.902564102564103 15.986324786324786 0.38406620160125277 -0.4277100881468497 -0.6721158528021923 END 
START 0.057435897435897436 7.4283760683760685 14.990769230769232 -0.43643886545596905 -0.6983021847295505 -0.8030475124389831 END 
START 2.5463247863247864 5.15008547008547 12.042393162393163 -1.8505007895333088 -1.1434698274946389 -1.213300045967594 END 
START 3.8864957264957263 4.48 10.108717948717949 -2.452786423862546 -1.3180453736770266 -1.099825940949042 END 
