START 1.8953846153846154 9.936410256410257 -7.141196581196581 0.2356769873462233 -0.7157597393477892 -0.5149978612380435 END 
START 5.245811965811966 9.63008547008547 -6.911452991452991 -0.20076187810974577 -0.09601655040031319 0.3753374242921334 END 
START 3.197264957264957 15.488547008547009 -10.587350427350428 0.4102525335286109 1.1696561594219972 1.466434587932056 END 
START 2.4314529914529914 19.011282051282052 -13.037948717948717 0.3229647604374171 -0.21821943272798452 0.06110144116383567 END 
START 2.6994871794871793 16.79042735042735 -9.85982905982906 0.5062690839289241 -0.7157597393477892 -0.619743188947476 END 
START 1.9719658119658119 13.956923076923077 -6.94974358974359 0.5586417477836404 -0.34915109236477526 -1.0823683863308033 END 
START 1.3593162393162392 11.41059829059829 -5.398974358974359 0.6808446301113117 -0.07855899578207443 -1.1958424913493553 END 
START 1.6464957264957265 9.438632478632478 -4.6523076923076925 0.6372007435657149 -0.28804965120093956 -1.3791468148408623 END 
START 1.7422222222222221 6.605128205128205 -4.288547008547009 0.48881152931068533 -0.48008275200156597 -1.4926209198594143 END 
START 2.5271794871794873 4.403418803418804 -4.384273504273504 0.296778428510059 -0.4102525335286109 -1.3791468148408623 END 
START 3.1015384615384614 1.7805128205128204 -5.647863247863248 0.5149978612380435 -0.20076187810974577 -0.8554201762936994 END 
START 0.7849572649572649 -1.6464957264957265 -6.758290598290598 0.15711799156414885 -0.2618633192735814 -0.2793208738918202 END 
START 0.7275213675213675 -3.9056410256410254 -7.5432478632478634 -0.5237266385471628 -0.8903352855301769 -0.5673705250927598 END 
START 1.0338461538461539 -5.781880341880342 -8.28991452991453 -1.0823683863308033 -1.4227907013864591 -0.5848280797109986 END 
START 0.7466666666666667 -6.624273504273504 -9.438632478632478 -1.396604369459101 -1.9290597853153832 -0.5149978612380435 END 
START -0.3446153846153846 -7.1986324786324785 -12.501880341880343 -1.3616892602226234 -1.3878755921499817 0.06110144116383567 END 
START 2.7377777777777776 -5.513846153846154 -13.363418803418803 -1.3093165963679072 -0.5237266385471628 0.296778428510059 END 
START 4.25025641025641 -4.3076923076923075 -13.937777777777777 -1.0910971636399227 0.09601655040031319 0.4277100881468497 END 
START 3.1206837606837605 -1.6656410256410257 -14.301538461538462 -0.9427079493848932 0.026186331927358142 0.3753374242921334 END 
START 1.2827350427350428 0 -13.746324786324786 -0.84669139898458 -0.11347410501855196 0.1309316596367907 END 
START -0.07658119658119658 0.5935042735042735 -12.76991452991453 -0.6808446301113117 -0.052372663854716284 -0.052372663854716284 END 
START -1.0147008547008547 0.8615384615384616 -11.582905982905983 -0.40152375621949155 0.4626251973833272 -0.1396604369459101 END 
START -1.0147008547008547 1.4933333333333334 -11.716923076923077 0.1309316596367907 1.0649108317125644 0.12220288232767133 END 
START -1.8762393162393163 2.1442735042735044 -11.927521367521367 0.5673705250927598 0.9339791720757737 0.08728777309119382 END 
START -2.0294017094017094 1.6464957264957265 -10.95111111111111 0.6022856343292373 0.5237266385471628 -0.24440576465534267 END 
START -1.6273504273504273 0.19145299145299144 -10.453333333333333 0.663387075493073 0.4102525335286109 -0.34042231505565584 END 
START -1.4167521367521367 -1.6656410256410257 -11.334017094017094 1.4053331467682204 0.5848280797109986 0.15711799156414885 END 
START -0.36376068376068377 -3.024957264957265 -11.161709401709402 1.9203310080062639 0.8554201762936994 0.5411841931654017 END 
START 1.6847863247863248 -4.135384615384615 -10.970256410256411 2.583718083499337 1.1696561594219972 0.9427079493848932 END 
START 3.3504273504273505 -5.475555555555555 -11.41059829059829 3.2820202682288873 1.2918590417496685 1.466434587932056 END 
START 4.671452991452991 -7.141196581196581 -11.64034188034188 3.7795605748486922 0.9950806132396095 1.9203310080062639 END 
START 6.356239316239316 -9.228034188034188 -11.2 4.22472821761378 0.7681324032025055 2.8455814027729183 END 
START 7.045470085470085 -11.027692307692307 -10.587350427350428 4.425490095723526 0.48881152931068533 3.639900137902782 END 
START 5.915897435897436 -12.406153846153845 -8.07931623931624 4.329473545323213 0.22694821003710391 3.692272801757498 END 
START 5.016068376068376 -13.727179487179487 -7.1986324786324785 3.6573576925210207 0.183304323491507 3.2209188270650517 END 
START 5.494700854700855 -12.367863247863248 -7.39008547008547 2.9852418397188285 0.16584676887326824 3.299477822847126 END 
START 4.901196581196581 -11.487179487179487 -7.17948717948718 2.4440576465534267 -0.06983021847295505 3.3169353774653647 END 
START 3.675897435897436 -10.415042735042736 -6.203076923076923 1.4577058106229366 -0.2793208738918202 3.587527474048066 END 
START 0.28717948717948716 -7.504957264957265 -2.7186324786324785 -0.183304323491507 -0.052372663854716284 3.6049850286663045 END 
START -0.26803418803418805 -4.690598290598291 -2.508034188034188 -0.9427079493848932 0.25313454196446206 3.177274940519455 END 
START -1.1678632478632478 -1.991111111111111 -1.3976068376068376 -1.7719417937512343 0.2618633192735814 2.976513062409709 END 
START -0.3063247863247863 0.36376068376068377 2.125128205128205 -3.116173499355619 0.6110144116383567 2.950326730482351 END 
START 4.077948717948718 5.073504273504273 6.088205128205129 -4.320744768014094 1.536264806405011 3.1249022766647383 END 
START 7.409230769230769 16.77128205128205 9.802393162393162 -6.0665002298379695 2.129821663425129 2.8804965120093957 END 
START 12.635897435897435 29.005128205128205 11.257435897435897 -8.676404645264665 2.950326730482351 1.7457554618238762 END 
START 30.172991452991454 31.264273504273504 -0.8423931623931624 -9.121572288029753 4.189813108377303 1.5537223610232498 END 
START 29.847521367521367 26.975726495726494 -22.17025641025641 -6.476752763366581 2.4091425373169493 2.8717677347002764 END 
START 11.085128205128205 27.243760683760684 -34.13606837606837 -5.682434028236717 -2.863038957391157 2.793208738918202 END 
START -5.915897435897436 30.402735042735042 -25.15692307692308 -3.0376145035735447 -6.19743188947476 0.44516764276508847 END 
START 9.572649572649572 0.8423931623931624 5.303247863247863 3.38676559593832 1.2045712686584746 -1.510078474477653 END 
START 13.88034188034188 -7.275213675213675 4.001367521367522 3.639900137902782 3.020156948955306 0.4102525335286109 END 
START 7.983589743589744 -3.388717948717949 -1.2444444444444445 0.9688942813122513 1.2569439325131908 1.1085547182581614 END 
START 2.776068376068376 2.7186324786324785 -7.5432478632478634 -1.8417720122241894 -1.3093165963679072 0.7070309620386699 END 
START -0.4403418803418803 7.581538461538462 -13.918632478632478 -2.129821663425129 -1.5711799156414885 0.2618633192735814 END 
START -1.1104273504273505 10.357606837606838 -16.886153846153846 -0.38406620160125277 -0.06110144116383567 0.25313454196446206 END 
START -1.1487179487179486 9.285470085470086 -14.11008547008547 0.9776230586213707 0.9601655040031319 0.052372663854716284 END 
START 0.9381196581196581 6.241367521367521 -10.98940170940171 0.8903352855301769 1.0910971636399227 -0.1309316596367907 END 
START 4.03965811965812 4.996923076923077 -11.468034188034189 0.17457554618238763 0.7768611805116249 -0.12220288232767133 END 
START 3.8290598290598292 6.413675213675214 -12.367863247863248 -0.22694821003710391 0.30550720581917834 -0.11347410501855196 END 
START 1.8953846153846154 6.183931623931624 -13.4208547008547 -0.24440576465534267 0.07855899578207443 -0.3142359831282977 END 
START 2.24 5.418119658119658 -14.435555555555556 -0.48008275200156597 -0.17457554618238763 -0.6808446301113117 END 
START 1.5124786324786326 6.585982905982906 -11.831794871794871 -0.39279497891037213 0.08728777309119382 -1.0823683863308033 END 
