START 6.662564102564103 6.145641025641026 4.116239316239316 -4.923030402343331 1.7370266845147568 1.4227907013864591 END 
START 6.011623931623932 7.294358974358975 2.259145299145299 -5.603875032454643 1.7195691298965181 1.2918590417496685 END 
START 6.662564102564103 9.381196581196582 0.9572649572649573 -5.656247696309359 1.5624511383323691 1.0387244997852063 END 
START 6.509401709401709 10.166153846153847 -0.6317948717948718 -5.822094465182627 1.3704180375317427 0.9252503947666544 END 
START 7.064615384615385 11.64034188034188 -1.8953846153846154 -6.275990885256835 1.4140619240773398 0.9339791720757737 END 
START 8.443076923076923 13.612307692307692 -3.388717948717949 -6.590226868385133 1.7981281256785926 1.5275360290958917 END 
START 8.787692307692307 15.699145299145298 -5.207521367521368 -6.546582981839536 1.9290597853153832 1.946517339933622 END 
START 8.04102564102564 16.57982905982906 -6.930598290598291 -6.502939095293939 1.2744014871314298 1.8505007895333088 END 
START 6.815726495726496 16.867008547008545 -8.232478632478632 -6.424380099511865 0.20076187810974577 1.3442317056043847 END 
START 6.164786324786324 15.90974358974359 -9.055726495726496 -6.529125427221297 -0.48008275200156597 1.1521986048037582 END 
START 5.437264957264957 16.84786324786325 -11.793504273504274 -6.930649183440789 1.1696561594219972 2.374227428080472 END 
START 4.6523076923076925 17.135042735042735 -15.048205128205128 -6.930649183440789 1.536264806405011 2.4178713146260686 END 
START 4.518290598290598 16.216068376068375 -16.292649572649573 -6.712429750712804 0.9514367266940126 2.0250763357156965 END 
START 4.786324786324786 14.761025641025642 -15.316239316239317 -6.433108876820984 0.6110144116383567 1.8243144576059507 END 
START 5.456410256410257 13.918632478632478 -15.067350427350428 -6.153788002929164 0.9252503947666544 1.6060950248779662 END 
START 5.858461538461539 12.635897435897435 -16.33094017094017 -6.0053987886741345 1.352960482913504 1.2482151552040714 END 
START 5.686153846153847 10.912820512820513 -17.70940170940171 -5.734806692091434 1.3616892602226234 0.9601655040031319 END 
START 5.322393162393162 8.9408547008547 -18.475213675213674 -5.097605948525719 0.7157597393477892 0.6372007435657149 END 
START 4.671452991452991 6.222222222222222 -19.145299145299145 -4.486591536887362 -0.19203310080062638 0.2618633192735814 END 
START 5.628717948717949 7.102905982905983 -22.074529914529915 -4.032695116813154 -0.183304323491507 0.034915109236477525 END 
START 6.796581196581196 7.8304273504273505 -28.143589743589743 -2.915411621245873 0.6895734074204312 -0.17457554618238763 END 
START 7.3135042735042735 6.739145299145299 -31.494017094017092 -1.6148238021870855 0.8641489536028187 -0.6110144116383567 END 
START 9.974700854700854 5.762735042735042 -32.25982905982906 1.1172834955672808 -0.06983021847295505 -1.1696561594219972 END 
START 11.142564102564103 7.141196581196581 -32.08752136752137 2.2258382138254422 -0.3316935377465365 -1.1609273821128776 END 
START 10.127863247863248 8.51965811965812 -32.68102564102564 3.2383763816832905 -0.11347410501855196 -1.239486377894952 END 
START 7.964444444444444 9.438632478632478 -34.46153846153846 4.329473545323213 -0.21821943272798452 -1.3442317056043847 END 
START 6.337094017094017 10.797948717948717 -34.88273504273504 5.385655599726658 -0.5673705250927598 -1.466434587932056 END 
START 5.513846153846154 12.252991452991452 -35.24649572649572 6.433108876820984 0.16584676887326824 -1.1172834955672808 END 
START 4.345982905982906 15.718290598290599 -37.86940170940171 7.428189490060594 1.1958424913493553 -0.8554201762936994 END 
START 4.001367521367522 21.653333333333332 -42.215384615384615 8.143949229408383 0.8903352855301769 -1.1696561594219972 END 
START 5.111794871794872 28.296752136752136 -46.10188034188034 8.973183073774724 -0.11347410501855196 -1.3355029282952653 END 
START 3.963076923076923 34.90188034188034 -48.284444444444446 9.985721241632572 -1.0649108317125644 -1.326774150986146 END 
START 1.8762393162393163 40.64547008547009 -46.46564102564103 11.015716964108659 -1.6148238021870855 -1.3791468148408623 END 
START 1.1678632478632478 45.96786324786325 -42.272820512820516 11.87113714040236 -1.2220288232767134 -1.510078474477653 END 
START 7.696410256410257 52.68786324786325 -30.823931623931625 12.805116312478132 -0.04364388654559691 -1.5624511383323691 END 
START 13.018803418803419 54.71726495726496 -23.950769230769232 12.778929980550775 0.24440576465534267 -1.326774150986146 END 
START 17.44136752136752 50.811623931623934 -14.435555555555556 12.342491115094806 0.6284719662565954 -0.98635183593049 END 
START 17.70940170940171 44.417094017094016 -6.260512820512821 11.495799716110225 0.733217293966028 -0.4626251973833272 END 
START 15.833162393162393 39.20957264957265 -0.26803418803418805 10.465803993634138 0.619743188947476 -0.06110144116383567 END 
START 13.057094017094018 35.84 6.298803418803419 9.243775170357425 0.7157597393477892 0.5062690839289241 END 
START 9.285470085470086 33.102222222222224 11.257435897435897 7.777340582425369 0.19203310080062638 0.8728777309119381 END 
START 5.705299145299145 29.005128205128205 14.454700854700855 6.337092326420671 -0.663387075493073 0.916521617457535 END 
START 2.4123076923076923 23.14666666666667 17.8817094017094 5.036504507361883 -1.3878755921499817 0.5586417477836404 END 
START 0.3829059829059829 17.47965811965812 19.45162393162393 3.7795605748486922 -1.7719417937512343 0.296778428510059 END 
START -0.6317948717948718 12.712478632478632 19.585641025641024 2.67973463389965 -1.990161226479219 -0.026186331927358142 END 
START -1.0338461538461539 5.705299145299145 18.915555555555557 0.98635183593049 -1.6584676887326824 -0.28804965120093956 END 
START -0.4403418803418803 3.3695726495726497 17.556239316239317 0.2793208738918202 -1.5188072517867723 -0.5586417477836404 END 
START 0.8615384615384616 2.0294017094017094 15.641709401709402 -0.38406620160125277 -1.3878755921499817 -0.9252503947666544 END 
START -0.4403418803418803 3.3695726495726497 17.556239316239317 0.2793208738918202 -1.5188072517867723 -0.5586417477836404 END 
START 0.8615384615384616 2.0294017094017094 15.641709401709402 -0.38406620160125277 -1.3878755921499817 -0.9252503947666544 END 