START 0.918974358974359 6.04991452991453 -6.700854700854701 0.16584676887326824 0.9077928401484157 0.2618633192735814 END 
START 1.052991452991453 6.069059829059829 -7.466666666666667 0.04364388654559691 1.3093165963679072 -0.24440576465534267 END 
START 1.7996581196581196 7.6581196581196584 -7.4283760683760685 -0.07855899578207443 1.1434698274946389 0.04364388654559691 END 
START 2.24 12.061538461538461 -5.705299145299145 -0.38406620160125277 0.48008275200156597 0.6895734074204312 END 
START 2.259145299145299 16.254358974358976 -6.432820512820513 -0.5324554158562822 1.1172834955672808 0.25313454196446206 END 
START 2.9292307692307693 20.887521367521366 -9.744957264957264 -0.24440576465534267 1.3616892602226234 -0.44516764276508847 END 
START 4.3076923076923075 20.83008547008547 -10.95111111111111 0.3142359831282977 0.9427079493848932 -0.7157597393477892 END 
START 4.077948717948718 17.345641025641026 -9.362051282051283 0.663387075493073 0.22694821003710391 -0.9427079493848932 END 
START 3.9247863247863246 13.937777777777777 -6.9688888888888885 0.40152375621949155 -0.3229647604374171 -0.9950806132396095 END 
START 4.231111111111111 7.562393162393162 -5.398974358974359 0.49754030661980475 -0.026186331927358142 -0.5062690839289241 END 
START 2.278290598290598 3.675897435897436 -6.72 0.45389642007420783 0.38406620160125277 -0.1396604369459101 END 
START 2.508034188034188 -0.09572649572649572 -8.366495726495726 0.40152375621949155 -0.3578798696738946 -0.366608646983014 END 
START 4.058803418803419 -5.322393162393162 -7.504957264957265 0.16584676887326824 -0.8030475124389831 0.2793208738918202 END 
START 0.28717948717948716 -8.021880341880342 -9.878974358974359 -0.4713539746924466 -1.2307576005858327 1.073639609021684 END 
START -2.5463247863247864 -10.07042735042735 -11.793504273504274 -1.1085547182581614 -3.09871594473738 0.41898131083773027 END 
START 0.9764102564102564 -10.07042735042735 -11.468034188034189 -0.5760993024018791 -1.9639748945518607 0.49754030661980475 END 
START 2.9675213675213676 -9.323760683760684 -12.57846153846154 0.017457554618238762 -0.15711799156414885 1.1434698274946389 END 
START 0.6892307692307692 -5.60957264957265 -14.11008547008547 0.2793208738918202 0.017457554618238762 0.9252503947666544 END 
START -0.7658119658119658 -3.2164102564102564 -13.152820512820513 0.366608646983014 -0.3753374242921334 0.296778428510059 END 
START -1.9145299145299146 -1.3976068376068376 -12.31042735042735 0.5237266385471628 0.11347410501855196 0.08728777309119382 END 
START -2.661196581196581 0.7466666666666667 -12.789059829059829 0.5324554158562822 0.8816065082210575 -0.20949065541886513 END 
START -1.8570940170940171 2.1825641025641027 -13.152820512820513 0.549912970474521 1.2744014871314298 -0.5237266385471628 END 
START -1.1104273504273505 2.9292307692307693 -12.99965811965812 0.48881152931068533 1.1958424913493553 -0.7855899578207443 END 
START 0.26803418803418805 2.3357264957264956 -12.004102564102563 0.549912970474521 0.7506748485842668 -0.8554201762936994 END 
START 0.3063247863247863 1.8953846153846154 -11.334017094017094 0.5673705250927598 0.28804965120093956 -0.8641489536028187 END 
START 0.7849572649572649 1.2444444444444445 -10.606495726495726 0.5586417477836404 0.2356769873462233 -0.8728777309119381 END 
START 0.8232478632478633 -0.8232478632478633 -10.051282051282051 0.7157597393477892 1.1696561594219972 -0.09601655040031319 END 
START 1.435897435897436 -2.3165811965811964 -9.898119658119658 0.7244885166569086 0.8641489536028187 -0.1396604369459101 END 
START 3.427008547008547 -4.326837606837607 -9.476923076923077 1.0212669451669676 0.7768611805116249 0.5149978612380435 END 
START 4.288547008547009 -5.896752136752137 -8.538803418803418 1.7282979072056375 1.5188072517867723 1.9203310080062639 END 
START 2.756923076923077 -5.858461538461539 -8.117606837606838 2.54007419695374 2.382956205389591 2.583718083499337 END 
START 2.4697435897435898 -6.94974358974359 -7.7729914529914526 2.96778428510059 1.7981281256785926 1.8766871214606669 END 
START 4.48 -9.381196581196582 -7.026324786324786 2.8979540666276344 0.5673705250927598 2.1036353314977707 END 
START 4.728888888888889 -10.778803418803419 -6.585982905982906 3.0376145035735447 -0.39279497891037213 2.915411621245873 END 
START 3.3312820512820513 -12.57846153846154 -5.992478632478632 3.360579264010962 -0.9077928401484157 3.159817385901216 END 
START 1.1104273504273505 -15.124786324786324 -6.317948717948718 3.430409482483917 -0.7943187351298637 3.116173499355619 END 
START 1.0721367521367522 -15.90974358974359 -7.907008547008547 3.0026993943370672 -0.8554201762936994 2.9852418397188285 END 
START 2.3357264957264956 -14.282393162393163 -10.051282051282051 2.295668432298397 -1.466434587932056 3.1336310539738577 END 
START -0.019145299145299145 -12.693333333333333 -7.8304273504273505 0.20949065541886513 -2.8019375162273215 2.950326730482351 END 
START -1.301880341880342 -8.385641025641025 -5.0543589743589745 -0.5324554158562822 -1.213300045967594 2.81939507084556 END 
START 0.9381196581196581 -5.130940170940171 -3.7333333333333334 -1.0038093905487289 -0.8292338443663412 2.7233785204452468 END 
START 1.8570940170940171 -1.2827350427350428 0 -2.0949065541886513 -0.5237266385471628 3.0812583901191415 END 
START 4.862905982905983 3.388717948717949 3.8673504273504276 -3.7882893521578116 0.2793208738918202 3.4653245917203943 END 
START 4.996923076923077 11.448888888888888 7.3709401709401705 -4.067610226049632 2.5138878650263816 3.823204461394289 END 
START 6.356239316239316 19.643076923076922 12.176410256410257 -5.027775730052763 4.312015990704975 2.96778428510059 END 
START 19.126153846153848 30.172991452991454 12.597606837606838 -7.349630494278519 6.057771452528851 2.0949065541886513 END 
START 37.467350427350425 31.55145299145299 -1.1487179487179486 -6.267262107947715 7.838442023589204 2.7495648523726053 END 
START 31.3791452991453 29.77094017094017 -24.486837606837607 -4.434218873032646 5.1325210577621965 3.203461272446813 END 
START 8.50051282051282 28.947692307692307 -40.3391452991453 -5.289639049326345 -3.535154810193349 1.579908692950608 END 
START 3.082393162393162 7.217777777777778 -1.0721367521367522 0.48881152931068533 -3.6573576925210207 -1.9814324491700996 END 
START 5.858461538461539 -1.6082051282051282 5.092649572649573 5.167436166998674 3.299477822847126 0.12220288232767133 END 
START 11.046837606837606 -7.466666666666667 2.508034188034188 3.8581195706307665 3.7446454656122143 0.7768611805116249 END 
START 10.931965811965812 -4.862905982905983 -2.6420512820512823 -0.1483892142550295 0.4713539746924466 0.8554201762936994 END 
START 4.154529914529914 1.8570940170940171 -7.6581196581196584 -2.4353288692443074 -1.8766871214606669 0.8379626216754605 END 
START -1.7996581196581196 7.3709401709401705 -11.353162393162393 -1.8243144576059507 -1.0125381678578482 0.7070309620386699 END 
START 0.5552136752136753 9.40034188034188 -15.392820512820514 -0.25313454196446206 0.5149978612380435 0.4713539746924466 END 
START 0.9572649572649573 9.20888888888889 -15.68 0.49754030661980475 0.5673705250927598 0.2618633192735814 END 
START -0.15316239316239316 7.294358974358975 -12.57846153846154 0.16584676887326824 -0.2618633192735814 -0.2356769873462233 END 
START 0.918974358974359 4.001367521367522 -10.127863247863248 -0.44516764276508847 -0.5411841931654017 -0.5586417477836404 END 
START 4.135384615384615 3.1398290598290597 -12.08068376068376 -0.6546582981839536 0.09601655040031319 -0.4713539746924466 END 
START 3.6567521367521367 5.475555555555555 -14.990769230769232 -0.6983021847295505 0.27059209658270084 -0.21821943272798452 END 
START 0.8423931623931624 6.126495726495726 -14.684444444444445 -1.1609273821128776 -0.4626251973833272 -0.6284719662565954 END 
START 3.427008547008547 5.035213675213675 -13.995213675213675 -0.7943187351298637 -0.19203310080062638 -0.8292338443663412 END 
START 4.575726495726496 5.264957264957265 -13.382564102564103 -0.2793208738918202 0.28804965120093956 -0.6459295208748342 END 
START 4.135384615384615 5.762735042735042 -12.023247863247864 -0.10474532770943257 0.27059209658270084 -0.6983021847295505 END 
START 3.58017094017094 5.762735042735042 -9.974700854700854 -0.20076187810974577 0.20949065541886513 -1.029995722476087 END 
START 4.001367521367522 5.494700854700855 -9.285470085470086 -0.22694821003710391 0.41898131083773027 -1.396604369459101 END 
START 4.460854700854701 6.183931623931624 -10.185299145299146 -0.008728777309119381 0.593556857020118 -1.9814324491700996 END 
