START 5.1692307692307695 -0.03829059829059829 -10.415042735042736 -0.11347410501855196 0.44516764276508847 0.30550720581917834 END 
START 4.977777777777778 -0.4211965811965812 -10.797948717948717 0.5848280797109986 0.04364388654559691 0.5848280797109986 END 
START 4.460854700854701 -0.15316239316239316 -9.534358974358975 1.0125381678578482 -0.549912970474521 0.28804965120093956 END 
START 5.2841025641025645 -1.7996581196581196 -8.74940170940171 0.6459295208748342 -0.6808446301113117 0.39279497891037213 END 
START 4.556581196581196 -2.01025641025641 -8.883418803418804 0.4713539746924466 -0.1396604369459101 1.1609273821128776 END 
START 3.1206837606837605 -3.407863247863248 -6.145641025641026 0.2356769873462233 -0.3316935377465365 1.187113714040236 END 
START 2.9675213675213676 -3.2355555555555555 -5.858461538461539 0.07855899578207443 -0.39279497891037213 0.619743188947476 END 
START 2.201709401709402 -2.890940170940171 -6.471111111111111 -0.16584676887326824 -0.2356769873462233 0.28804965120093956 END 
START 2.6994871794871793 -2.3357264957264956 -7.4858119658119655 -0.17457554618238763 -0.1483892142550295 0.20076187810974577 END 
START 4.269401709401709 -2.6420512820512823 -7.6581196581196584 -0.11347410501855196 -0.183304323491507 0.21821943272798452 END 
START 5.724444444444444 -2.8526495726495726 -7.332649572649573 0 -0.16584676887326824 0.22694821003710391 END 
START 6.183931623931624 -3.4461538461538463 -7.351794871794872 0.017457554618238762 -0.366608646983014 0.1483892142550295 END 
START 6.528547008547009 -5.111794871794872 -7.61982905982906 -0.026186331927358142 -0.43643886545596905 0.06983021847295505 END 
START 7.638974358974359 -7.9452991452991455 -7.964444444444444 -0.15711799156414885 0.06110144116383567 0.366608646983014 END 
START 8.251623931623932 -10.874529914529914 -9.094017094017094 -0.2793208738918202 0.4626251973833272 0.5586417477836404 END 
START 7.926153846153846 -13.171965811965812 -11.716923076923077 -0.34042231505565584 0.663387075493073 0.34915109236477526 END 
START 8.404786324786325 -16.35008547008547 -13.803760683760684 -0.15711799156414885 1.073639609021684 -0.1309316596367907 END 
START 10.051282051282051 -21.940512820512822 -11.238290598290599 -0.27059209658270084 3.24710515899241 0.15711799156414885 END 
START 11.487179487179487 -22.4 -10.242735042735042 -0.20949065541886513 4.023966339504034 1.2482151552040714 END 
START 7.926153846153846 -20.35145299145299 -8.557948717948719 -0.39279497891037213 4.364388654559691 1.9116022306971445 END 
START 7.064615384615385 -18.054017094017095 -5.628717948717949 -0.8816065082210575 4.678624637687989 1.7108403525873987 END 
START 7.39008547008547 -14.78017094017094 -2.5654700854700856 -1.7108403525873987 6.328363549111551 2.313125986916636 END 
START 5.552136752136752 -8.538803418803418 -1.0721367521367522 -2.732107297754366 8.03920390169895 2.863038957391157 END 
START 3.8864957264957263 -0.7658119658119658 0.7466666666666667 -3.116173499355619 8.135220452099263 2.3480410961531137 END 
START 1.8570940170940171 5.973333333333334 5.341538461538462 -3.2907490455380066 7.506748485842667 1.5013496971685336 END 
START 0.49777777777777776 12.31042735042735 10.75965811965812 -4.146169221831706 8.658947090646427 0.6110144116383567 END 
START -0.6317948717948718 17.383931623931623 14.684444444444445 -4.853200183870376 10.177754342433198 -0.549912970474521 END 
START 5.111794871794872 22.725470085470086 24.984615384615385 -5.586417477836404 11.373596833782553 -1.649738911423563 END 
START 23.28068376068376 24.44854700854701 33.7148717948718 -6.415651322202745 14.280279677719308 -0.7681324032025055 END 
START 11.314871794871795 24.659145299145298 -13.822905982905983 -6.302177217184194 0.16584676887326824 -3.797018129466931 END 
START 11.046837606837606 19.604786324786325 -31.513162393162393 -2.1821943272798454 -6.468023986057461 -4.931759179652451 END 
START 5.705299145299145 12.34871794871795 -21.78735042735043 2.4877015330990235 -4.172355553759064 -1.97270367186098 END 
START 6.394529914529914 9.036581196581196 -1.9719658119658119 4.5738793099785555 -2.583718083499337 -0.3753374242921334 END 
START 9.744957264957264 9.553504273504274 7.868717948717949 4.661167083069749 -3.52642603288423 0.06983021847295505 END 
START 8.385641025641025 11.812649572649573 9.323760683760684 4.65243830576063 -5.804636910564389 -0.27059209658270084 END 
START 8.462222222222222 13.956923076923077 10.127863247863248 4.617523196524153 -7.402003158133235 -1.3355029282952653 END 
START 7.7729914529914526 15.258803418803419 8.50051282051282 4.591336864596794 -8.091576565553666 -2.269482100371039 END 
START 7.581538461538462 15.048205128205128 6.930598290598291 4.259643326850258 -8.44945643522756 -3.229647604374171 END 
START 9.438632478632478 13.363418803418803 4.92034188034188 3.9017634571763633 -6.825903855731356 -2.8019375162273215 END 
START 5.839316239316239 14.263247863247864 0.8806837606837606 4.119982889904348 -4.923030402343331 -2.4091425373169493 END 
START 4.556581196581196 11.257435897435897 -0.5360683760683761 4.277100881468497 -6.90446285151343 -4.870657738488615 END 
START 8.06017094017094 3.4652991452991455 -0.7083760683760684 3.692272801757498 -5.953026124819418 -4.434218873032646 END 
START 6.662564102564103 -2.508034188034188 -2.5654700854700856 3.5002397009568718 -3.116173499355619 -2.269482100371039 END 
START 5.513846153846154 -4.556581196581196 -5.686153846153847 2.976513062409709 -2.7582936296817246 -1.946517339933622 END 
START 10.127863247863248 -9.438632478632478 -6.873162393162393 2.6710058565905306 -4.09379655797699 -2.40041376000783 END 
START 15.890598290598291 -14.224957264957265 -8.385641025641025 1.9988900037883384 -4.076339003358751 -1.5188072517867723 END 
START 15.545982905982905 -18.207179487179488 -9.189743589743589 1.2656727098223102 -4.215999440304661 -0.44516764276508847 END 
START 12.96136752136752 -22.036239316239318 -9.917264957264956 0.7419460712751474 -4.250914549541139 -0.052372663854716284 END 
START 12.712478632478632 -22.68717948717949 -12.635897435897435 0.17457554618238763 -3.412951927865678 -0.07855899578207443 END 
START 13.114529914529914 -21.366153846153846 -14.186666666666667 -0.008728777309119381 -2.1385504407342486 0.06110144116383567 END 
START 12.367863247863248 -15.00991452991453 -12.616752136752137 -0.549912970474521 -0.2618633192735814 0.40152375621949155 END 
START 10.98940170940171 -6.260512820512821 -13.44 -1.326774150986146 1.536264806405011 1.2918590417496685 END 
START 1.7422222222222221 6.624273504273504 -16.005470085470087 -0.10474532770943257 0.9950806132396095 0.9427079493848932 END 
START 0.4211965811965812 6.04991452991453 -13.688888888888888 0.5848280797109986 0.20949065541886513 0.2356769873462233 END 
START -0.40205128205128204 2.8526495726495726 -9.917264957264956 0.9688942813122513 -0.09601655040031319 -0.09601655040031319 END 
START 0.6126495726495726 -1.2252991452991453 -5.954188034188034 0.8554201762936994 -0.19203310080062638 -0.3753374242921334 END 
START 2.488888888888889 -3.8864957264957263 -3.7141880341880342 0.41898131083773027 -0.11347410501855196 -0.40152375621949155 END 
START 4.1928205128205125 -4.384273504273504 -3.9056410256410254 0.04364388654559691 -0.06110144116383567 -0.34042231505565584 END 
START 5.628717948717949 -3.5418803418803417 -5.226666666666667 -0.12220288232767133 -0.06983021847295505 -0.1396604369459101 END 
