START 4.03965811965812 -0.15316239316239316 -7.122051282051282 -0.366608646983014 0.366608646983014 0.17457554618238763 END 
START 4.460854700854701 -0.36376068376068377 -8.232478632478632 -0.5586417477836404 0.7768611805116249 0.3229647604374171 END 
START 4.901196581196581 -0.6892307692307692 -8.577094017094018 -0.48881152931068533 0.8816065082210575 1.326774150986146 END 
START 3.9247863247863246 -0.3063247863247863 -9.40034188034188 -0.1309316596367907 0.6721158528021923 1.649738911423563 END 
START 3.024957264957265 0.4211965811965812 -9.132307692307693 0.04364388654559691 -0.1309316596367907 1.0387244997852063 END 
START 3.790769230769231 0.3254700854700855 -8.9408547008547 0.1483892142550295 -0.7244885166569086 0.3229647604374171 END 
START 4.211965811965812 -0.3829059829059829 -8.27076923076923 0.08728777309119382 -0.6721158528021923 0.2793208738918202 END 
START 4.02051282051282 -1.2252991452991453 -7.466666666666667 -0.06110144116383567 -0.3142359831282977 0.4626251973833272 END 
START 4.4225641025641025 -2.8143589743589743 -7.256068376068376 -0.183304323491507 -0.34915109236477526 0.2356769873462233 END 
START 4.728888888888889 -3.1015384615384614 -7.61982905982906 -0.20949065541886513 -0.45389642007420783 0 END 
START 5.035213675213675 -3.3312820512820513 -7.792136752136752 -0.2356769873462233 -0.39279497891037213 -0.052372663854716284 END 
START 5.322393162393162 -3.2547008547008547 -7.8304273504273505 -0.34042231505565584 -0.052372663854716284 -0.008728777309119381 END 
START 5.437264957264957 -3.005811965811966 -8.462222222222222 -0.4713539746924466 0.296778428510059 0.11347410501855196 END 
START 5.82017094017094 -2.756923076923077 -9.113162393162392 -0.44516764276508847 0.4713539746924466 0.2356769873462233 END 
START 6.356239316239316 -2.756923076923077 -9.457777777777778 -0.24440576465534267 0.48881152931068533 0.40152375621949155 END 
START 6.547692307692308 -3.2164102564102564 -9.304615384615385 0.026186331927358142 0.5411841931654017 0.34915109236477526 END 
START 8.443076923076923 -5.37982905982906 -9.113162393162392 0.183304323491507 0.9514367266940126 0.593556857020118 END 
START 8.615384615384615 -7.983589743589744 -9.84068376068376 0.27059209658270084 1.7195691298965181 1.1085547182581614 END 
START 8.672820512820513 -10.778803418803419 -10.051282051282051 0.4102525335286109 1.7981281256785926 0.8816065082210575 END 
START 10.07042735042735 -13.66974358974359 -9.323760683760684 0.48008275200156597 1.806856902987712 0.5586417477836404 END 
START 10.242735042735042 -16.962735042735044 -7.3135042735042735 0.20949065541886513 2.993970617027948 0.8292338443663412 END 
START 9.247179487179487 -17.345641025641026 -6.566837606837606 -0.17457554618238763 4.215999440304661 1.4489770333138172 END 
START 8.577094017094018 -17.096752136752137 -6.164786324786324 -0.5848280797109986 4.905572847725092 1.6410101341144436 END 
START 8.309059829059828 -15.584273504273504 -5.532991452991453 -1.0649108317125644 4.975403066198047 1.7370266845147568 END 
START 10.07042735042735 -14.09094017094017 -4.614017094017094 -1.1521986048037582 5.053962061980122 2.40041376000783 END 
START 10.166153846153847 -12.73162393162393 -2.6420512820512823 -1.0125381678578482 5.499129704745211 3.875577125249005 END 
START 6.451965811965812 -10.72136752136752 0.8232478632478633 -0.9776230586213707 6.328363549111551 4.617523196524153 END 
START 0.8615384615384616 -6.279658119658119 3.1015384615384614 -1.3616892602226234 6.939377960749908 3.3693080413200813 END 
START -1.4933333333333334 -0.5169230769230769 5.571282051282052 -2.3305835415348746 6.162516780238283 1.9116022306971445 END 
START -2.9483760683760685 7.792136752136752 8.9408547008547 -2.9241403985549925 5.184893721616913 0.45389642007420783 END 
START -2.393162393162393 15.890598290598291 13.325128205128205 -3.8144756840851697 5.490400927436091 -1.3791468148408623 END 
START 0.24888888888888888 24.735726495726496 17.843418803418803 -5.045233284671002 7.393274380824116 -3.3082066001562453 END 
START 34.00205128205128 26.8417094017094 25.444102564102565 -5.2547239400898675 16.322813568053242 -1.7457554618238762 END 
START 28.813675213675214 20.1408547008547 4.7097435897435895 -4.2334569949229 11.591816266510538 -1.352960482913504 END 
START 13.095384615384615 16.235213675213675 -25.827008547008546 -3.9715936756493186 -3.8144756840851697 -4.1985418856864225 END 
START 9.438632478632478 14.397264957264957 -29.847521367521367 -0.183304323491507 -13.040793299824356 -5.551502368599927 END 
START 9.993846153846153 12.023247863247864 -10.357606837606838 3.692272801757498 -13.040793299824356 -4.8793865157977345 END 
START 18.551794871794872 11.1808547008547 6.394529914529914 4.146169221831706 -8.065390233626308 -2.906682843936754 END 
START 11.65948717948718 14.052649572649573 6.222222222222222 3.8319332387034084 -4.757183633470063 -0.84669139898458 END 
START 7.907008547008547 18.283760683760683 5.513846153846154 4.207270662995541 -4.809556297324779 -0.7594036258933862 END 
START 6.566837606837606 20.1791452991453 5.513846153846154 4.259643326850258 -6.092686561765328 -2.129821663425129 END 
START 6.624273504273504 20.485470085470084 4.345982905982906 3.980322452958438 -7.227427611950848 -3.5438835875024686 END 
START 7.7729914529914526 19.394188034188033 1.34017094017094 3.66608646983014 -7.271071498496444 -4.1985418856864225 END 
START 4.7671794871794875 14.703589743589744 0.057435897435897436 3.24710515899241 -5.307096603944584 -4.556421755360317 END 
START 5.60957264957265 9.381196581196582 -0.36376068376068377 3.343121709392723 -4.189813108377303 -4.032695116813154 END 
START 5.973333333333334 4.02051282051282 -1.3593162393162392 3.299477822847126 -2.653548301972292 -2.889225289318515 END 
START 7.504957264957265 -3.063247863247863 -5.264957264957265 3.24710515899241 -2.3393123188439944 -1.8417720122241894 END 
START 8.175042735042735 -8.634529914529914 -6.854017094017094 2.9590555077914704 -3.0550720581917834 -1.7021115752782794 END 
START 11.123418803418803 -14.378119658119658 -6.585982905982906 1.990161226479219 -3.9279497891037214 -1.7806705710603539 END 
START 15.756581196581196 -18.60923076923077 -8.902564102564103 0.8728777309119381 -4.032695116813154 -1.0038093905487289 END 
START 18.59008547008547 -21.883076923076924 -11.812649572649573 0.6546582981839536 -3.8843059025581246 0.27059209658270084 END 
START 15.23965811965812 -26.516239316239318 -11.793504273504274 0.6372007435657149 -4.303287213395855 0.5062690839289241 END 
START 9.285470085470086 -30.096410256410255 -12.061538461538461 0.44516764276508847 -3.692272801757498 -0.3753374242921334 END 
START 10.912820512820513 -25.34837606837607 -10.395897435897435 -0.549912970474521 -0.48008275200156597 -0.12220288232767133 END 
START 10.549059829059829 -11.87008547008547 -11.295726495726496 -1.9116022306971445 2.7233785204452468 1.5711799156414885 END 
START 3.427008547008547 8.366495726495726 -18.436923076923076 -0.48881152931068533 2.356769873462233 1.2918590417496685 END 
START 2.488888888888889 8.328205128205129 -15.201367521367521 0.43643886545596905 0.8379626216754605 0.052372663854716284 END 
START 2.5846153846153848 5.571282051282052 -10.319316239316239 0.8030475124389831 0.06983021847295505 -0.593556857020118 END 
START 3.963076923076923 2.3548717948717948 -5.647863247863248 0.7244885166569086 -0.15711799156414885 -0.5848280797109986 END 
START 5.0543589743589745 -0.19145299145299144 -2.5654700854700856 0.28804965120093956 -0.20949065541886513 -0.2356769873462233 END 
START 5.59042735042735 -1.6847863247863248 -0.8423931623931624 -0.3142359831282977 -0.34042231505565584 0.21821943272798452 END 
