START 6.04991452991453 -4.211965811965812 -1.6082051282051282 0.2618633192735814 -0.3578798696738946 -0.5237266385471628 END 
START 7.926153846153846 -4.748034188034188 -0.15316239316239316 0.017457554618238762 -0.619743188947476 -0.38406620160125277 END 
START 10.568205128205129 -4.441709401709402 2.0485470085470086 -0.27059209658270084 -0.48008275200156597 -0.06110144116383567 END 
START 10.970256410256411 -1.3593162393162392 7.351794871794872 -1.5624511383323691 1.0387244997852063 1.3704180375317427 END 
START 10.08957264957265 2.9483760683760685 7.734700854700855 -2.5488029742628595 1.9552461172427413 1.8679583441515475 END 
START 9.074871794871795 6.624273504273504 6.94974358974359 -3.4915109236477524 2.3916849826987105 1.763213016442115 END 
START 8.825982905982906 10.147008547008546 6.030769230769231 -4.268372104159377 2.4353288692443074 1.5973662475688468 END 
START 9.017435897435897 12.96136752136752 4.116239316239316 -4.8182850746338985 2.313125986916636 1.4053331467682204 END 
START 8.883418803418804 14.397264957264957 1.9336752136752138 -5.464214595508732 2.1560079953524873 1.0649108317125644 END 
START 9.878974358974359 14.627008547008547 0.24888888888888888 -6.0665002298379695 2.382956205389591 1.1172834955672808 END 
START 9.955555555555556 15.124786324786324 -0.7083760683760684 -6.633870754930729 2.6448195246631725 1.3878755921499817 END 
START 9.419487179487179 15.46940170940171 -1.9719658119658119 -6.956835515368147 2.199651881898084 1.5013496971685336 END 
START 8.328205128205129 16.752136752136753 -3.407863247863248 -7.096495952314057 1.2918590417496685 1.6060950248779662 END 
START 6.030769230769231 18.054017094017095 -5.092649572649573 -7.279800275805564 0.6372007435657149 1.6148238021870855 END 
START 1.2635897435897436 18.188034188034187 -8.557948717948719 -7.576578704315623 -0.08728777309119382 1.579908692950608 END 
START 0.03829059829059829 18.99213675213675 -10.357606837606838 -7.5591211496973845 -0.2793208738918202 1.8155856802968313 END 
START -0.3063247863247863 20.638632478632477 -13.22940170940171 -7.445647044678832 0.12220288232767133 2.1036353314977707 END 
START -0.4403418803418803 20.61948717948718 -15.545982905982905 -7.227427611950848 0.3316935377465365 1.8417720122241894 END 
START 0.057435897435897436 18.953846153846154 -17.30735042735043 -6.8782765195860724 0.07855899578207443 1.352960482913504 END 
START 0.8806837606837606 16.675555555555555 -18.322051282051284 -6.4854815406757 -0.3316935377465365 0.98635183593049 END 
START 1.5699145299145298 15.00991452991453 -21.05982905982906 -6.249804553329477 -0.98635183593049 0.6284719662565954 END 
START 3.80991452991453 12.884786324786324 -23.26153846153846 -5.857009574419105 -1.029995722476087 0.7681324032025055 END 
START 4.3076923076923075 11.008547008547009 -25.46324786324786 -5.394384377035777 -0.11347410501855196 0.9601655040031319 END 
START 5.073504273504273 9.381196581196582 -27.837264957264956 -4.739726078851824 0.2356769873462233 0.6895734074204312 END 
START 6.164786324786324 6.911452991452991 -28.373333333333335 -3.866848347939886 0 0.39279497891037213 END 
START 7.122051282051282 4.460854700854701 -27.205470085470086 -3.0288857262644253 -0.24440576465534267 0.3229647604374171 END 
START 6.030769230769231 0.8232478632478633 -26.8225641025641 -1.3616892602226234 -0.5062690839289241 0.19203310080062638 END 
START 4.384273504273504 -0.3829059829059829 -27.148034188034188 -0.2793208738918202 -0.6459295208748342 -0.09601655040031319 END 
START 3.7333333333333334 -1.34017094017094 -25.692991452991453 0.7244885166569086 -0.5411841931654017 -0.4626251973833272 END 
START 4.575726495726496 -0.6317948717948718 -24.276239316239316 1.5886374702597275 -0.09601655040031319 -0.5848280797109986 END 
START 4.1928205128205125 2.3165811965811964 -26.075897435897435 2.313125986916636 0.5062690839289241 -0.6459295208748342 END 
START 2.890940170940171 5.130940170940171 -30.115555555555556 3.0288857262644253 0.3753374242921334 -1.2569439325131908 END 
START 2.0676923076923077 8.04102564102564 -32.68102564102564 3.770831797539573 -0.16584676887326824 -2.1385504407342486 END 
START 4.058803418803419 11.87008547008547 -33.638290598290595 4.51277786881472 1.029995722476087 -1.9814324491700996 END 
START 5.59042735042735 14.914188034188035 -37.54393162393163 5.403113154344897 2.915411621245873 -1.2307576005858327 END 
START 5.954188034188034 18.39863247863248 -42.425982905982906 6.3720074356571486 2.6273619700449338 -0.916521617457535 END 
START 4.499145299145299 21.672478632478633 -46.044444444444444 7.489290931224429 0.6983021847295505 -1.4227907013864591 END 
START 2.0676923076923077 25.214358974358973 -47.0208547008547 8.536744208318755 -0.7855899578207443 -1.9290597853153832 END 
START -0.7083760683760684 34.07863247863248 -41.60273504273504 10.544362989416213 0.34042231505565584 -1.1434698274946389 END 
START -0.13401709401709402 37.94598290598291 -36.87384615384615 11.27758028338224 0.30550720581917834 -1.2569439325131908 END 
START 2.776068376068376 41.39213675213675 -30.326153846153847 11.731476703456448 0.17457554618238763 -1.3093165963679072 END 
START 5.954188034188034 44.7042735042735 -24.391111111111112 11.85367958578412 0.6110144116383567 -1.1434698274946389 END 
START 8.232478632478632 46.9059829059829 -18.092307692307692 11.69656159421997 0.8117762897481025 -0.9252503947666544 END 
START 10.127863247863248 45.71897435897436 -9.304615384615385 11.172834955672808 1.0212669451669676 -0.7681324032025055 END 
START 10.395897435897435 41.69846153846154 0.5169230769230769 10.28249967014263 1.4227907013864591 -0.4277100881468497 END 
START 8.9791452991453 37.677948717948716 9.074871794871795 9.191402506502708 1.352960482913504 -0.09601655040031319 END 
START 5.858461538461539 32.757606837606836 16.216068376068375 7.698781586643294 0.7244885166569086 0.10474532770943257 END 
START 3.7141880341880342 26.8417094017094 19.96854700854701 6.118872893692687 0.10474532770943257 0.22694821003710391 END 
START 2.6420512820512823 20.217435897435898 20.657777777777778 4.565150532669437 -0.20949065541886513 0.38406620160125277 END 
START 0.24888888888888888 8.902564102564103 19.145299145299145 1.9377885626245026 -1.2831302644405491 0 END 
START 0.8615384615384616 4.843760683760684 16.15863247863248 0.98635183593049 -1.5275360290958917 -0.25313454196446206 END 
START 2.9292307692307693 1.2635897435897436 12.444444444444445 0.366608646983014 -1.4053331467682204 -0.34042231505565584 END 
START 4.326837606837607 -1.3210256410256411 9.20888888888889 -0.06110144116383567 -0.619743188947476 -0.1309316596367907 END 
START 5.303247863247863 -2.220854700854701 5.781880341880342 -0.366608646983014 -0.20076187810974577 -0.20949065541886513 END 
START 6.700854700854701 -3.178119658119658 3.407863247863248 -0.5149978612380435 -0.19203310080062638 -0.44516764276508847 END 
START 8.232478632478632 -3.9056410256410254 2.086837606837607 -0.6721158528021923 -0.1483892142550295 -0.619743188947476 END 
START 9.878974358974359 -4.269401709401709 0.67008547008547 -0.7594036258933862 -0.20076187810974577 -0.733217293966028 END 
