START 1.2444444444444445 16.713846153846156 -10.931965811965812 -0.663387075493073 -0.663387075493073 0.2618633192735814 END 
START 0.4403418803418803 17.03931623931624 -8.155897435897437 -0.16584676887326824 -0.6284719662565954 -1.0212669451669676 END 
START 1.3784615384615384 18.188034188034187 -6.815726495726496 0.48881152931068533 -0.12220288232767133 -1.6846540206600407 END 
START 2.6994871794871793 19.68136752136752 -5.667008547008547 1.2918590417496685 0.25313454196446206 -1.8505007895333088 END 
START 4.6523076923076925 19.68136752136752 -4.499145299145299 1.990161226479219 0.6022856343292373 -1.6410101341144436 END 
START 5.226666666666667 18.034871794871794 -3.5227350427350426 1.8854158987697864 0.48008275200156597 -1.6060950248779662 END 
START 3.388717948717949 12.76991452991453 -1.435897435897436 1.806856902987712 1.4402482560046979 -1.2569439325131908 END 
START 2.3548717948717948 8.213333333333333 -1.2061538461538461 2.1821943272798454 2.2345669911345616 -1.1085547182581614 END 
START 1.6273504273504273 5.226666666666667 -2.3165811965811964 1.6584676887326824 1.9988900037883384 -0.98635183593049 END 
START 0.8806837606837606 1.3593162393162392 -4.862905982905983 0.9514367266940126 0.7070309620386699 -1.3180453736770266 END 
START 0.057435897435897436 -2.393162393162393 -6.739145299145299 0.43643886545596905 -0.19203310080062638 -1.483892142550295 END 
START 1.3784615384615384 -6.528547008547009 -9.84068376068376 -0.052372663854716284 1.0649108317125644 0.296778428510059 END 
START 0.15316239316239316 -8.04102564102564 -12.482735042735042 -0.12220288232767133 0.5586417477836404 0.9601655040031319 END 
START -3.9056410256410254 -8.998290598290598 -14.454700854700855 -0.9601655040031319 -1.2220288232767134 0.39279497891037213 END 
START -4.460854700854701 -8.28991452991453 -15.048205128205128 -1.649738911423563 -2.496430310408143 -0.4102525335286109 END 
START -2.3165811965811964 -6.892307692307693 -15.124786324786324 -1.5886374702597275 -2.1647367726616067 -0.17457554618238763 END 
START -1.0338461538461539 -4.862905982905983 -15.545982905982905 -0.916521617457535 -1.029995722476087 0.7419460712751474 END 
START -0.5360683760683761 -3.197264957264957 -15.775726495726495 -0.3753374242921334 -0.24440576465534267 1.2220288232767134 END 
START 0.9955555555555555 -2.0485470085470086 -15.316239316239317 -0.06983021847295505 0.052372663854716284 1.056182054403445 END 
START 4.077948717948718 -3.4844444444444442 -14.78017094017094 0.20076187810974577 0.38406620160125277 0.8728777309119381 END 
START 4.92034188034188 -3.4844444444444442 -14.512136752136753 0.733217293966028 1.0387244997852063 1.3878755921499817 END 
START 1.991111111111111 -0.650940170940171 -15.258803418803419 0.9601655040031319 1.2918590417496685 1.6584676887326824 END 
START -1.052991452991453 0.3063247863247863 -15.335384615384616 0.9950806132396095 0.8117762897481025 1.2482151552040714 END 
START -4.556581196581196 -2.105982905982906 -15.258803418803419 1.990161226479219 0.916521617457535 0.9514367266940126 END 
START -2.8526495726495726 -4.3076923076923075 -14.282393162393163 2.5749893061902176 0.8990640628392963 0.8205050670572218 END 
START 0.07658119658119658 -7.064615384615385 -12.76991452991453 3.229647604374171 0.7768611805116249 0.6022856343292373 END 
START 4.097094017094017 -11.142564102564103 -11.621196581196582 4.058881448740512 1.0212669451669676 0.9950806132396095 END 
START 6.854017094017094 -14.512136752136753 -10.166153846153847 4.783369965397421 0.9776230586213707 1.5275360290958917 END 
START 7.141196581196581 -18.302905982905983 -8.9408547008547 4.765912410779182 -0.183304323491507 1.579908692950608 END 
START 4.384273504273504 -19.853675213675213 -6.490256410256411 3.7446454656122143 -1.4053331467682204 1.6846540206600407 END 
START 3.3695726495726497 -18.99213675213675 -4.7671794871794875 2.7757511842999634 -1.5537223610232498 1.806856902987712 END 
START 1.5316239316239315 -16.40752136752137 -4.671452991452991 2.836852625463799 -0.8641489536028187 2.4178713146260686 END 
START -1.8570940170940171 -15.756581196581196 -3.2547008547008547 3.0376145035735447 -0.21821943272798452 2.8281238481546795 END 
START -5.59042735042735 -15.545982905982905 -0.3446153846153846 2.11236410880689 0.8292338443663412 3.0550720581917834 END 
START -5.628717948717949 -12.73162393162393 1.6656410256410257 0.34042231505565584 0.9688942813122513 3.1074447220464996 END 
START 1.7422222222222221 0.49777777777777776 8.136752136752136 -2.5488029742628595 3.7621030202304535 3.7010015790666175 END 
START 10.836239316239316 16.886153846153846 12.463589743589743 -5.027775730052763 5.822094465182627 2.9415979531732313 END 
START 30.632478632478634 33.37025641025641 13.401709401709402 -7.9955600151533535 6.991750624604625 2.3480410961531137 END 
START 49.873504273504274 47.78666666666667 -1.435897435897436 -9.627841371958677 6.948106738059027 3.0638008355009028 END 
START 30.747350427350426 48.092991452991456 -31.206837606837606 -10.212669451669676 -0.7855899578207443 2.653548301972292 END 
START 5.130940170940171 41.104957264957264 -36.66324786324786 -8.641489536028187 -9.31360538883038 0.5760993024018791 END 
START -4.345982905982906 30.00068376068376 -13.171965811965812 -4.215999440304661 -9.496909712321887 -2.6884634112087693 END 
START 8.07931623931624 8.74940170940171 1.9719658119658119 2.4091425373169493 -2.086177776879532 -2.2520245457528003 END 
START 15.660854700854701 -7.696410256410257 8.596239316239316 6.171245557547403 2.6186331927358144 0.16584676887326824 END 
START 13.554871794871795 -12.176410256410257 8.462222222222222 2.8019375162273215 1.2918590417496685 1.2220288232767134 END 
START 8.596239316239316 -3.790769230769231 0 -1.5013496971685336 -1.3355029282952653 1.396604369459101 END 
START -3.6184615384615384 8.557948717948719 -10.223589743589743 -2.705920965827008 -1.9028734533880252 0.2618633192735814 END 
START -1.1678632478632478 9.323760683760684 -15.660854700854701 -0.8728777309119381 -0.4102525335286109 0.12220288232767133 END 
START -1.301880341880342 8.481367521367522 -13.4591452991453 0.5062690839289241 0 0.1396604369459101 END 
START -1.7613675213675213 5.705299145299145 -7.677264957264957 0.549912970474521 0.06983021847295505 -0.07855899578207443 END 
START 1.6656410256410257 3.2164102564102564 -7.007179487179487 0.1309316596367907 0.6284719662565954 0.16584676887326824 END 
START 2.7186324786324785 5.552136752136752 -10.510769230769231 -0.052372663854716284 0.9688942813122513 0.4277100881468497 END 
START 0.07658119658119658 7.734700854700855 -13.037948717948717 -0.48881152931068533 0.10474532770943257 0.07855899578207443 END 
START -1.0721367521367522 7.102905982905983 -12.73162393162393 -1.0125381678578482 -0.5673705250927598 -0.48881152931068533 END 
START 1.837948717948718 5.705299145299145 -12.980512820512821 -0.5324554158562822 -0.17457554618238763 -0.3142359831282977 END 
START 1.2252991452991453 6.222222222222222 -12.09982905982906 0.3316935377465365 0.43643886545596905 0.16584676887326824 END 
START -0.7658119658119658 6.662564102564103 -10.95111111111111 0.5586417477836404 0.7506748485842668 0.1396604369459101 END 
START 0.47863247863247865 6.04991452991453 -11.2191452991453 0.026186331927358142 0.34915109236477526 -0.4713539746924466 END 
START 3.6376068376068376 4.288547008547009 -9.936410256410257 0 0.30550720581917834 -0.8205050670572218 END 
START 4.231111111111111 3.963076923076923 -8.385641025641025 0.017457554618238762 0.6546582981839536 -0.8205050670572218 END 
START 4.460854700854701 4.728888888888889 -7.696410256410257 -0.17457554618238763 0.8379626216754605 -1.0212669451669676 END 
START 4.02051282051282 5.992478632478632 -6.873162393162393 -0.44516764276508847 1.0387244997852063 -1.579908692950608 END 
START 3.7716239316239317 8.021880341880342 -6.585982905982906 -0.34042231505565584 1.4140619240773398 -2.4615152011716654 END 
