START 3.2355555555555555 1.1104273504273505 -8.04102564102564 -0.5411841931654017 -0.017457554618238762 0.84669139898458 END 
START 1.7422222222222221 1.6464957264957265 -8.462222222222222 -0.49754030661980475 -0.026186331927358142 1.5537223610232498 END 
START 0.7849572649572649 0.8615384615384616 -8.423931623931624 -0.28804965120093956 -0.6895734074204312 1.2569439325131908 END 
START 2.086837606837607 -0.5169230769230769 -7.753846153846154 0.09601655040031319 -1.675925243350921 0.7244885166569086 END 
START 4.097094017094017 -2.871794871794872 -6.528547008547009 0.183304323491507 -2.321854764225755 0.34915109236477526 END 
START 6.088205128205129 -5.207521367521368 -5.915897435897436 0.17457554618238763 -2.1560079953524873 0.6546582981839536 END 
START 5.667008547008547 -8.806837606837608 -8.73025641025641 -0.12220288232767133 -1.4489770333138172 0.8292338443663412 END 
START 5.877606837606837 -9.17059829059829 -10.797948717948717 -0.20076187810974577 -0.9427079493848932 0.5324554158562822 END 
START 6.183931623931624 -8.213333333333333 -13.076239316239317 -0.2793208738918202 -0.09601655040031319 0.40152375621949155 END 
START 5.954188034188034 -6.279658119658119 -15.852307692307692 -0.2793208738918202 0.8728777309119381 0.549912970474521 END 
START 6.164786324786324 -5.1692307692307695 -17.69025641025641 0.026186331927358142 1.483892142550295 0.6372007435657149 END 
START 7.466666666666667 -6.298803418803419 -17.096752136752137 0.5673705250927598 1.7021115752782794 0.7244885166569086 END 
START 8.787692307692307 -8.768547008547008 -14.856752136752137 1.1085547182581614 2.0512626676430545 0.6983021847295505 END 
START 9.572649572649572 -11.87008547008547 -12.138119658119658 1.3616892602226234 2.557531751571979 0.7943187351298637 END 
START 8.04102564102564 -14.952478632478632 -8.672820512820513 1.3355029282952653 2.950326730482351 0.8292338443663412 END 
START 7.294358974358975 -18.302905982905983 -5.37982905982906 0.8816065082210575 3.3169353774653647 0.8990640628392963 END 
START 6.624273504273504 -19.834529914529913 -3.312136752136752 0.25313454196446206 3.9104922344854827 0.9252503947666544 END 
START 6.528547008547009 -19.470769230769232 -2.756923076923077 -0.5149978612380435 4.547692978051198 1.029995722476087 END 
START 5.724444444444444 -14.58871794871795 -3.024957264957265 -1.8679583441515475 5.184893721616913 1.1347410501855195 END 
START 6.317948717948718 -11.065982905982906 -2.890940170940171 -2.1647367726616067 6.34582110372979 2.199651881898084 END 
START 4.518290598290598 -7.236923076923077 -1.7422222222222221 -2.313125986916636 7.079038397695818 2.452786423862546 END 
START 3.273846153846154 -4.556581196581196 0.3446153846153846 -2.609904415426695 6.825903855731356 1.8155856802968313 END 
START 2.5463247863247864 -0.8423931623931624 3.695042735042735 -2.7408360750634855 6.302177217184194 1.5449935837141304 END 
START 1.435897435897436 3.4652991452991455 7.275213675213675 -2.9415979531732313 6.581498091076013 1.9290597853153832 END 
START -1.0147008547008547 9.342905982905982 9.304615384615385 -2.915411621245873 7.515477263151787 1.536264806405011 END 
START -3.7141880341880342 14.32068376068376 12.367863247863248 -3.412951927865678 7.733696695879772 -0.9601655040031319 END 
START 2.01025641025641 17.69025641025641 17.096752136752137 -4.442947650341765 8.205050670572218 -2.836852625463799 END 
START 12.865641025641025 21.021538461538462 20.944957264957264 -4.94048795696157 10.387244997852063 -2.5749893061902176 END 
START 22.668034188034188 21.193846153846152 19.853675213675213 -4.774641188088301 12.97969185866052 -0.9950806132396095 END 
START 10.415042735042736 15.201367521367521 -14.244102564102564 -3.7882893521578116 0 -3.151088608592097 END 
START 8.27076923076923 14.224957264957265 -22.84034188034188 -1.5711799156414885 -9.374706829994215 -5.551502368599927 END 
START 9.802393162393162 9.610940170940172 -13.363418803418803 1.623552579496205 -8.789878750283217 -4.154897999140825 END 
START 13.095384615384615 7.638974358974359 -0.2105982905982906 3.0114281716461866 -5.717349137473195 -2.3305835415348746 END 
START 13.267692307692307 7.9452991452991455 4.996923076923077 2.7757511842999634 -4.460405204960003 -1.1958424913493553 END 
START 9.572649572649572 11.161709401709402 4.575726495726496 1.9988900037883384 -5.385655599726658 -1.510078474477653 END 
START 8.73025641025641 14.378119658119658 4.326837606837607 1.763213016442115 -6.8171750784222365 -2.863038957391157 END 
START 9.362051282051283 16.40752136752137 5.035213675213675 1.7108403525873987 -7.070309620386698 -4.22472821761378 END 
START 11.582905982905983 16.33094017094017 3.80991452991453 1.6148238021870855 -5.717349137473195 -3.866848347939886 END 
START 11.295726495726496 17.9391452991453 0.4211965811965812 1.8243144576059507 -4.704810969615346 -2.54007419695374 END 
START 8.002735042735043 18.551794871794872 -1.0338461538461539 2.6448195246631725 -4.617523196524153 -2.5662605288810982 END 
START 5.839316239316239 15.641709401709402 -3.063247863247863 3.2383763816832905 -4.64370952845151 -4.08506778066787 END 
START 7.792136752136752 9.017435897435897 -3.063247863247863 4.102525335286109 -2.9415979531732313 -4.08506778066787 END 
START 4.977777777777778 4.03965811965812 -2.8526495726495726 4.076339003358751 -2.374227428080472 -2.662277079281411 END 
START 2.3165811965811964 0.7658119658119658 -5.322393162393162 3.456595814411275 -2.9241403985549925 -2.950326730482351 END 
START 5.571282051282052 -5.035213675213675 -8.538803418803418 3.2209188270650517 -3.3954943732474394 -3.596256251357185 END 
START 12.138119658119658 -12.272136752136753 -11.697777777777778 3.0550720581917834 -3.4740533690295137 -3.430409482483917 END 
START 19.738803418803418 -21.232136752136753 -12.023247863247864 3.9017634571763633 -4.966674288888928 -3.552612364811588 END 
START 25.578119658119657 -36.89299145299145 -7.064615384615385 4.1374404445225865 -6.398193767584506 -3.351850486701842 END 
START 26.152478632478633 -44.91487179487179 2.5271794871794873 2.6884634112087693 -4.3905749864870485 -2.5313454196446203 END 
START 24.37196581196581 -26.63111111111111 0.3446153846153846 -1.8505007895333088 0.5586417477836404 0.3578798696738946 END 
START 14.052649572649573 1.4933333333333334 -15.316239316239317 -3.1249022766647383 3.255833936301529 3.3693080413200813 END 
START 4.3076923076923075 16.40752136752137 -25.176068376068375 -1.4751633652411755 2.0949065541886513 2.243295768443681 END 
START 1.6273504273504273 15.718290598290599 -23.950769230769232 0.48881152931068533 0 0.366608646983014 END 
START -0.5360683760683761 1.8188034188034188 -10.893675213675214 1.763213016442115 -0.3229647604374171 0.16584676887326824 END 
START -0.13401709401709402 -2.6420512820512823 -6.088205128205129 1.69338279796916 -0.3316935377465365 0.17457554618238763 END 
