START 2.01025641025641 -1.4167521367521367 -7.9452991452991455 -0.08728777309119382 0.4626251973833272 -0.026186331927358142 END 
START 2.508034188034188 -1.8570940170940171 -7.9452991452991455 -0.1309316596367907 0.2356769873462233 0.4102525335286109 END 
START 1.7613675213675213 -1.4167521367521367 -8.309059829059828 -0.4102525335286109 0.5411841931654017 1.2220288232767134 END 
START 1.5699145299145298 -1.0147008547008547 -9.40034188034188 -0.4277100881468497 0.366608646983014 0.8641489536028187 END 
START 2.1634188034188035 -0.8615384615384616 -9.764102564102565 -0.21821943272798452 -0.24440576465534267 0.2618633192735814 END 
START 2.756923076923077 -1.3593162393162392 -9.304615384615385 -0.052372663854716284 -0.663387075493073 -0.08728777309119382 END 
START 3.2547008547008547 -2.1634188034188035 -8.691965811965812 0.026186331927358142 -0.5586417477836404 0.06110144116383567 END 
START 3.005811965811966 -2.91008547008547 -8.194188034188034 0.017457554618238762 -0.09601655040031319 0.5848280797109986 END 
START 2.105982905982906 -2.9675213675213676 -8.366495726495726 0.07855899578207443 0.09601655040031319 0.7244885166569086 END 
START 2.1825641025641027 -3.1015384615384614 -8.366495726495726 0.22694821003710391 0.017457554618238762 0.40152375621949155 END 
START 3.1015384615384614 -3.273846153846154 -8.423931623931624 0.2356769873462233 0.06110144116383567 0.20949065541886513 END 
START 3.963076923076923 -3.2355555555555555 -8.634529914529914 0.20076187810974577 0.2356769873462233 0.3578798696738946 END 
START 4.211965811965812 -3.5227350427350426 -8.74940170940171 0.06983021847295505 0.4713539746924466 0.663387075493073 END 
START 4.25025641025641 -4.03965811965812 -8.902564102564103 0.15711799156414885 0.7855899578207443 0.84669139898458 END 
START 5.37982905982906 -7.696410256410257 -9.094017094017094 0.4713539746924466 0.9339791720757737 0.8117762897481025 END 
START 7.4858119658119655 -11.104273504273504 -8.768547008547008 0.366608646983014 1.3791468148408623 1.2220288232767134 END 
START 6.911452991452991 -13.822905982905983 -9.764102564102565 0.25313454196446206 2.0250763357156965 1.396604369459101 END 
START 7.696410256410257 -16.79042735042735 -10.012991452991454 0.43643886545596905 2.7844799616090827 1.483892142550295 END 
START 6.9688888888888885 -19.52820512820513 -8.443076923076923 0.5848280797109986 3.823204461394289 1.4926209198594143 END 
START 6.94974358974359 -21.385299145299147 -5.513846153846154 0.4277100881468497 4.530235423432959 1.4227907013864591 END 
START 6.624273504273504 -22.304273504273503 -3.3504273504273505 -0.008728777309119381 5.001589398125406 1.3791468148408623 END 
START 4.901196581196581 -21.806495726495726 -2.9292307692307693 -0.3229647604374171 5.193622498926032 1.029995722476087 END 
START 2.661196581196581 -21.098119658119657 -3.082393162393162 -0.6546582981839536 5.08014839390748 0.6983021847295505 END 
START 2.871794871794872 -17.9582905982906 -2.3165811965811964 -1.0649108317125644 5.726077914782314 0.6110144116383567 END 
START 5.571282051282052 -13.133675213675213 -1.3593162393162392 -1.5973662475688468 6.983021847295505 1.510078474477653 END 
START 3.197264957264957 -6.796581196581196 -0.36376068376068377 -1.483892142550295 7.6813240320250555 1.5886374702597275 END 
START 1.4167521367521367 6.030769230769231 8.155897435897437 -2.426600091935188 6.415651322202745 -0.19203310080062638 END 
START -0.11487179487179487 15.182222222222222 12.214700854700855 -3.8406620160125278 7.079038397695818 -1.69338279796916 END 
START -0.13401709401709402 25.712136752136754 15.794871794871796 -4.992860620816286 7.768611805116249 -3.5176972555751105 END 
START 9.074871794871795 34.557264957264955 22.68717948717949 -5.647518919000239 9.776230586213707 -4.460405204960003 END 
START 29.234871794871793 35.03589743589744 29.1008547008547 -5.891924683655582 14.707989765866158 -3.09871594473738 END 
START 30.364444444444445 24.965470085470084 10.032136752136752 -5.577688700527284 12.735286094005177 -2.129821663425129 END 
START 12.597606837606838 18.85811965811966 -25.80786324786325 -4.783369965397421 -2.9852418397188285 -4.434218873032646 END 
START 8.462222222222222 13.382564102564103 -29.943247863247862 -0.6022856343292373 -10.352329888615586 -4.6960821923062275 END 
START 6.413675213675214 11.621196581196582 -12.291282051282051 2.906682843936754 -7.201241280023489 -2.7582936296817246 END 
START 9.247179487179487 12.406153846153845 3.158974358974359 3.6224425832845433 -4.050152671431393 -1.396604369459101 END 
START 9.764102564102565 14.205811965811966 6.873162393162393 3.2645627136106485 -4.050152671431393 -0.7070309620386699 END 
START 5.532991452991453 20.236581196581195 5.245811965811966 3.8406620160125278 -8.772421195664979 -3.273291490919768 END 
START 6.94974358974359 18.475213675213674 5.36068376068376 4.355659877250571 -8.292338443663413 -4.4516764276508844 END 
START 4.92034188034188 16.98188034188034 2.3548717948717948 4.102525335286109 -6.223618221402119 -4.547692978051198 END 
START 3.7141880341880342 14.071794871794872 -2.4505982905982906 4.434218873032646 -5.36819804510842 -4.469133982269123 END 
START 4.116239316239316 10.778803418803419 -3.9439316239316238 5.298367826635465 -5.560231145909046 -4.79209874270654 END 
START 10.127863247863248 3.2164102564102564 -1.9336752136752138 4.844471406561256 -4.338202322632332 -4.425490095723526 END 
START 12.635897435897435 0 -1.5507692307692307 3.7010015790666175 -1.7021115752782794 -2.4178713146260686 END 
START 9.113162393162392 0.13401709401709402 -3.7141880341880342 2.836852625463799 -1.1085547182581614 -0.6983021847295505 END 
START 6.739145299145299 -1.8762393162393163 -7.275213675213675 2.889225289318515 -2.6273619700449338 -0.7681324032025055 END 
START 7.907008547008547 -5.82017094017094 -8.71111111111111 2.7495648523726053 -3.343121709392723 -1.029995722476087 END 
START 12.214700854700855 -9.687521367521368 -10.012991452991454 2.11236410880689 -1.5711799156414885 0.3229647604374171 END 
START 14.435555555555556 -13.478290598290599 -10.127863247863248 1.4053331467682204 -1.4053331467682204 1.2045712686584746 END 
START 10.52991452991453 -23.472136752136752 -10.75965811965812 1.4053331467682204 -4.22472821761378 -1.2744014871314298 END 
START 12.272136752136753 -25.597264957264958 -9.304615384615385 1.073639609021684 -2.0076187810974577 -0.733217293966028 END 
START 13.363418803418803 -18.570940170940172 -5.992478632478632 -0.008728777309119381 0.7855899578207443 0.19203310080062638 END 
START 13.535726495726495 -9.074871794871795 -7.045470085470085 -0.7681324032025055 2.2607533230619197 0.5237266385471628 END 
START 10.98940170940171 -0.26803418803418805 -9.802393162393162 -0.7768611805116249 2.11236410880689 0.6983021847295505 END 
START 6.662564102564103 5.322393162393162 -12.482735042735042 -0.3229647604374171 1.0474532770943257 0.2356769873462233 END 
START 3.407863247863248 6.126495726495726 -12.31042735042735 0.25313454196446206 0.07855899578207443 -0.183304323491507 END 
START 1.2827350427350428 4.03965811965812 -9.993846153846153 0.4277100881468497 -0.27059209658270084 -0.43643886545596905 END 
START 0.8232478632478633 0.918974358974359 -7.524102564102564 0.27059209658270084 -0.21821943272798452 -0.44516764276508847 END 
START 1.6273504273504273 -1.455042735042735 -6.260512820512821 0.15711799156414885 -0.21821943272798452 -0.4626251973833272 END 
START 2.5271794871794873 -2.6420512820512823 -5.973333333333334 0.12220288232767133 -0.4713539746924466 -0.49754030661980475 END 
START 3.7716239316239317 -2.5846153846153848 -6.528547008547009 0.1396604369459101 -0.5673705250927598 -0.4713539746924466 END 
