START 9.285470085470086 1.1678632478632478 4.097094017094017 -1.9203310080062639 0.8030475124389831 0.8030475124389831 END 
START 8.51965811965812 2.8335042735042735 4.901196581196581 -2.2607533230619197 0.9339791720757737 1.0823683863308033 END 
START 7.8878632478632476 4.48 5.1692307692307695 -2.7146497431361274 0.7943187351298637 1.1172834955672808 END 
START 7.7729914529914526 6.069059829059829 5.647863247863248 -3.3693080413200813 0.5324554158562822 1.3005878190587878 END 
START 7.236923076923077 7.562393162393162 4.958632478632478 -4.181084331068184 0.38406620160125277 1.4140619240773398 END 
START 6.605128205128205 8.9408547008547 3.80991452991453 -4.809556297324779 0.30550720581917834 1.7195691298965181 END 
START 5.686153846153847 10.472478632478632 2.125128205128205 -5.202351276235151 0.3229647604374171 1.97270367186098 END 
START 3.963076923076923 10.98940170940171 0.3829059829059829 -5.560231145909046 0.22694821003710391 1.9377885626245026 END 
START 2.986666666666667 10.472478632478632 -1.6464957264957265 -6.057771452528851 -0.12220288232767133 1.6148238021870855 END 
START 1.9145299145299146 10.817094017094018 -3.675897435897436 -6.555311759148656 -0.6022856343292373 1.483892142550295 END 
START 0.8998290598290598 12.99965811965812 -5.303247863247863 -6.92192040613167 -0.8205050670572218 1.7457554618238762 END 
START 0.3063247863247863 15.46940170940171 -7.122051282051282 -7.227427611950848 -0.49754030661980475 2.173465549970726 END 
START -0.8615384615384616 16.484102564102564 -12.214700854700855 -7.087767175004937 -0.1396604369459101 1.946517339933622 END 
START 0.1723076923076923 12.846495726495727 -17.345641025641026 -6.598955645694252 -0.45389642007420783 1.213300045967594 END 
START 0.9381196581196581 12.865641025641025 -19.853675213675213 -6.398193767584506 0.7768611805116249 1.579908692950608 END 
START 3.024957264957265 12.942222222222222 -22.936068376068377 -6.101415339074448 1.3180453736770266 1.4315194786955785 END 
START 4.7671794871794875 12.827350427350428 -25.29094017094017 -5.6911628055458365 1.0038093905487289 0.8379626216754605 END 
START 6.088205128205129 12.061538461538461 -27.79897435897436 -5.019046952743644 0.3229647604374171 0.28804965120093956 END 
START 6.183931623931624 9.094017094017094 -29.56034188034188 -4.058881448740512 -0.4277100881468497 0.12220288232767133 END 
START 5.035213675213675 5.2841025641025645 -29.732649572649574 -3.046343280882664 -0.6983021847295505 0.27059209658270084 END 
START 3.7333333333333334 2.1442735042735044 -30.134700854700856 -1.9203310080062639 -0.24440576465534267 0.45389642007420783 END 
START 3.1015384615384614 -0.057435897435897436 -31.340854700854702 -0.7419460712751474 0.07855899578207443 0.366608646983014 END 
START 2.24 -1.0147008547008547 -33.21709401709402 0.5673705250927598 0.017457554618238762 -0.11347410501855196 END 
START 1.3976068376068376 -0.26803418803418805 -34.44239316239316 2.042533890333935 -0.06983021847295505 -0.5324554158562822 END 
START 0.9955555555555555 2.0676923076923077 -36.414358974358976 4.914301625034212 1.3442317056043847 -0.7855899578207443 END 
START 0.4211965811965812 3.4461538461538463 -40.79863247863248 6.110144116383567 1.536264806405011 -1.3791468148408623 END 
START 1.6847863247863248 6.394529914529914 -44.436239316239316 7.279800275805564 1.2744014871314298 -1.9377885626245026 END 
START 2.086837606837607 11.946666666666667 -46.274188034188036 8.379626216754605 1.2045712686584746 -1.6584676887326824 END 
START 0.3254700854700855 18.13059829059829 -46.9251282051282 9.409621939230693 1.6410101341144436 -1.073639609021684 END 
START -1.0338461538461539 24.6208547008547 -46.408205128205125 10.334872333997348 2.0774489995704126 -0.8728777309119381 END 
START -0.9381196581196581 30.19213675213675 -43.05777777777778 11.199021287600166 1.990161226479219 -0.7157597393477892 END 
START 0.6892307692307692 35.16991452991453 -36.26119658119658 11.897323472329717 1.6148238021870855 -0.5237266385471628 END 
START 3.6567521367521367 39.286153846153844 -26.286495726495726 11.99334002273003 1.9290597853153832 -0.2618633192735814 END 
START 8.596239316239316 40.72205128205128 -14.914188034188035 11.530714825346703 2.889225289318515 0.034915109236477525 END 
START 11.774358974358975 40.62632478632479 -7.792136752136752 10.614193207889167 2.836852625463799 0.2356769873462233 END 
START 9.074871794871795 38.76923076923077 1.5699145299145298 9.671485258504275 1.1521986048037582 0.12220288232767133 END 
START 2.259145299145299 30.058119658119658 17.383931623931623 6.398193767584506 1.3878755921499817 1.1172834955672808 END 
START -1.8953846153846154 24.276239316239316 19.164444444444445 4.79209874270654 0.7681324032025055 0.6110144116383567 END 
START -3.4652991452991455 17.70940170940171 22.017094017094017 3.3954943732474394 -0.34042231505565584 -0.034915109236477525 END 
START -2.086837606837607 11.831794871794871 21.72991452991453 2.059991444952174 -0.9514367266940126 -0.3578798696738946 END 
START -0.24888888888888888 7.466666666666667 19.06871794871795 0.8379626216754605 -1.1434698274946389 -0.4713539746924466 END 
START 1.7996581196581196 3.8864957264957263 14.78017094017094 -0.008728777309119381 -1.1347410501855195 -0.5673705250927598 END 
START 4.901196581196581 0.6892307692307692 10.931965811965812 -0.39279497891037213 -1.0474532770943257 -0.6808446301113117 END 
START 7.7155555555555555 -1.7805128205128204 8.175042735042735 -0.5760993024018791 -0.9601655040031319 -0.7244885166569086 END 
START 10.051282051282051 -3.4652991452991455 5.398974358974359 -0.8117762897481025 -0.9950806132396095 -0.7506748485842668 END 
START 11.831794871794871 -4.097094017094017 2.3357264957264956 -1.056182054403445 -0.9950806132396095 -0.7768611805116249 END 
START 13.248547008547009 -4.116239316239316 -0.26803418803418805 -1.1783849367311166 -0.7506748485842668 -0.5848280797109986 END 
START -0.4403418803418803 3.3695726495726497 17.556239316239317 0.2793208738918202 -1.5188072517867723 -0.5586417477836404 END 
START 0.8615384615384616 2.0294017094017094 15.641709401709402 -0.38406620160125277 -1.3878755921499817 -0.9252503947666544 END
START 0.8615384615384616 2.0294017094017094 15.641709401709402 -0.38406620160125277 -1.3878755921499817 -0.9252503947666544 END 