START 6.624273504273504 -2.3165811965811964 -5.456410256410257 -0.5586417477836404 0.6022856343292373 0.593556857020118 END 
START 7.17948717948718 -3.5035897435897434 -5.781880341880342 -0.549912970474521 0.45389642007420783 1.0823683863308033 END 
START 6.605128205128205 -3.024957264957265 -4.862905982905983 -0.7681324032025055 0.20949065541886513 1.213300045967594 END 
START 6.203076923076923 -2.7186324786324785 -5.513846153846154 -0.5586417477836404 0.27059209658270084 1.056182054403445 END 
START 5.686153846153847 -1.9145299145299146 -5.37982905982906 -0.48008275200156597 0.27059209658270084 0.9427079493848932 END 
START 4.958632478632478 -1.5316239316239315 -4.958632478632478 -0.4713539746924466 0.30550720581917834 0.7594036258933862 END 
START 4.5948717948717945 -1.2827350427350428 -5.513846153846154 -0.28804965120093956 0.09601655040031319 0.5760993024018791 END 
START 4.1928205128205125 -1.4167521367521367 -5.973333333333334 -0.09601655040031319 -0.39279497891037213 0.40152375621949155 END 
START 4.5374358974358975 -2.3165811965811964 -5.686153846153847 0.06110144116383567 -0.5848280797109986 0.28804965120093956 END 
START 5.456410256410257 -3.80991452991453 -4.977777777777778 0.28804965120093956 -0.183304323491507 0.43643886545596905 END 
START 5.954188034188034 -6.94974358974359 -4.977777777777778 0.41898131083773027 0.296778428510059 0.5324554158562822 END 
START 6.815726495726496 -15.90974358974359 -5.130940170940171 0.549912970474521 0.7768611805116249 0.052372663854716284 END 
START 8.021880341880342 -22.648888888888887 -5.762735042735042 0.663387075493073 1.3180453736770266 -0.08728777309119382 END 
START 8.481367521367522 -29.445470085470085 -7.524102564102564 0.5062690839289241 2.016347558406577 -0.11347410501855196 END 
START 7.007179487179487 -32.566153846153846 -9.649230769230769 0.017457554618238762 2.470243978480785 -0.2618633192735814 END 
START 3.4844444444444442 -32.70017094017094 -8.787692307692307 -0.5411841931654017 2.7582936296817246 -0.20949065541886513 END 
START -0.7083760683760684 -31.321709401709402 -5.801025641025641 -1.1260122728764002 3.4653245917203943 -0.3229647604374171 END 
START -4.1928205128205125 -29.043418803418803 -0.7083760683760684 -2.40041376000783 4.408032541105287 -0.549912970474521 END 
START -5.0543589743589745 -22.706324786324785 4.231111111111111 -4.08506778066787 5.918111015582941 -0.11347410501855196 END 
START -6.241367521367521 -12.674188034188035 8.96 -5.3158253812537035 7.148868616168773 0.6546582981839536 END 
START -5.0543589743589745 -0.019145299145299145 14.837606837606838 -5.734806692091434 7.9344585739895175 0.7419460712751474 END 
START -3.6184615384615384 11.621196581196582 21.576752136752138 -5.953026124819418 8.781149972974097 0.07855899578207443 END 
START -2.125128205128205 23.012649572649572 30.977094017094018 -5.8831959063464625 9.72385792235899 -1.4489770333138172 END 
START 35.7442735042735 32.31726495726496 44.608547008547006 -7.297257830423803 14.96112430783062 1.1783849367311166 END 
START 26.075897435897435 39.43931623931624 5.762735042735042 -6.502939095293939 5.9442973475102985 -1.5886374702597275 END 
START 11.87008547008547 35.03589743589744 -24.850598290598292 -2.3480410961531137 -7.733696695879772 -7.908272242062159 END 
START 10.95111111111111 19.872820512820514 -17.843418803418803 3.587527474048066 -4.748454856160944 -4.08506778066787 END 
START 10.912820512820513 21.232136752136753 2.3165811965811964 6.930649183440789 -0.3753374242921334 0.3578798696738946 END 
START 12.865641025641025 22.591452991452993 16.273504273504273 7.445647044678832 -1.7893993483694732 0.5237266385471628 END 
START 12.597606837606838 22.285128205128206 23.835897435897436 7.236156389259967 -4.067610226049632 -0.034915109236477525 END 
START 9.40034188034188 18.724102564102566 24.276239316239316 7.131411061550534 -4.495320314196482 0.17457554618238763 END 
START 5.552136752136752 16.35008547008547 17.76683760683761 6.616413200312491 -4.853200183870376 -0.7419460712751474 END 
START 6.892307692307693 12.176410256410257 13.478290598290599 6.162516780238283 -4.992860620816286 -1.623552579496205 END 
START 7.562393162393162 7.217777777777778 10.147008547008546 5.106334725834838 -3.683544024448379 -0.6895734074204312 END 
START 6.356239316239316 4.1928205128205125 5.111794871794872 4.730997301542705 -3.0812583901191415 0.3578798696738946 END 
START 8.385641025641025 -3.8673504273504276 1.6082051282051282 4.757183633470063 -4.416761318414407 -1.0387244997852063 END 
START 11.468034188034189 -7.294358974358975 1.6656410256410257 4.600065641905914 -3.9541361210310795 -0.7419460712751474 END 
START 13.554871794871795 -11.716923076923077 2.6994871794871793 3.6486289152119014 -4.207270662995541 0.06110144116383567 END 
START 12.176410256410257 -14.205811965811966 2.5654700854700856 2.7582936296817246 -4.844471406561256 0.9252503947666544 END 
START 9.725811965811966 -15.029059829059829 0.24888888888888888 1.7108403525873987 -5.027775730052763 1.2744014871314298 END 
START 7.026324786324786 -14.990769230769232 -2.1825641025641027 0.7419460712751474 -4.364388654559691 1.2307576005858327 END 
START 7.294358974358975 -14.301538461538462 -3.5418803418803417 0.3316935377465365 -3.7795605748486922 1.4577058106229366 END 
START 7.217777777777778 -13.286837606837606 -4.8246153846153845 0.17457554618238763 -3.587527474048066 1.675925243350921 END 
START 7.102905982905983 -13.018803418803419 -4.8820512820512825 0.1309316596367907 -3.535154810193349 1.4402482560046979 END 
START 6.126495726495726 -13.076239316239317 -4.728888888888889 -0.22694821003710391 -2.9241403985549925 1.3878755921499817 END 
START 5.1692307692307695 -11.142564102564103 -6.164786324786324 -0.6895734074204312 -1.8766871214606669 1.1958424913493553 END 
START 7.332649572649573 -6.834871794871795 -9.85982905982906 -0.8205050670572218 -0.183304323491507 0.6895734074204312 END 
START 7.753846153846154 -4.862905982905983 -10.72136752136752 -0.48008275200156597 0.12220288232767133 0.3578798696738946 END 
START 7.753846153846154 -4.03965811965812 -10.606495726495726 -0.25313454196446206 0.41898131083773027 0.1396604369459101 END 
START 6.758290598290598 -3.292991452991453 -9.496068376068376 0.017457554618238762 1.0125381678578482 -0.052372663854716284 END 
