START 4.02051282051282 7.064615384615385 3.7716239316239317 -5.699891582854956 0.1396604369459101 2.033805113024816 END 
START 3.158974358974359 10.72136752136752 -0.40205128205128204 -5.848280797109985 0.6721158528021923 2.478972755789904 END 
START 2.2974358974358973 12.884786324786324 -2.795213675213675 -6.014127565983253 0.5237266385471628 2.7582936296817246 END 
START 1.6273504273504273 13.822905982905983 -3.9439316239316238 -5.996670011365015 -0.10474532770943257 2.4178713146260686 END 
START 2.393162393162393 15.622564102564102 -5.82017094017094 -5.760993024018791 -0.4102525335286109 1.7282979072056375 END 
START 2.776068376068376 15.392820512820514 -6.930598290598291 -5.647518919000239 -0.10474532770943257 2.173465549970726 END 
START 2.0485470085470086 15.545982905982905 -8.538803418803418 -5.525316036672568 -0.4102525335286109 2.2869396549892778 END 
START 1.3593162393162392 15.00991452991453 -9.323760683760684 -5.307096603944584 -1.2045712686584746 2.11236410880689 END 
START 0.8423931623931624 15.029059829059829 -9.783247863247864 -5.149978612380435 -1.6322813568053243 1.806856902987712 END 
START 0.8423931623931624 14.301538461538462 -10.606495726495726 -5.0714196165983605 -1.5886374702597275 1.623552579496205 END 
START 1.1678632478632478 13.516581196581196 -11.142564102564103 -5.123792280453077 -1.2045712686584746 1.5886374702597275 END 
START 1.6464957264957265 13.363418803418803 -12.233846153846153 -5.1325210577621965 -0.4277100881468497 1.7282979072056375 END 
START 1.5507692307692307 12.808205128205127 -15.277948717948718 -4.957945511579808 -0.11347410501855196 1.5973662475688468 END 
START 1.5507692307692307 12.444444444444445 -18.16888888888889 -4.905572847725092 -0.593556857020118 1.1172834955672808 END 
START 2.1634188034188035 12.655042735042736 -19.547350427350427 -4.64370952845151 -0.84669139898458 0.6808446301113117 END 
START 2.3548717948717948 11.2191452991453 -22.036239316239318 -3.9541361210310795 -0.11347410501855196 0.9077928401484157 END 
START 2.201709401709402 9.84068376068376 -22.763760683760683 -3.2383763816832905 0.34042231505565584 1.2569439325131908 END 
START 0.7466666666666667 8.481367521367522 -24.41025641025641 -2.5488029742628595 0.10474532770943257 1.073639609021684 END 
START 0.2105982905982906 7.907008547008547 -26.88 -1.7893993483694732 -0.4102525335286109 0.4102525335286109 END 
START 0.8615384615384616 8.481367521367522 -29.483760683760682 -0.916521617457535 0.034915109236477525 0.06110144116383567 END 
START 2.4123076923076923 8.787692307692307 -31.915213675213675 0.10474532770943257 1.4402482560046979 0.28804965120093956 END 
START 2.986666666666667 10.032136752136752 -34.61470085470086 1.3355029282952653 2.1909231045889648 0.34915109236477526 END 
START 1.9336752136752138 10.491623931623932 -35.24649572649572 2.4615152011716654 1.6060950248779662 -0.34042231505565584 END 
START 0.7658119658119658 10.568205128205129 -34.44239316239316 3.4740533690295137 0.8816065082210575 -1.056182054403445 END 
START 0.7466666666666667 10.166153846153847 -32.12581196581196 4.364388654559691 1.4227907013864591 -1.1783849367311166 END 
START 0.5935042735042735 10.836239316239316 -32.183247863247864 5.149978612380435 2.976513062409709 -0.7419460712751474 END 
START 0.3829059829059829 13.325128205128205 -35.16991452991453 6.040313897910612 3.1860037178285743 -0.7506748485842668 END 
START -2.4505982905982906 21.30871794871795 -39.95623931623932 8.030475124389831 0.7855899578207443 -1.7806705710603539 END 
START -4.441709401709402 25.76957264957265 -39.78393162393162 8.88589530068353 1.029995722476087 -1.510078474477653 END 
START -6.337094017094017 32.27897435897436 -40.62632478632479 9.846060804686662 2.2345669911345616 -1.1521986048037582 END 
START -6.700854700854701 39.74564102564103 -40.62632478632479 10.998259409490421 2.129821663425129 -1.239486377894952 END 
START -4.518290598290598 44.12991452991453 -35.53367521367522 11.975882468111791 1.5013496971685336 -1.6671964660418017 END 
START -0.019145299145299145 46.082735042735045 -28.373333333333335 12.56071054782279 1.6846540206600407 -1.483892142550295 END 
START 4.269401709401709 48.437606837606836 -23.357264957264956 12.83130264440549 2.016347558406577 -1.0212669451669676 END 
START 6.471111111111111 50.811623931623934 -18.379487179487178 12.744014871314297 1.9552461172427413 -0.7855899578207443 END 
START 7.1986324786324785 49.49059829059829 -12.635897435897435 12.39486377894952 1.7893993483694732 -0.84669139898458 END 
START 5.839316239316239 45.43179487179487 -6.490256410256411 11.86240836309324 1.9203310080062639 -0.7419460712751474 END 
START 4.977777777777778 40.68376068376068 0.3446153846153846 11.111733514508972 2.2869396549892778 -0.40152375621949155 END 
START 6.585982905982906 34.65299145299145 7.102905982905983 10.107924123960244 2.9590555077914704 0.30550720581917834 END 
START 3.80991452991453 24.850598290598292 14.531282051282052 7.201241280023489 1.0823683863308033 0.6022856343292373 END 
START 1.837948717948718 20.1408547008547 17.51794871794872 5.734806692091434 -0.1396604369459101 0.41898131083773027 END 
START 0.40205128205128204 14.837606837606838 19.336752136752136 4.434218873032646 -0.549912970474521 0.5237266385471628 END 
START -0.8423931623931624 10.95111111111111 20.715213675213676 3.1860037178285743 -0.98635183593049 0.549912970474521 END 
START -0.7658119658119658 7.9452991452991455 20.676923076923078 2.033805113024816 -1.4053331467682204 0.34915109236477526 END 
START 0.057435897435897436 5.59042735042735 19.834529914529913 1.1783849367311166 -1.5624511383323691 0.052372663854716284 END 
START 1.1678632478632478 3.561025641025641 18.494358974358974 0.4626251973833272 -1.6322813568053243 -0.366608646983014 END 
START 2.8526495726495726 1.9528205128205127 17.096752136752137 -0.22694821003710391 -1.5013496971685336 -0.7070309620386699 END 
START 4.671452991452991 0.9572649572649573 15.545982905982905 -0.9339791720757737 -0.8641489536028187 -0.6895734074204312 END 
START 5.973333333333334 1.0147008547008547 13.267692307692307 -1.5275360290958917 -0.3229647604374171 -0.6022856343292373 END 
START 6.9688888888888885 1.455042735042735 10.836239316239316 -2.0076187810974577 -0.19203310080062638 -0.6546582981839536 END 
START 8.51965811965812 3.3504273504273505 6.107350427350427 -2.810666293536441 -0.296778428510059 -0.7681324032025055 END 
START 9.017435897435897 4.03965811965812 4.02051282051282 -3.1947324951376936 -0.5760993024018791 -0.6983021847295505 END 
