START 2.220854700854701 1.2252991452991453 -9.553504273504274 -0.5586417477836404 -0.22694821003710391 0.16584676887326824 END 
START 1.9145299145299146 1.7230769230769232 -9.917264957264956 -0.9776230586213707 -0.7070309620386699 0.5062690839289241 END 
START 1.9719658119658119 2.3548717948717948 -8.328205128205129 -1.1609273821128776 -1.0038093905487289 0.7244885166569086 END 
START 2.5846153846153848 7.3135042735042735 -6.873162393162393 -1.4751633652411755 -0.2356769873462233 0.4713539746924466 END 
START 3.8290598290598292 14.473846153846154 -8.462222222222222 -1.6846540206600407 -0.06110144116383567 0.06983021847295505 END 
START 4.211965811965812 19.413333333333334 -10.95111111111111 -1.1347410501855195 -0.2618633192735814 -0.017457554618238762 END 
START 3.7716239316239317 20.638632478632477 -12.387008547008547 -0.07855899578207443 0.07855899578207443 -0.24440576465534267 END 
START 3.58017094017094 21.95965811965812 -11.65948717948718 0.9339791720757737 1.2307576005858327 -0.5324554158562822 END 
START 3.695042735042735 21.04068376068376 -10.166153846153847 1.6322813568053243 1.806856902987712 -1.0910971636399227 END 
START 3.292991452991453 19.145299145299145 -7.7729914529914526 1.9552461172427413 1.396604369459101 -1.6846540206600407 END 
START 3.388717948717949 15.718290598290599 -4.862905982905983 1.806856902987712 0.6546582981839536 -2.3480410961531137 END 
START 4.231111111111111 11.812649572649573 -1.8953846153846154 1.9203310080062639 0.41898131083773027 -2.2083806592072035 END 
START 2.24 6.834871794871795 -0.03829059829059829 1.9377885626245026 0.7855899578207443 -1.97270367186098 END 
START 2.603760683760684 -0.47863247863247865 -0.5743589743589743 1.7893993483694732 1.2656727098223102 -1.396604369459101 END 
START 6.069059829059829 -9.783247863247864 -3.4844444444444442 0.7594036258933862 0.8903352855301769 1.213300045967594 END 
START 4.460854700854701 -11.334017094017094 -5.130940170940171 -0.06110144116383567 0.49754030661980475 2.243295768443681 END 
START 1.1295726495726495 -13.593162393162393 -8.653675213675214 -0.8816065082210575 -0.3753374242921334 2.662277079281411 END 
START -3.082393162393162 -13.22940170940171 -12.023247863247864 -1.8155856802968313 -1.6060950248779662 2.4440576465534267 END 
START -3.6376068376068376 -10.931965811965812 -14.473846153846154 -2.11236410880689 -2.313125986916636 2.1036353314977707 END 
START -3.58017094017094 -9.228034188034188 -14.952478632478632 -1.649738911423563 -1.9814324491700996 2.1909231045889648 END 
START -2.1442735042735044 -5.0543589743589745 -14.818461538461538 -0.9688942813122513 -0.9950806132396095 1.9988900037883384 END 
START -0.28717948717948716 -4.269401709401709 -13.574017094017094 -0.5673705250927598 -0.2793208738918202 1.5973662475688468 END 
START 1.4933333333333334 -3.005811965811966 -11.88923076923077 -0.2618633192735814 0.008728777309119381 1.2482151552040714 END 
START 2.3357264957264956 -1.8570940170940171 -10.415042735042736 -0.1309316596367907 0.28804965120093956 0.9950806132396095 END 
START 2.3357264957264956 -0.7658119658119658 -10.453333333333333 -0.1483892142550295 0.45389642007420783 0.916521617457535 END 
START 1.1295726495726495 0.13401709401709402 -11.372307692307693 -0.04364388654559691 0.3753374242921334 0.9077928401484157 END 
START -0.3063247863247863 0.7083760683760684 -12.291282051282051 -0.1309316596367907 0.25313454196446206 0.8117762897481025 END 
START 0.4403418803418803 0.7658119658119658 -12.042393162393163 0.11347410501855196 0.4713539746924466 0.9950806132396095 END 
START 0.19145299145299144 0.24888888888888888 -11.334017094017094 0.38406620160125277 0.5062690839289241 1.1085547182581614 END 
START 0 -0.9764102564102564 -10.319316239316239 0.25313454196446206 0.5149978612380435 1.0038093905487289 END 
START -0.2105982905982906 -2.24 -9.955555555555556 0.5586417477836404 0.8379626216754605 1.0038093905487289 END 
START -1.1104273504273505 -3.675897435897436 -9.63008547008547 1.056182054403445 1.0474532770943257 0.7681324032025055 END 
START -1.8570940170940171 -4.996923076923077 -9.419487179487179 1.4140619240773398 0.8117762897481025 0.5411841931654017 END 
START -2.3357264957264956 -6.758290598290598 -8.155897435897437 1.675925243350921 0.6110144116383567 0.48008275200156597 END 
START -2.7377777777777776 -7.236923076923077 -7.17948717948718 1.7457554618238762 0.48881152931068533 -0.09601655040031319 END 
START -1.5699145299145298 -7.849572649572649 -7.0837606837606835 1.7544842391329956 0.1483892142550295 -0.5673705250927598 END 
START -1.3784615384615384 -8.768547008547008 -7.696410256410257 1.806856902987712 -0.44516764276508847 -0.6459295208748342 END 
START 0.8232478632478633 -11.984957264957265 -8.50051282051282 2.6011756381175757 -1.056182054403445 -0.20076187810974577 END 
START 2.508034188034188 -14.339829059829059 -8.04102564102564 3.683544024448379 -0.11347410501855196 0.39279497891037213 END 
START 2.756923076923077 -16.675555555555555 -7.4858119658119655 4.312015990704975 0.4102525335286109 0.8117762897481025 END 
START 1.9336752136752138 -17.345641025641026 -6.681709401709401 3.4391382597930362 -0.07855899578207443 0.8554201762936994 END 
START 2.4505982905982906 -15.928888888888888 -6.413675213675214 1.5624511383323691 -1.029995722476087 0.6808446301113117 END 
START 2.259145299145299 -12.616752136752137 -7.045470085470085 0.8990640628392963 -1.1783849367311166 1.0212669451669676 END 
START 0.019145299145299145 -9.534358974358975 -3.8482051282051284 0.45389642007420783 -0.008728777309119381 1.5188072517867723 END 
START -0.1723076923076923 -6.107350427350427 1.3593162393162392 -1.5275360290958917 1.1958424913493553 1.5711799156414885 END 
START 2.91008547008547 0.36376068376068377 4.499145299145299 -3.5787986967389465 2.2258382138254422 1.5013496971685336 END 
START 8.596239316239316 10.52991452991453 6.088205128205129 -4.984131843507167 3.046343280882664 1.483892142550295 END 
START 18.379487179487178 20.944957264957264 10.453333333333333 -6.302177217184194 5.551502368599927 2.374227428080472 END 
START 33.52341880341881 34.97846153846154 10.893675213675214 -6.956835515368147 9.095385956102396 2.8281238481546795 END 
START 29.981538461538463 37.18017094017094 -39.82222222222222 -7.079038397695818 0.10474532770943257 2.313125986916636 END 
START 3.4461538461538463 38.233162393162395 -38.80752136752137 -7.166326170787012 -10.989530632181301 -0.28804965120093956 END 
START -3.561025641025641 21.098119658119657 -5.111794871794872 -0.98635183593049 -8.152678006717503 -1.6846540206600407 END 
START 2.4314529914529914 6.04991452991453 6.796581196581196 5.228537608162509 2.5662605288810982 -0.7943187351298637 END 
START 14.224957264957265 -8.51965811965812 11.544615384615385 5.77845057863703 3.980322452958438 0.4277100881468497 END 
START 16.464957264957263 -12.195555555555556 9.247179487179487 0.48881152931068533 -0.04364388654559691 0.41898131083773027 END 
START 8.404786324786325 -2.9675213675213676 0.26803418803418805 -3.24710515899241 -2.0512626676430545 0.8990640628392963 END 
START 1.8953846153846154 7.562393162393162 -9.17059829059829 -3.343121709392723 -1.763213016442115 0.20076187810974577 END 
START 1.5316239316239315 8.481367521367522 -15.143931623931623 -1.1783849367311166 0.2793208738918202 -0.20949065541886513 END 
START 5.667008547008547 7.849572649572649 -17.49880341880342 0.619743188947476 1.7108403525873987 0 END 
START 5.935042735042735 7.39008547008547 -13.66974358974359 1.1085547182581614 1.2918590417496685 -0.052372663854716284 END 
START 6.203076923076923 5.762735042735042 -10.319316239316239 0.48881152931068533 0.6546582981839536 -0.3753374242921334 END 
START 8.768547008547008 2.603760683760684 -11.41059829059829 -0.7070309620386699 0.34915109236477526 -0.6808446301113117 END 
START 9.074871794871795 2.871794871794872 -12.463589743589743 -0.7244885166569086 0.06983021847295505 -0.7157597393477892 END 
