START 0.40205128205128204 0.019145299145299145 -4.384273504273504 0.06110144116383567 -0.27059209658270084 0.3578798696738946 END 
START -0.13401709401709402 -0.5743589743589743 -3.561025641025641 0.008728777309119381 -0.3578798696738946 0.6546582981839536 END 
START -1.3210256410256411 -0.47863247863247865 -3.1398290598290597 -0.22694821003710391 -0.026186331927358142 0.8117762897481025 END 
START -1.7230769230769232 -0.1723076923076923 -2.9675213675213676 -0.6895734074204312 0.183304323491507 0.20949065541886513 END 
START -1.3593162393162392 -0.4211965811965812 -3.024957264957265 -0.9252503947666544 0.21821943272798452 -0.28804965120093956 END 
START -1.4167521367521367 -0.5360683760683761 -2.7377777777777776 -0.9601655040031319 0.3229647604374171 -0.1396604369459101 END 
START -2.201709401709402 -0.22974358974358974 -2.3165811965811964 -1.0125381678578482 0.45389642007420783 0.1309316596367907 END 
START -3.1015384615384614 0.09572649572649572 -1.7996581196581196 -1.1958424913493553 0.6721158528021923 0.06110144116383567 END 
START -3.2164102564102564 0.6892307692307692 -1.435897435897436 -1.483892142550295 1.0125381678578482 -0.08728777309119382 END 
START -3.407863247863248 1.6464957264957265 -1.1678632478632478 -1.7195691298965181 1.187113714040236 -0.24440576465534267 END 
START -3.963076923076923 1.991111111111111 -0.7466666666666667 -1.8766871214606669 1.1347410501855195 -0.21821943272798452 END 
START -5.322393162393162 4.1928205128205125 1.1678632478632478 -2.2869396549892778 1.9290597853153832 0.39279497891037213 END 
START -5.264957264957265 6.337094017094017 1.9336752136752138 -2.609904415426695 2.3043972096075165 -0.07855899578207443 END 
START -4.843760683760684 7.275213675213675 2.508034188034188 -2.8455814027729183 2.356769873462233 -0.8554201762936994 END 
START -4.5948717948717945 7.102905982905983 3.063247863247863 -2.976513062409709 2.496430310408143 -1.1521986048037582 END 
START -2.1442735042735044 9.649230769230769 3.6184615384615384 -3.4478670371021556 3.1685461632103356 -0.6546582981839536 END 
START -0.019145299145299145 12.980512820512821 2.871794871794872 -3.7533742429213337 3.2907490455380066 -0.8641489536028187 END 
START 3.082393162393162 17.03931623931624 1.837948717948718 -3.797018129466931 3.177274940519455 -1.0387244997852063 END 
START 7.122051282051282 21.883076923076924 0.7466666666666667 -3.5787986967389465 3.1074447220464996 -0.84669139898458 END 
START 10.95111111111111 26.8417094017094 0.3254700854700855 -3.0550720581917834 2.6971921885178887 -0.6983021847295505 END 
START 13.21025641025641 30.498461538461537 0.13401709401709402 -2.374227428080472 2.173465549970726 -0.5237266385471628 END 
START 15.871452991452992 35.07418803418803 -0.918974358974359 -0.7943187351298637 1.6410101341144436 0.052372663854716284 END 
START 17.05846153846154 35.495384615384616 -1.5699145299145298 0.183304323491507 1.3442317056043847 0.6459295208748342 END 
START 17.077606837606837 35.03589743589744 -2.5463247863247864 1.2045712686584746 0.8205050670572218 0.8903352855301769 END 
START 15.526837606837606 32.06837606837607 -2.393162393162393 2.059991444952174 0.017457554618238762 0.38406620160125277 END 
START 13.152820512820513 27.607521367521368 -1.3593162393162392 2.705920965827008 -0.45389642007420783 0.30550720581917834 END 
START 10.319316239316239 23.855042735042733 -0.47863247863247865 3.159817385901216 -0.7244885166569086 0.6284719662565954 END 
START 7.792136752136752 20.676923076923078 0.5169230769230769 3.5438835875024686 -0.8990640628392963 1.1172834955672808 END 
START 4.996923076923077 18.39863247863248 1.5507692307692307 3.7795605748486922 -1.0387244997852063 1.3442317056043847 END 
START 2.278290598290598 15.871452991452992 2.374017094017094 3.7533742429213337 -1.2045712686584746 0.7594036258933862 END 
START 0.3446153846153846 12.252991452991452 3.407863247863248 3.5787986967389465 -1.2482151552040714 0.21821943272798452 END 
START -1.34017094017094 9.017435897435897 4.211965811965812 3.4042231505565588 -0.9688942813122513 0.2618633192735814 END 
START -2.1442735042735044 6.279658119658119 3.8864957264957263 3.2383763816832905 -0.7594036258933862 0.4626251973833272 END 
START -2.0676923076923077 1.8762393162393163 3.292991452991453 2.8543101800820376 -0.619743188947476 0.41898131083773027 END 
START -1.2444444444444445 0.019145299145299145 2.5846153846153848 2.5138878650263816 -0.4277100881468497 0.41898131083773027 END 
START -0.47863247863247865 -1.435897435897436 1.8953846153846154 2.1385504407342486 -0.25313454196446206 0.40152375621949155 END 
START 0.2105982905982906 -2.7377777777777776 1.3784615384615384 1.7370266845147568 -0.08728777309119382 0.28804965120093956 END 
START 1.2444444444444445 -4.135384615384615 1.0338461538461539 1.396604369459101 -0.034915109236477525 0.1396604369459101 END 
START 2.278290598290598 -5.571282051282052 0.7275213675213675 1.029995722476087 -0.06983021847295505 0 END 
START 3.4461538461538463 -7.064615384615385 0.07658119658119658 0.5062690839289241 -0.07855899578207443 -0.15711799156414885 END 
START 4.403418803418804 -8.155897435897437 -0.5552136752136753 -0.026186331927358142 -0.08728777309119382 -0.052372663854716284 END 
START 4.901196581196581 -8.347350427350428 -1.052991452991453 -0.549912970474521 -0.17457554618238763 0.25313454196446206 END 
START 4.9394871794871795 -7.524102564102564 -1.052991452991453 -1.0038093905487289 -0.366608646983014 0.48881152931068533 END 
START 4.8820512820512825 -6.260512820512821 -0.67008547008547 -1.5013496971685336 -0.5237266385471628 0.45389642007420783 END 
START 5.092649572649573 -5.245811965811966 -0.26803418803418805 -1.990161226479219 -0.6022856343292373 0.3142359831282977 END 
START 4.748034188034188 -2.756923076923077 0.67008547008547 -2.7757511842999634 -0.733217293966028 0.25313454196446206 END 
START 4.460854700854701 -1.2444444444444445 1.4741880341880342 -3.09871594473738 -0.8205050670572218 0.2356769873462233 END 
START 4.173675213675214 0.49777777777777776 2.2974358974358973 -3.4216807051747975 -0.8990640628392963 0.15711799156414885 END 
START 4.077948717948718 2.622905982905983 3.1015384615384614 -3.7446454656122143 -0.9776230586213707 0.008728777309119381 END 
START 2.24 6.547692307692308 4.173675213675214 -4.408032541105287 -1.2656727098223102 0.10474532770943257 END 
START 1.0912820512820514 10.740512820512821 4.441709401709402 -4.6960821923062275 -1.3442317056043847 0.6284719662565954 END 
START -1.1295726495726495 17.594529914529915 5.245811965811966 -4.79209874270654 -1.4140619240773398 0.5673705250927598 END 
START -2.986666666666667 23.96991452991453 5.552136752136752 -4.582608087287675 -1.2656727098223102 -0.3229647604374171 END 
START -3.5035897435897434 27.148034188034188 4.345982905982906 -3.9017634571763633 -1.099825940949042 -0.84669139898458 END 
START -3.675897435897436 27.99042735042735 3.2164102564102564 -3.0026993943370672 -0.9601655040031319 -0.7506748485842668 END 
START -3.0441025641025643 26.343931623931624 1.4933333333333334 -1.6671964660418017 -0.4713539746924466 -0.8117762897481025 END 
START -1.9336752136752138 24.86974358974359 0.9381196581196581 -1.2045712686584746 -0.20076187810974577 -0.7681324032025055 END 
START -0.4594871794871795 23.395555555555557 0.24888888888888888 -0.7157597393477892 0.017457554618238762 -0.593556857020118 END 
START 0.8615384615384616 21.423589743589744 -0.22974358974358974 -0.21821943272798452 0.034915109236477525 -0.44516764276508847 END 
START 1.6464957264957265 19.126153846153848 -0.5169230769230769 0.20076187810974577 -0.034915109236477525 -0.34042231505565584 END 