START -3.80991452991453 0.4403418803418803 -3.063247863247863 -0.48008275200156597 0.48881152931068533 0.7419460712751474 END 
START -4.03965811965812 0.9764102564102564 -2.9483760683760685 -0.6284719662565954 0.8117762897481025 0.5324554158562822 END 
START -3.9056410256410254 0.8998290598290598 -3.024957264957265 -0.619743188947476 1.029995722476087 0.3229647604374171 END 
START -3.963076923076923 0.7083760683760684 -2.68034188034188 -0.6721158528021923 1.187113714040236 0.21821943272798452 END 
START -4.326837606837607 0.650940170940171 -2.4123076923076923 -0.7768611805116249 1.4577058106229366 0.183304323491507 END 
START -4.575726495726496 0.8232478632478633 -2.01025641025641 -0.9776230586213707 1.7544842391329956 0.11347410501855196 END 
START -4.403418803418804 1.5316239316239315 -1.4167521367521367 -1.1783849367311166 2.1385504407342486 0 END 
START -3.8673504273504276 2.9292307692307693 -0.3829059829059829 -1.4053331467682204 2.426600091935188 -0.45389642007420783 END 
START -3.6567521367521367 3.80991452991453 0.36376068376068377 -1.6846540206600407 2.452786423862546 -1.2918590417496685 END 
START -3.982222222222222 3.292991452991453 0.5935042735042735 -1.9028734533880252 2.5488029742628595 -1.7719417937512343 END 
START -4.116239316239316 2.8526495726495726 1.3976068376068376 -2.1210928861160094 2.96778428510059 -1.3005878190587878 END 
START -3.3312820512820513 4.614017094017094 2.4697435897435898 -2.4440576465534267 3.4653245917203943 -0.619743188947476 END 
START -2.393162393162393 7.409230769230769 3.2355555555555555 -2.6971921885178887 3.613713805975424 -0.7768611805116249 END 
START -1.6273504273504273 9.304615384615385 3.8864957264957263 -2.8455814027729183 3.6748152471392594 -1.2220288232767134 END 
START -0.28717948717948716 11.334017094017094 4.5948717948717945 -2.950326730482351 3.8843059025581246 -1.3180453736770266 END 
START 2.5846153846153848 14.148376068376068 4.977777777777778 -2.96778428510059 4.102525335286109 -0.9950806132396095 END 
START 6.145641025641026 18.092307692307692 4.690598290598291 -2.8455814027729183 4.146169221831706 -0.8816065082210575 END 
START 8.921709401709402 21.07897435897436 4.1928205128205125 -2.5488029742628595 3.7621030202304535 -1.2918590417496685 END 
START 10.817094017094018 23.108376068376067 4.001367521367522 -2.1647367726616067 3.2907490455380066 -1.7021115752782794 END 
START 11.812649572649573 24.008205128205127 4.4225641025641025 -1.8155856802968313 2.836852625463799 -1.8679583441515475 END 
START 13.114529914529914 24.850598290598292 4.384273504273504 -1.4315194786955785 2.636090747354053 -1.3005878190587878 END 
START 15.201367521367521 26.8991452991453 3.675897435897436 -1.0387244997852063 2.5051590877172623 -0.48008275200156597 END 
START 17.288205128205128 28.90940170940171 2.278290598290598 -0.49754030661980475 2.2345669911345616 0.12220288232767133 END 
START 18.60923076923077 30.172991452991454 1.5124786324786326 0.20076187810974577 1.7806705710603539 0.7768611805116249 END 
START 18.188034188034187 30.287863247863246 1.34017094017094 1.7893993483694732 0.663387075493073 1.2045712686584746 END 
START 16.292649572649573 27.76068376068376 1.6082051282051282 2.5051590877172623 0.052372663854716284 0.9688942813122513 END 
START 13.478290598290599 24.18051282051282 2.1825641025641027 3.0376145035735447 -0.43643886545596905 0.8379626216754605 END 
START 10.587350427350428 21.00239316239316 2.9292307692307693 3.351850486701842 -0.7244885166569086 0.8903352855301769 END 
START 7.8878632478632476 18.034871794871794 3.8482051282051284 3.5787986967389465 -0.9514367266940126 0.8641489536028187 END 
START 5.628717948717949 15.507692307692308 4.614017094017094 3.7184591336848563 -1.0212669451669676 0.84669139898458 END 
START 4.058803418803419 13.152820512820513 4.862905982905983 3.7621030202304535 -1.0649108317125644 0.6022856343292373 END 
START 2.9483760683760685 10.223589743589743 5.073504273504273 3.7882893521578116 -1.2307576005858327 0.24440576465534267 END 
START 1.9719658119658119 7.045470085470085 5.322393162393162 3.7010015790666175 -1.2569439325131908 0.11347410501855196 END 
START 1.3593162393162392 4.116239316239316 5.264957264957265 3.5176972555751105 -1.1085547182581614 0.2356769873462233 END 
START 1.0338461538461539 2.01025641025641 4.728888888888889 3.229647604374171 -0.9252503947666544 0.48008275200156597 END 
START 0.8806837606837606 0.5169230769230769 4.135384615384615 2.8455814027729183 -0.7943187351298637 0.4277100881468497 END 
START 2.2974358974358973 -2.5654700854700856 2.8335042735042735 2.059991444952174 -0.6983021847295505 0.09601655040031319 END 
START 3.005811965811966 -4.058803418803419 2.125128205128205 1.7370266845147568 -0.7070309620386699 0.3229647604374171 END 
START 3.4461538461538463 -4.996923076923077 1.3784615384615384 1.326774150986146 -0.663387075493073 0.6022856343292373 END 
START 3.7524786324786326 -5.303247863247863 0.49777777777777776 0.8641489536028187 -0.6546582981839536 0.5411841931654017 END 
START 4.25025641025641 -5.896752136752137 0.03829059829059829 0.38406620160125277 -0.6895734074204312 0.2793208738918202 END 
START 4.4225641025641025 -6.203076923076923 -0.3063247863247863 -0.06983021847295505 -0.7506748485842668 0.24440576465534267 END 
START 4.365128205128205 -6.011623931623932 -0.5935042735042735 -0.49754030661980475 -0.8554201762936994 0.2356769873462233 END 
START 4.25025641025641 -5.647863247863248 -0.49777777777777776 -0.8903352855301769 -0.9252503947666544 0.20076187810974577 END 
START 4.077948717948718 -5.1692307692307695 -0.28717948717948716 -1.3180453736770266 -0.9514367266940126 0.1483892142550295 END 
START 3.7333333333333334 -4.384273504273504 0 -1.763213016442115 -0.9601655040031319 -0.026186331927358142 END 
START 3.3312820512820513 -3.5418803418803417 0.4211965811965812 -2.199651881898084 -0.98635183593049 -0.24440576465534267 END 
START 3.082393162393162 -2.3165811965811964 0.8232478632478633 -2.6011756381175757 -0.98635183593049 -0.296778428510059 END 
START 2.776068376068376 0.9955555555555555 1.3593162393162392 -3.3082066001562453 -1.1085547182581614 -0.11347410501855196 END 
START 2.201709401709402 2.9483760683760685 1.7996581196581196 -3.596256251357185 -1.1958424913493553 0.11347410501855196 END 
START 1.7422222222222221 5.494700854700855 2.4123076923076923 -3.849390793321647 -1.239486377894952 0.30550720581917834 END 
START 1.7805128205128204 8.653675213675214 2.8526495726495726 -4.119982889904348 -1.1347410501855195 0.3753374242921334 END 
START 1.435897435897436 11.774358974358975 3.3504273504273505 -4.2334569949229 -1.1260122728764002 0.09601655040031319 END 
START 1.1487179487179486 14.244102564102564 3.5418803418803417 -4.2334569949229 -1.1958424913493553 -0.20076187810974577 END 
START 1.0721367521367522 17.211623931623933 3.5035897435897434 -4.207270662995541 -1.2569439325131908 -0.183304323491507 END 
START 1.0147008547008547 20.983247863247865 3.2164102564102564 -3.9541361210310795 -1.3093165963679072 -0.1396604369459101 END 
START 0.49777777777777776 23.855042735042733 3.0441025641025643 -3.4391382597930362 -1.4140619240773398 -0.2356769873462233 END 
START -0.7083760683760684 24.946324786324787 3.082393162393162 -2.8717677347002764 -1.3616892602226234 -0.38406620160125277 END 
START -1.6082051282051282 24.563418803418802 2.661196581196581 -2.295668432298397 -1.1521986048037582 -0.48881152931068533 END 
START -1.0721367521367522 21.92136752136752 1.3210256410256411 -1.4402482560046979 -0.49754030661980475 -0.3578798696738946 END 
START 0.26803418803418805 21.04068376068376 0.5552136752136753 -1.0474532770943257 -0.19203310080062638 -0.052372663854716284 END 
START 1.6656410256410257 19.71965811965812 -0.07658119658119658 -0.619743188947476 -0.07855899578207443 0.1396604369459101 END 
START 2.393162393162393 18.264615384615386 -0.3829059829059829 -0.24440576465534267 -0.11347410501855196 0.183304323491507 END 
START 2.393162393162393 16.713846153846156 -0.3446153846153846 0.026186331927358142 -0.15711799156414885 -0.026186331927358142 END 
START 2.4697435897435898 14.837606837606838 -0.15316239316239316 0.183304323491507 -0.1309316596367907 -0.2618633192735814 END 
START 2.5271794871794873 13.286837606837606 -0.22974358974358974 0.25313454196446206 -0.052372663854716284 -0.28804965120093956 END 
START 2.661196581196581 11.946666666666667 -0.24888888888888888 0.3142359831282977 -0.026186331927358142 -0.2356769873462233 END 
START 2.68034188034188 10.912820512820513 -0.13401709401709402 0.366608646983014 -0.07855899578207443 -0.11347410501855196 END 
START 2.508034188034188 10.185299145299146 0.07658119658119658 0.3578798696738946 -0.11347410501855196 -0.06983021847295505 END 
START 2.259145299145299 9.591794871794871 0.3254700854700855 0.30550720581917834 -0.09601655040031319 -0.08728777309119382 END 
START 2.086837606837607 9.113162393162392 0.4594871794871795 0.22694821003710391 -0.052372663854716284 -0.10474532770943257 END 
START 1.7996581196581196 8.787692307692307 0.7275213675213675 0.06983021847295505 0.026186331927358142 0 END 
START 1.7230769230769232 8.9791452991453 0.8423931623931624 0.034915109236477525 0 -0.034915109236477525 END 
START 1.5316239316239315 9.036581196581196 0.8998290598290598 0.04364388654559691 -0.034915109236477525 -0.11347410501855196 END 
