START 0.4594871794871795 2.201709401709402 -6.088205128205129 0.733217293966028 -0.28804965120093956 0.008728777309119381 END 
START -0.03829059829059829 1.5316239316239315 -6.088205128205129 0.7244885166569086 -0.20949065541886513 0.12220288232767133 END 
START -0.47863247863247865 1.2635897435897436 -5.36068376068376 0.4626251973833272 -0.3753374242921334 -0.026186331927358142 END 
START -0.9955555555555555 0.67008547008547 -4.575726495726496 0.22694821003710391 -0.6022856343292373 -0.45389642007420783 END 
START -1.8188034188034188 -0.28717948717948716 -3.675897435897436 0 -0.6808446301113117 -0.6546582981839536 END 
START -2.890940170940171 -0.8423931623931624 -2.7186324786324785 -0.21821943272798452 -0.5062690839289241 -0.6808446301113117 END 
START -3.8290598290598292 -1.2827350427350428 -1.7805128205128204 -0.41898131083773027 -0.2356769873462233 -0.7070309620386699 END 
START -4.671452991452991 -1.301880341880342 -0.67008547008547 -0.733217293966028 0.06983021847295505 -0.8030475124389831 END 
START -6.222222222222222 0.2105982905982906 1.187008547008547 -1.5013496971685336 0.8205050670572218 -1.0125381678578482 END 
START -7.045470085470085 1.0721367521367522 1.5699145299145298 -1.7806705710603539 1.3704180375317427 -1.099825940949042 END 
START -6.94974358974359 1.1104273504273505 1.7613675213675213 -1.9988900037883384 1.8243144576059507 -1.1434698274946389 END 
START -6.681709401709401 1.4933333333333334 2.105982905982906 -2.2345669911345616 2.4091425373169493 -0.8554201762936994 END 
START -6.279658119658119 2.6420512820512823 2.01025641025641 -2.6971921885178887 3.0114281716461866 -0.7506748485842668 END 
START -3.005811965811966 6.9688888888888885 0.5552136752136753 -3.6573576925210207 3.7010015790666175 -0.8728777309119381 END 
START -0.9381196581196581 10.242735042735042 -0.6126495726495726 -3.8144756840851697 3.7271879109939756 -1.029995722476087 END 
START 1.2444444444444445 13.21025641025641 -1.7805128205128204 -3.797018129466931 3.6224425832845433 -1.3355029282952653 END 
START 3.178119658119658 14.990769230769232 -3.273846153846154 -3.639900137902782 3.343121709392723 -1.4751633652411755 END 
START 5.092649572649573 16.943589743589744 -4.403418803418804 -3.3169353774653647 3.1860037178285743 -1.3180453736770266 END 
START 7.677264957264957 19.547350427350427 -5.915897435897436 -2.96778428510059 2.889225289318515 -1.3791468148408623 END 
START 9.572649572649572 20.485470085470084 -6.854017094017094 -2.522616642335501 2.2520245457528003 -1.6846540206600407 END 
START 12.214700854700855 21.05982905982906 -7.849572649572649 -1.7195691298965181 1.2045712686584746 -1.5275360290958917 END 
START 13.286837606837606 20.79179487179487 -8.04102564102564 -1.2220288232767134 0.7244885166569086 -1.073639609021684 END 
START 13.995213675213675 20.313162393162393 -7.849572649572649 -0.7681324032025055 0.34042231505565584 -0.5586417477836404 END 
START 14.244102564102564 20.064273504273505 -7.4858119658119655 -0.34915109236477526 -0.07855899578207443 -0.20076187810974577 END 
START 14.014358974358974 19.413333333333334 -6.94974358974359 -0.11347410501855196 -0.5673705250927598 -0.15711799156414885 END 
START 13.66974358974359 18.838974358974358 -6.375384615384616 0.034915109236477525 -1.0212669451669676 -0.17457554618238763 END 
START 13.171965811965812 17.977435897435896 -5.896752136752137 0.3316935377465365 -1.396604369459101 0.04364388654559691 END 
START 12.138119658119658 16.886153846153846 -5.073504273504273 0.6459295208748342 -1.7806705710603539 0.28804965120093956 END 
START 10.778803418803419 15.392820512820514 -4.25025641025641 0.8728777309119381 -2.173465549970726 0.4277100881468497 END 
START 9.496068376068376 14.071794871794872 -3.5418803418803417 1.0823683863308033 -2.6273619700449338 0.45389642007420783 END 
START 8.175042735042735 12.693333333333333 -2.5463247863247864 1.239486377894952 -3.0812583901191415 0.43643886545596905 END 
START 5.0543589743589745 9.917264957264956 -0.5169230769230769 1.3791468148408623 -3.6573576925210207 0.4102525335286109 END 
START 3.5227350427350426 8.366495726495726 0.40205128205128204 1.326774150986146 -3.875577125249005 0.41898131083773027 END 
START 2.1634188034188035 7.351794871794872 1.052991452991453 1.1260122728764002 -3.9104922344854827 0.4713539746924466 END 
START 1.34017094017094 6.758290598290598 1.3784615384615384 0.9077928401484157 -3.823204461394289 0.48881152931068533 END 
START 0.5743589743589743 6.145641025641026 1.6847863247863248 0.7594036258933862 -3.7621030202304535 0.5673705250927598 END 
START -0.11487179487179487 5.494700854700855 1.9145299145299146 0.6459295208748342 -3.6748152471392594 0.7681324032025055 END 
START -1.0721367521367522 4.901196581196581 2.0294017094017094 0.5324554158562822 -3.613713805975424 1.0387244997852063 END 
START -2.0676923076923077 4.671452991452991 2.0294017094017094 0.30550720581917834 -3.4653245917203943 1.3791468148408623 END 
START -3.2164102564102564 4.9394871794871795 1.8570940170940171 0.026186331927358142 -3.3169353774653647 1.4751633652411755 END 
START -4.441709401709402 5.60957264957265 1.837948717948718 -0.3578798696738946 -3.2121900497559324 1.2656727098223102 END 
START -5.935042735042735 6.203076923076923 1.5124786324786326 -0.733217293966028 -3.159817385901216 0.9077928401484157 END 
START -8.06017094017094 7.6581196581196584 0.5552136752136753 -1.0649108317125644 -2.478972755789904 1.0387244997852063 END 
START -9.285470085470086 8.806837606837608 0 -1.029995722476087 -1.946517339933622 1.3093165963679072 END 
START -10.032136752136752 10.127863247863248 -0.5552136752136753 -1.1172834955672808 -1.4577058106229366 1.3616892602226234 END 
START -10.740512820512821 11.602051282051281 -1.435897435897436 -1.2918590417496685 -1.0649108317125644 0.9776230586213707 END 
START -10.778803418803419 12.942222222222222 -2.871794871794872 -1.4577058106229366 -0.7070309620386699 0.43643886545596905 END 
START -9.955555555555556 15.622564102564102 -5.552136752136752 -1.0910971636399227 0.034915109236477525 0.30550720581917834 END 
START -9.438632478632478 17.00102564102564 -6.069059829059829 -0.6022856343292373 0.38406620160125277 0.5237266385471628 END 
START -9.438632478632478 18.513504273504275 -6.375384615384616 -0.20949065541886513 0.6022856343292373 0.38406620160125277 END 
START -9.553504273504274 19.43247863247863 -6.375384615384616 0 0.6808446301113117 -0.19203310080062638 END 
START -9.20888888888889 19.26017094017094 -6.317948717948718 0.3142359831282977 0.9077928401484157 -0.6983021847295505 END 
START -8.691965811965812 18.743247863247863 -6.069059829059829 0.7768611805116249 1.2569439325131908 -0.6895734074204312 END 
START -7.351794871794872 17.613675213675215 -5.092649572649573 1.579908692950608 2.059991444952174 -0.19203310080062638 END 
START -6.413675213675214 17.288205128205128 -4.7671794871794875 1.7893993483694732 2.3305835415348746 -0.3229647604374171 END 
START -5.226666666666667 16.618119658119657 -4.326837606837607 1.9028734533880252 2.5138878650263816 -0.593556857020118 END 
START -4.058803418803419 15.603418803418803 -3.7716239316239317 2.1036353314977707 2.7233785204452468 -0.5411841931654017 END 
START -2.890940170940171 14.856752136752137 -3.2355555555555555 2.40041376000783 3.0026993943370672 -0.1396604369459101 END 
START -1.3210256410256411 14.32068376068376 -2.890940170940171 2.67973463389965 3.229647604374171 0.12220288232767133 END 
START 0.13401709401709402 13.593162393162393 -2.5654700854700856 2.8281238481546795 3.203461272446813 0.07855899578207443 END 
START 1.589059829059829 12.655042735042736 -2.3165811965811964 2.81939507084556 2.9590555077914704 -0.39279497891037213 END 
START 3.0441025641025643 11.161709401709402 -2.0294017094017094 2.889225289318515 2.6884634112087693 -0.5760993024018791 END 
START 3.963076923076923 10.032136752136752 -1.7230769230769232 2.9852418397188285 2.5138878650263816 -0.44516764276508847 END 
START 4.7671794871794875 8.902564102564103 -1.3593162393162392 3.020156948955306 2.3305835415348746 -0.30550720581917834 END 
START 5.130940170940171 7.504957264957265 -1.2444444444444445 2.976513062409709 2.0512626676430545 -0.296778428510059 END 
START 5.59042735042735 4.5948717948717945 -1.301880341880342 2.6971921885178887 1.5711799156414885 -0.5760993024018791 END 
