START -2.2974358974358973 0.5552136752136753 -5.724444444444444 0.7506748485842668 -0.40152375621949155 -0.3229647604374171 END 
START -2.7377777777777776 0.03829059829059829 -5.532991452991453 0.3753374242921334 -0.593556857020118 -0.3142359831282977 END 
START -3.2164102564102564 -0.47863247863247865 -4.211965811965812 0.07855899578207443 -0.5586417477836404 -0.4713539746924466 END 
START -3.6184615384615384 -1.0147008547008547 -3.5035897435897434 -0.15711799156414885 -0.366608646983014 -0.38406620160125277 END 
START -4.862905982905983 -1.3784615384615384 -2.220854700854701 -0.7768611805116249 -0.17457554618238763 -0.5760993024018791 END 
START -5.341538461538462 -1.8570940170940171 -1.7805128205128204 -1.073639609021684 0.1483892142550295 -0.45389642007420783 END 
START -5.456410256410257 -1.4167521367521367 -1.455042735042735 -1.3878755921499817 0.6022856343292373 -0.20949065541886513 END 
START -5.226666666666667 -0.15316239316239316 -1.0338461538461539 -1.8592295668424281 0.9339791720757737 -0.24440576465534267 END 
START -4.996923076923077 1.1104273504273505 -0.4211965811965812 -2.4440576465534267 1.0823683863308033 -0.5848280797109986 END 
START -5.1692307692307695 2.1825641025641027 0.28717948717948716 -2.993970617027948 1.1521986048037582 -1.029995722476087 END 
START -5.628717948717949 2.8143589743589743 1.0912820512820514 -3.38676559593832 1.3878755921499817 -1.2918590417496685 END 
START -5.877606837606837 2.8143589743589743 1.3593162393162392 -3.5787986967389465 1.7981281256785926 -1.073639609021684 END 
START -5.130940170940171 4.231111111111111 0.8806837606837606 -3.823204461394289 2.426600091935188 -0.4713539746924466 END 
START -3.4844444444444442 6.739145299145299 0.03829059829059829 -4.023966339504034 2.915411621245873 -0.06983021847295505 END 
START -1.8188034188034188 9.572649572649572 -0.4211965811965812 -4.102525335286109 3.072529612810022 -0.026186331927358142 END 
START 1.589059829059829 14.818461538461538 -2.374017094017094 -4.163626776449945 2.863038957391157 -0.27059209658270084 END 
START 3.7716239316239317 17.70940170940171 -3.9439316239316238 -3.8406620160125278 2.8019375162273215 -0.20949065541886513 END 
START 5.839316239316239 20.294017094017093 -5.571282051282052 -3.4478670371021556 2.4178713146260686 -0.4626251973833272 END 
START 7.447521367521367 21.385299145299147 -6.547692307692308 -3.0376145035735447 1.8679583441515475 -0.8117762897481025 END 
START 8.73025641025641 22.285128205128206 -6.9688888888888885 -2.5924468608084563 1.4053331467682204 -0.916521617457535 END 
START 9.898119658119658 23.05094017094017 -7.102905982905983 -1.990161226479219 1.0387244997852063 -0.7244885166569086 END 
START 11.027692307692307 23.54871794871795 -7.16034188034188 -1.4053331467682204 0.7244885166569086 -0.4713539746924466 END 
START 11.391452991452992 23.31897435897436 -7.16034188034188 -0.8205050670572218 0.3142359831282977 -0.3316935377465365 END 
START 11.582905982905983 22.476581196581197 -6.566837606837606 -0.34915109236477526 -0.09601655040031319 -0.366608646983014 END 
START 11.716923076923077 21.136410256410258 -5.839316239316239 0.08728777309119382 -0.40152375621949155 -0.24440576465534267 END 
START 11.468034188034189 19.604786324786325 -5.264957264957265 0.5760993024018791 -0.7157597393477892 -0.008728777309119381 END 
START 10.72136752136752 17.728547008547007 -4.345982905982906 0.9514367266940126 -1.073639609021684 0.1396604369459101 END 
START 8.404786324786325 14.071794871794872 -2.4314529914529914 1.3180453736770266 -1.8854158987697864 0.10474532770943257 END 
START 7.16034188034188 12.157264957264957 -1.2827350427350428 1.3791468148408623 -2.2083806592072035 0.1309316596367907 END 
START 5.896752136752137 10.453333333333333 -0.3254700854700855 1.3704180375317427 -2.374227428080472 0.3578798696738946 END 
START 4.748034188034188 9.055726495726496 0.3063247863247863 1.3442317056043847 -2.470243978480785 0.6372007435657149 END 
START 3.9439316239316238 8.098461538461539 0.7083760683760684 1.2918590417496685 -2.6273619700449338 0.84669139898458 END 
START 3.0441025641025643 7.3135042735042735 0.9381196581196581 1.1434698274946389 -2.8019375162273215 0.9252503947666544 END 
START 2.374017094017094 6.662564102564103 1.2252991452991453 0.9077928401484157 -2.976513062409709 0.8816065082210575 END 
START 1.7805128205128204 6.069059829059829 1.4741880341880342 0.6546582981839536 -3.0376145035735447 0.9252503947666544 END 
START 1.1295726495726495 5.456410256410257 1.455042735042735 0.4626251973833272 -3.0638008355009028 1.073639609021684 END 
START 0.28717948717948716 5.1692307692307695 1.3210256410256411 0.25313454196446206 -3.151088608592097 1.2656727098223102 END 
START -0.5552136752136753 5.245811965811966 1.0721367521367522 0.06110144116383567 -3.3780368186292007 1.3180453736770266 END 
START -1.435897435897436 5.437264957264957 1.3210256410256411 -0.1396604369459101 -3.552612364811588 1.3616892602226234 END 
START -3.8482051282051284 5.552136752136752 1.2444444444444445 -0.6022856343292373 -3.5002397009568718 1.3442317056043847 END 
START -5.552136752136752 6.107350427350427 1.2061538461538461 -0.7244885166569086 -3.360579264010962 1.7893993483694732 END 
START -7.811282051282051 7.868717948717949 0.918974358974359 -0.9077928401484157 -3.142359831282977 1.8505007895333088 END 
START -9.955555555555556 9.706666666666667 0.8806837606837606 -1.2656727098223102 -2.863038957391157 1.2744014871314298 END 
START -11.506324786324786 11.391452991452992 0.650940170940171 -1.5886374702597275 -2.3393123188439944 0.6808446301113117 END 
START -12.09982905982906 13.114529914529914 -0.09572649572649572 -1.649738911423563 -1.7370266845147568 0.41898131083773027 END 
START -12.387008547008547 14.837606837606838 -1.3976068376068376 -1.4402482560046979 -1.1958424913493553 0.45389642007420783 END 
START -12.750769230769231 16.464957264957263 -2.4697435897435898 -0.98635183593049 -0.6808446301113117 0.663387075493073 END 
START -12.674188034188035 17.785982905982905 -3.7141880341880342 -0.593556857020118 -0.07855899578207443 0.5760993024018791 END 
START -11.831794871794871 18.36034188034188 -4.748034188034188 -0.366608646983014 0.39279497891037213 0.1483892142550295 END 
START -10.75965811965812 18.245470085470085 -5.513846153846154 -0.06983021847295505 0.84669139898458 -0.026186331927358142 END 
START -8.864273504273504 17.9008547008547 -5.877606837606837 0.663387075493073 1.3616892602226234 -0.30550720581917834 END 
START -8.07931623931624 17.383931623931623 -5.628717948717949 1.0038093905487289 1.6060950248779662 -0.3316935377465365 END 
START -7.351794871794872 16.886153846153846 -5.016068376068376 1.2307576005858327 1.8592295668424281 -0.366608646983014 END 
START -6.643418803418803 16.637264957264957 -4.5948717948717945 1.4140619240773398 2.1560079953524873 -0.4713539746924466 END 
START -5.532991452991453 16.15863247863248 -4.058803418803419 1.6322813568053243 2.374227428080472 -0.549912970474521 END 
START -4.058803418803419 15.737435897435898 -3.58017094017094 1.8941446760789058 2.5749893061902176 -0.43643886545596905 END 
START -2.890940170940171 15.086495726495727 -3.3312820512820513 2.0774489995704126 2.6971921885178887 -0.3142359831282977 END 
START -1.8188034188034188 14.799316239316239 -3.178119658119658 2.217109436516323 2.767022406990844 -0.3753374242921334 END 
START 0.019145299145299145 14.512136752136753 -2.9483760683760685 2.1909231045889648 2.810666293536441 -0.6546582981839536 END 
START 1.9528205128205127 14.167521367521367 -2.91008547008547 2.2782108776801584 2.767022406990844 -0.7157597393477892 END 
START 3.178119658119658 13.803760683760684 -2.890940170940171 2.5313454196446203 2.5488029742628595 -0.5586417477836404 END 
START 3.7333333333333334 13.076239316239317 -2.4505982905982906 2.810666293536441 2.2520245457528003 -0.41898131083773027 END 
START 4.288547008547009 11.2 -1.6656410256410257 2.950326730482351 1.9028734533880252 -0.5324554158562822 END 
START 5.226666666666667 10.127863247863248 -1.9528205128205127 2.863038957391157 1.7108403525873987 -0.7594036258933862 END 
START 6.088205128205129 8.998290598290598 -1.9719658119658119 2.8717677347002764 1.3878755921499817 -0.7768611805116249 END 
START 6.279658119658119 7.7729914529914526 -2.0294017094017094 2.8979540666276344 0.9776230586213707 -0.7157597393477892 END 
START 6.279658119658119 5.973333333333334 -1.7422222222222221 2.8717677347002764 0.663387075493073 -0.6808446301113117 END 
START 6.164786324786324 3.695042735042735 -1.7805128205128204 2.6011756381175757 0.43643886545596905 -0.8554201762936994 END 
START 6.145641025641026 0.8806837606837606 -1.6847863247863248 2.321854764225755 0.3142359831282977 -0.8554201762936994 END 
