START -2.3548717948717948 -1.6273504273504273 -3.5418803418803417 0.16584676887326824 -0.8816065082210575 -0.733217293966028 END 
START -3.0441025641025643 -2.776068376068376 -3.024957264957265 -0.20076187810974577 -0.5586417477836404 -0.7768611805116249 END 
START -3.7524786324786326 -2.9483760683760685 -2.8335042735042735 -0.5237266385471628 -0.11347410501855196 -0.8641489536028187 END 
START -4.556581196581196 -2.8526495726495726 -2.756923076923077 -0.8554201762936994 0.17457554618238763 -1.1521986048037582 END 
START -5.705299145299145 -2.4505982905982906 -2.105982905982906 -1.0910971636399227 0.296778428510059 -1.5973662475688468 END 
START -6.490256410256411 -2.3548717948717948 -0.5743589743589743 -1.4053331467682204 0.44516764276508847 -1.8854158987697864 END 
START -7.256068376068376 -2.1442735042735044 0.7849572649572649 -1.8417720122241894 0.8728777309119381 -1.5886374702597275 END 
START -8.596239316239316 -0.8423931623931624 1.435897435897436 -2.3393123188439944 1.5013496971685336 -1.1609273821128776 END 
START -9.476923076923077 1.1295726495726495 2.776068376068376 -2.705920965827008 2.217109436516323 -0.9514367266940126 END 
START -9.744957264957264 3.2547008547008547 4.48 -2.932869175864112 2.915411621245873 -0.9339791720757737 END 
START -5.513846153846154 7.045470085470085 6.834871794871795 -3.4216807051747975 4.608794419215033 0.16584676887326824 END 
START -2.5654700854700856 9.993846153846153 7.3135042735042735 -3.5613411421207077 5.193622498926032 1.0212669451669676 END 
START 3.292991452991453 15.967179487179488 7.141196581196581 -3.6486289152119014 5.822094465182627 1.213300045967594 END 
START 10.702222222222222 22.4 5.322393162393162 -3.456595814411275 5.586417477836404 -0.1309316596367907 END 
START 14.531282051282052 25.34837606837607 4.03965811965812 -2.7495648523726053 4.37311743186881 -1.8417720122241894 END 
START 15.143931623931623 26.018461538461537 4.154529914529914 -2.0687202222612933 3.4740533690295137 -1.9639748945518607 END 
START 15.603418803418803 26.8417094017094 4.633162393162393 -1.510078474477653 3.0026993943370672 -1.1085547182581614 END 
START 17.805128205128206 29.024273504273506 4.805470085470086 -1.0212669451669676 2.9241403985549925 0.08728777309119382 END 
START 19.930256410256412 31.436581196581198 4.001367521367522 -0.4277100881468497 2.7146497431361274 0.8379626216754605 END 
START 20.523760683760685 32.62358974358975 3.1398290598290597 0.3578798696738946 2.2083806592072035 1.1434698274946389 END 
START 20.006837606837607 32.010940170940174 2.5463247863247864 1.2918590417496685 1.536264806405011 1.1609273821128776 END 
START 18.207179487179488 29.522051282051283 2.5846153846153848 2.0687202222612933 0.9514367266940126 1.2482151552040714 END 
START 13.593162393162393 25.15692307692308 3.5035897435897434 3.2907490455380066 0.20949065541886513 1.7457554618238762 END 
START 10.98940170940171 22.036239316239318 4.173675213675214 3.770831797539573 -0.12220288232767133 1.4315194786955785 END 
START 8.71111111111111 17.728547008547007 4.92034188034188 4.128711667213468 -0.3578798696738946 1.1434698274946389 END 
START 6.9688888888888885 13.516581196581196 5.475555555555555 4.303287213395855 -0.5062690839289241 1.1609273821128776 END 
START 5.896752136752137 9.84068376068376 5.398974358974359 4.277100881468497 -0.663387075493073 1.2045712686584746 END 
START 4.92034188034188 6.585982905982906 5.418119658119658 4.163626776449945 -0.84669139898458 1.1085547182581614 END 
START 3.963076923076923 3.9247863247863246 5.303247863247863 3.875577125249005 -0.8990640628392963 0.9339791720757737 END 
START 3.5035897435897434 1.7613675213675213 4.5374358974358975 3.570069919429827 -0.9077928401484157 0.7244885166569086 END 
START 3.6376068376068376 -0.4594871794871795 3.9056410256410254 3.2383763816832905 -0.8990640628392963 0.7070309620386699 END 
START 3.675897435897436 -2.220854700854701 3.063247863247863 2.7408360750634855 -0.9427079493848932 0.9427079493848932 END 
START 3.3504273504273505 -3.2355555555555555 2.4123076923076923 2.356769873462233 -1.029995722476087 1.1172834955672808 END 
START 2.622905982905983 -4.728888888888889 2.105982905982906 1.510078474477653 -1.0649108317125644 0.6983021847295505 END 
START 2.68034188034188 -5.705299145299145 1.7230769230769232 1.0649108317125644 -0.9601655040031319 0.45389642007420783 END 
START 2.871794871794872 -6.432820512820513 1.187008547008547 0.5848280797109986 -0.8990640628392963 0.34042231505565584 END 
START 2.91008547008547 -6.988034188034188 0.6126495726495726 0.12220288232767133 -0.8379626216754605 0.3229647604374171 END 
START 2.91008547008547 -7.217777777777778 0.19145299145299144 -0.30550720581917834 -0.8292338443663412 0.3229647604374171 END 
START 2.795213675213675 -7.045470085470085 0.15316239316239316 -0.7244885166569086 -0.8292338443663412 0.30550720581917834 END 
START 2.6420512820512823 -6.624273504273504 0.28717948717948716 -1.2045712686584746 -0.7768611805116249 0.10474532770943257 END 
START 2.7186324786324785 -6.375384615384616 0.47863247863247865 -1.7282979072056375 -0.7157597393477892 -0.10474532770943257 END 
START 2.661196581196581 -5.915897435897436 0.8232478632478633 -2.217109436516323 -0.6284719662565954 -0.1483892142550295 END 
START 2.661196581196581 -5.111794871794872 1.2444444444444445 -2.662277079281411 -0.5760993024018791 -0.07855899578207443 END 
START 2.776068376068376 -4.058803418803419 1.6847863247863248 -3.0550720581917834 -0.5848280797109986 0 END 
START 2.8335042735042735 -2.9292307692307693 2.393162393162393 -3.456595814411275 -0.6110144116383567 0.017457554618238762 END 
START 2.488888888888889 -0.3254700854700855 4.1928205128205125 -4.477862759578243 -0.619743188947476 0.008728777309119381 END 
START 2.488888888888889 1.6656410256410257 4.977777777777778 -5.036504507361883 -0.5760993024018791 0.06110144116383567 END 
START 2.8143589743589743 4.575726495726496 5.762735042735042 -5.560231145909046 -0.5673705250927598 0.1483892142550295 END 
START 3.024957264957265 9.687521367521368 7.4858119658119655 -5.961754902128537 -0.663387075493073 0.17457554618238763 END 
START 2.795213675213675 16.560683760683762 8.921709401709402 -6.1887031121656415 -0.6110144116383567 -0.11347410501855196 END 
START 2.661196581196581 22.80205128205128 9.438632478632478 -5.93556857020118 -0.5062690839289241 -0.5411841931654017 END 
START 1.9528205128205127 27.014017094017095 8.9408547008547 -5.193622498926032 -0.44516764276508847 -0.9688942813122513 END 
START 1.3976068376068376 28.583931623931623 7.8304273504273505 -4.312015990704975 -0.39279497891037213 -1.2918590417496685 END 
START 1.6656410256410257 28.488205128205127 6.069059829059829 -3.4391382597930362 -0.3142359831282977 -1.3704180375317427 END 
START 2.6420512820512823 27.205470085470086 4.231111111111111 -2.583718083499337 -0.2356769873462233 -1.2220288232767134 END 
START 3.790769230769231 25.482393162393162 2.986666666666667 -1.806856902987712 -0.20076187810974577 -0.8903352855301769 END 
START 1.8570940170940171 25.78871794871795 4.269401709401709 -0.6721158528021923 -0.3229647604374171 -1.3093165963679072 END 
START 3.6376068376068376 24.142222222222223 2.5846153846153848 0.19203310080062638 0.052372663854716284 -0.5324554158562822 END 
START 4.614017094017094 22.131965811965813 1.6847863247863248 0.8292338443663412 -0.04364388654559691 -0.5411841931654017 END 
START 4.173675213675214 18.80068376068376 -0.28717948717948716 0.296778428510059 -0.22694821003710391 -0.5586417477836404 END 