START 1.6082051282051282 4.269401709401709 -6.375384615384616 -0.3753374242921334 0.052372663854716284 1.0910971636399227 END 
START 1.2252991452991453 4.862905982905983 -7.141196581196581 -0.593556857020118 -0.017457554618238762 0.7594036258933862 END 
START 1.3210256410256411 4.901196581196581 -6.356239316239316 -0.49754030661980475 -0.07855899578207443 0.6022856343292373 END 
START 1.0338461538461539 5.322393162393162 -5.877606837606837 -0.4102525335286109 0.052372663854716284 0.5586417477836404 END 
START 0.36376068376068377 5.743589743589744 -5.647863247863248 -0.3578798696738946 0.20949065541886513 0.3229647604374171 END 
START -0.4211965811965812 5.915897435897436 -5.475555555555555 -0.296778428510059 0.3142359831282977 -0.052372663854716284 END 
START -1.052991452991453 5.59042735042735 -5.130940170940171 -0.21821943272798452 0.41898131083773027 -0.30550720581917834 END 
START -1.589059829059829 5.207521367521368 -4.748034188034188 -0.09601655040031319 0.5848280797109986 -0.3578798696738946 END 
START -2.374017094017094 4.901196581196581 -4.173675213675214 -0.07855899578207443 0.8117762897481025 -0.4277100881468497 END 
START -3.024957264957265 4.345982905982906 -3.5993162393162392 -0.1396604369459101 1.1609273821128776 -0.5237266385471628 END 
START -3.1206837606837605 3.7333333333333334 -3.2547008547008547 -0.22694821003710391 1.5886374702597275 -0.5237266385471628 END 
START -2.603760683760684 3.197264957264957 -3.561025641025641 -0.16584676887326824 1.9203310080062639 -0.40152375621949155 END 
START -2.105982905982906 2.91008547008547 -3.1398290598290597 -0.1483892142550295 2.217109436516323 -0.183304323491507 END 
START -1.1104273504273505 3.3312820512820513 -2.24 -0.48008275200156597 2.705920965827008 -0.2356769873462233 END 
START -0.650940170940171 3.7524786324786326 -1.8953846153846154 -0.7070309620386699 2.8979540666276344 -0.5237266385471628 END 
START -0.4211965811965812 3.7716239316239317 -1.8762393162393163 -0.8554201762936994 2.993970617027948 -0.7244885166569086 END 
START 0.019145299145299145 4.135384615384615 -1.3976068376068376 -0.9339791720757737 3.1685461632103356 -0.6284719662565954 END 
START 0.9955555555555555 5.37982905982906 -0.4594871794871795 -1.0125381678578482 3.3954943732474394 -0.6284719662565954 END 
START 2.5463247863247864 6.796581196581196 -0.057435897435897436 -1.2045712686584746 3.5002397009568718 -1.029995722476087 END 
START 3.695042735042735 7.447521367521367 -0.07658119658119658 -1.4140619240773398 3.430409482483917 -1.466434587932056 END 
START 4.211965811965812 7.964444444444444 -0.07658119658119658 -1.510078474477653 3.456595814411275 -1.579908692950608 END 
START 5.207521367521368 8.998290598290598 0.3063247863247863 -1.4926209198594143 3.482782146338633 -1.4751633652411755 END 
START 7.409230769230769 10.281025641025641 0.7466666666666667 -1.5013496971685336 3.596256251357185 -1.2831302644405491 END 
START 9.783247863247864 11.697777777777778 0.6892307692307692 -1.4751633652411755 3.4915109236477524 -1.1521986048037582 END 
START 10.778803418803419 13.152820512820513 0.650940170940171 -1.3791468148408623 3.0638008355009028 -1.4227907013864591 END 
START 12.406153846153845 13.382564102564103 1.2061538461538461 -1.2918590417496685 2.4178713146260686 -1.8417720122241894 END 
START 13.918632478632478 13.631452991452992 1.8188034188034188 -1.2045712686584746 2.269482100371039 -1.4053331467682204 END 
START 15.507692307692308 14.703589743589744 1.7996581196581196 -1.073639609021684 2.129821663425129 -1.0212669451669676 END 
START 16.84786324786325 15.297094017094016 1.4167521367521367 -0.8990640628392963 1.7457554618238762 -1.0212669451669676 END 
START 17.594529914529915 14.646153846153846 1.2252991452991453 -0.6808446301113117 1.2220288232767134 -0.9950806132396095 END 
START 18.302905982905983 13.746324786324786 1.2444444444444445 -0.43643886545596905 0.8379626216754605 -0.6110144116383567 END 
START 19.126153846153848 13.057094017094018 1.3593162393162392 -0.25313454196446206 0.549912970474521 -0.12220288232767133 END 
START 19.643076923076922 12.214700854700855 1.1678632478632478 -0.07855899578207443 0.2356769873462233 0.28804965120093956 END 
START 19.31760683760684 11.372307692307693 0.918974358974359 0.026186331927358142 -0.25313454196446206 0.4626251973833272 END 
START 18.14974358974359 10.453333333333333 0.7849572649572649 0.04364388654559691 -0.8990640628392963 0.3229647604374171 END 
START 16.752136752136753 9.247179487179487 1.1104273504273505 0.026186331927358142 -1.5188072517867723 0.12220288232767133 END 
START 13.4208547008547 7.792136752136752 2.259145299145299 -0.1396604369459101 -2.295668432298397 0.1396604369459101 END 
START 11.831794871794871 7.4858119658119655 2.622905982905983 -0.24440576465534267 -2.6186331927358144 0.15711799156414885 END 
START 10.281025641025641 7.294358974358975 3.197264957264957 -0.34915109236477526 -2.8717677347002764 0.06983021847295505 END 
START 8.902564102564103 7.3135042735042735 3.5418803418803417 -0.48008275200156597 -3.0376145035735447 -0.06983021847295505 END 
START 7.811282051282051 7.39008547008547 3.7716239316239317 -0.6022856343292373 -3.1336310539738577 -0.25313454196446206 END 
START 6.892307692307693 7.332649572649573 3.80991452991453 -0.6721158528021923 -3.2121900497559324 -0.366608646983014 END 
START 5.992478632478632 7.1986324786324785 3.7716239316239317 -0.6808446301113117 -3.255833936301529 -0.366608646983014 END 
START 5.092649572649573 7.1986324786324785 3.7524786324786326 -0.663387075493073 -3.3082066001562453 -0.3316935377465365 END 
START 4.116239316239316 7.3709401709401705 3.7333333333333334 -0.663387075493073 -3.325664154774484 -0.43643886545596905 END 
START 3.5418803418803417 7.3135042735042735 3.58017094017094 -0.6983021847295505 -3.24710515899241 -0.5586417477836404 END 
START 3.2164102564102564 7.256068376068376 3.197264957264957 -0.7244885166569086 -3.142359831282977 -0.5673705250927598 END 
START 2.661196581196581 7.007179487179487 2.9675213675213676 -0.733217293966028 -3.1249022766647383 -0.5237266385471628 END 
START 0.9381196581196581 6.892307692307693 2.259145299145299 -0.8641489536028187 -3.116173499355619 -0.5237266385471628 END 
START 0.15316239316239316 6.815726495726496 2.01025641025641 -0.9601655040031319 -3.0288857262644253 -0.5062690839289241 END 
START -0.6892307692307692 7.007179487179487 1.8762393162393163 -1.029995722476087 -2.8543101800820376 -0.39279497891037213 END 
START -1.4741880341880342 7.236923076923077 1.6847863247863248 -1.1347410501855195 -2.662277079281411 -0.3229647604374171 END 
START -2.3357264957264956 7.4858119658119655 1.2827350427350428 -1.2220288232767134 -2.470243978480785 -0.25313454196446206 END 
START -2.890940170940171 8.098461538461539 0.8423931623931624 -1.2569439325131908 -2.1909231045889648 -0.1483892142550295 END 
START -3.197264957264957 9.20888888888889 0.49777777777777776 -1.2918590417496685 -1.8766871214606669 -0.07855899578207443 END 
START -3.158974358974359 10.242735042735042 -0.07658119658119658 -1.2918590417496685 -1.579908692950608 -0.1309316596367907 END 
START -3.3312820512820513 11.2191452991453 -0.7849572649572649 -1.2831302644405491 -1.4053331467682204 -0.34915109236477526 END 
START -3.407863247863248 11.946666666666667 -1.5507692307692307 -1.2307576005858327 -1.2744014871314298 -0.6284719662565954 END 
START -3.5035897435897434 13.286837606837606 -2.622905982905983 -0.9601655040031319 -0.7943187351298637 -0.5411841931654017 END 
START -3.6376068376068376 14.741880341880341 -3.7141880341880342 -0.6808446301113117 -0.3316935377465365 -0.5673705250927598 END 
START -3.158974358974359 15.354529914529914 -4.097094017094017 -0.593556857020118 -0.09601655040031319 -0.6284719662565954 END 
START -2.795213675213675 16.311794871794874 -4.556581196581196 -0.41898131083773027 0.08728777309119382 -0.6895734074204312 END 
START -2.4123076923076923 17.192478632478633 -4.614017094017094 -0.17457554618238763 0.19203310080062638 -0.7855899578207443 END 
START -2.0294017094017094 17.47965811965812 -4.575726495726496 0.12220288232767133 0.30550720581917834 -0.7244885166569086 END 
START -1.703931623931624 17.47965811965812 -4.48 0.44516764276508847 0.43643886545596905 -0.48008275200156597 END 
START -1.6273504273504273 17.69025641025641 -4.460854700854701 0.733217293966028 0.5673705250927598 -0.24440576465534267 END 
START -1.6082051282051282 17.862564102564104 -4.154529914529914 0.9688942813122513 0.663387075493073 -0.3578798696738946 END 
START -1.5699145299145298 17.49880341880342 -3.8482051282051284 1.1696561594219972 0.7594036258933862 -0.48008275200156597 END 
START -1.5699145299145298 17.173333333333332 -3.561025641025641 1.4140619240773398 0.84669139898458 -0.49754030661980475 END 
START -1.3976068376068376 16.752136752136753 -3.197264957264957 1.6410101341144436 0.9688942813122513 -0.4713539746924466 END 
START -0.22974358974358974 15.68 -2.756923076923077 2.016347558406577 1.2220288232767134 -0.20949065541886513 END 
START 0.24888888888888888 15.373675213675213 -2.5271794871794873 2.1385504407342486 1.3093165963679072 -0.1396604369459101 END 
START 0.5935042735042735 15.00991452991453 -2.220854700854701 2.2345669911345616 1.3442317056043847 -0.22694821003710391 END 
START 1.0338461538461539 14.473846153846154 -2.0294017094017094 2.3043972096075165 1.352960482913504 -0.3578798696738946 END 
START 1.7613675213675213 13.708034188034189 -2.01025641025641 2.40041376000783 1.3704180375317427 -0.34915109236477526 END 
START 2.622905982905983 12.674188034188035 -1.8570940170940171 2.54007419695374 1.4140619240773398 0.008728777309119381 END 
START 3.3312820512820513 12.157264957264957 -1.837948717948718 2.662277079281411 1.4489770333138172 0.48008275200156597 END 
START 4.02051282051282 11.831794871794871 -1.7613675213675213 2.7582936296817246 1.3704180375317427 0.6721158528021923 END 
START 4.518290598290598 11.42974358974359 -1.6847863247863248 2.7844799616090827 1.2220288232767134 0.5237266385471628 END 
START 4.958632478632478 10.472478632478632 -1.7230769230769232 2.7757511842999634 1.0649108317125644 0.2356769873462233 END 
START 5.2841025641025645 9.20888888888889 -1.7230769230769232 2.7844799616090827 0.916521617457535 0.15711799156414885 END 
START 5.494700854700855 8.117606837606838 -1.703931623931624 2.7844799616090827 0.7943187351298637 0.296778428510059 END 
START 5.437264957264957 6.643418803418803 -1.9145299145299146 2.7844799616090827 0.5237266385471628 0.41898131083773027 END 
START 5.207521367521368 5.705299145299145 -1.9336752136752138 2.6448195246631725 0.3229647604374171 0.1309316596367907 END 
START 5.0543589743589745 4.345982905982906 -2.125128205128205 2.5138878650263816 0.17457554618238763 -0.11347410501855196 END 
START 4.958632478632478 3.005811965811966 -2.3357264957264956 2.374227428080472 0.11347410501855196 -0.026186331927358142 END 
START 4.6523076923076925 2.0294017094017094 -2.3548717948717948 2.129821663425129 0.15711799156414885 0.22694821003710391 END 
START 4.48 1.5124786324786326 -3.005811965811966 1.9988900037883384 0.183304323491507 0.40152375621949155 END 
START 4.48 1.2252991452991453 -3.292991452991453 1.8505007895333088 0.08728777309119382 0.25313454196446206 END 
