START 0.09572649572649572 9.266324786324786 -3.561025641025641 -0.34042231505565584 -0.5324554158562822 0.34915109236477526 END 
START -0.19145299145299144 9.457777777777778 -3.3695726495726497 -0.366608646983014 -0.3142359831282977 0.3316935377465365 END 
START -0.36376068376068377 9.457777777777778 -3.3695726495726497 -0.40152375621949155 -0.183304323491507 0.2793208738918202 END 
START -0.8423931623931624 9.687521367521368 -3.427008547008547 -0.366608646983014 -0.12220288232767133 0.296778428510059 END 
START -1.435897435897436 10.108717948717949 -3.2547008547008547 -0.296778428510059 -0.09601655040031319 0.3142359831282977 END 
START -1.991111111111111 10.587350427350428 -2.9675213675213676 -0.20949065541886513 0 0.25313454196446206 END 
START -2.488888888888889 11.487179487179487 -2.795213675213675 -0.183304323491507 0.183304323491507 0.052372663854716284 END 
START -2.8335042735042735 11.525470085470085 -2.776068376068376 -0.11347410501855196 0.41898131083773027 -0.24440576465534267 END 
START -3.273846153846154 11.027692307692307 -2.8526495726495726 -0.04364388654559691 0.5848280797109986 -0.4102525335286109 END 
START -3.6184615384615384 10.606495726495726 -2.756923076923077 0 0.6983021847295505 -0.296778428510059 END 
START -3.9439316239316238 10.970256410256411 -2.5463247863247864 0.04364388654559691 0.8816065082210575 -0.1309316596367907 END 
START -3.8864957264957263 11.448888888888888 -2.374017094017094 0.04364388654559691 1.1696561594219972 -0.12220288232767133 END 
START -3.082393162393162 11.736068376068376 -2.4123076923076923 0.21821943272798452 1.4926209198594143 -0.4626251973833272 END 
START -2.603760683760684 10.95111111111111 -2.1634188034188035 0.3142359831282977 1.623552579496205 -0.49754030661980475 END 
START -2.220854700854701 10.357606837606838 -2.125128205128205 0.40152375621949155 1.7108403525873987 -0.3316935377465365 END 
START -1.4167521367521367 10.415042735042736 -2.0294017094017094 0.39279497891037213 1.8592295668424281 -0.24440576465534267 END 
START -0.22974358974358974 11.2191452991453 -2.105982905982906 0.34915109236477526 1.9988900037883384 -0.41898131083773027 END 
START 0.67008547008547 11.353162393162393 -1.991111111111111 0.34915109236477526 1.9814324491700996 -0.9601655040031319 END 
START 1.5316239316239315 10.338461538461539 -1.837948717948718 0.3316935377465365 1.946517339933622 -1.326774150986146 END 
START 2.374017094017094 8.9791452991453 -2.24 0.38406620160125277 1.9203310080062639 -1.2045712686584746 END 
START 3.3695726495726497 7.562393162393162 -2.1442735042735044 0.41898131083773027 1.8592295668424281 -0.593556857020118 END 
START 4.48 8.883418803418804 -1.8953846153846154 0.2618633192735814 1.9028734533880252 -0.27059209658270084 END 
START 6.04991452991453 9.438632478632478 -1.991111111111111 0.06983021847295505 1.83304323491507 -0.7070309620386699 END 
START 7.064615384615385 8.806837606837608 -2.4697435897435898 0.026186331927358142 1.6410101341144436 -0.8728777309119381 END 
START 7.581538461538462 7.811282051282051 -2.508034188034188 0 1.1609273821128776 -0.549912970474521 END 
START 7.409230769230769 7.734700854700855 -2.2974358974358973 -0.026186331927358142 0.9077928401484157 -0.43643886545596905 END 
START 7.141196581196581 7.734700854700855 -2.0676923076923077 -0.10474532770943257 0.7157597393477892 -0.45389642007420783 END 
START 6.643418803418803 7.504957264957265 -1.9145299145299146 -0.20949065541886513 0.5586417477836404 -0.5149978612380435 END 
START 6.030769230769231 7.007179487179487 -1.8188034188034188 -0.28804965120093956 0.39279497891037213 -0.5673705250927598 END 
START 5.130940170940171 6.585982905982906 -1.6656410256410257 -0.3316935377465365 0.22694821003710391 -0.5324554158562822 END 
START 4.001367521367522 6.145641025641026 -1.3210256410256411 -0.38406620160125277 0.08728777309119382 -0.48008275200156597 END 
START 3.1015384615384614 5.82017094017094 -0.8423931623931624 -0.4277100881468497 -0.017457554618238762 -0.40152375621949155 END 
START 2.125128205128205 5.571282051282052 -0.36376068376068377 -0.6459295208748342 -0.017457554618238762 -0.38406620160125277 END 
START 1.3976068376068376 5.322393162393162 -0.22974358974358974 -0.8990640628392963 0.017457554618238762 -0.5062690839289241 END 
START 0.67008547008547 4.843760683760684 -0.4211965811965812 -1.029995722476087 -0.034915109236477525 -0.5586417477836404 END 
START -0.24888888888888888 5.111794871794872 0.3063247863247863 -1.2482151552040714 0.052372663854716284 -0.1309316596367907 END 
START -0.7849572649572649 5.207521367521368 0.8041025641025641 -1.4315194786955785 0.06983021847295505 -0.1483892142550295 END 
START -1.1678632478632478 5.322393162393162 1.0147008547008547 -1.7108403525873987 0.15711799156414885 -0.19203310080062638 END 
START -1.1487179487179486 6.298803418803419 0.8806837606837606 -1.990161226479219 0.34915109236477526 -0.11347410501855196 END 
START -0.5360683760683761 7.811282051282051 0.67008547008547 -2.1821943272798454 0.5237266385471628 -0.026186331927358142 END 
START 0.1723076923076923 9.017435897435897 0.8041025641025641 -2.2782108776801584 0.4713539746924466 0 END 
START 0.5169230769230769 10.587350427350428 0.7083760683760684 -2.321854764225755 0.3316935377465365 -0.04364388654559691 END 
START 0.918974358974359 12.09982905982906 0.7849572649572649 -2.3480410961531137 0.20076187810974577 -0.15711799156414885 END 
START 1.3210256410256411 13.956923076923077 1.1104273504273505 -2.3480410961531137 0.1309316596367907 -0.27059209658270084 END 
START 1.6273504273504273 15.699145299145298 1.435897435897436 -2.3654986507713525 0.11347410501855196 -0.4277100881468497 END 
START 2.01025641025641 17.135042735042735 1.8188034188034188 -2.1560079953524873 0.04364388654559691 -0.49754030661980475 END 
START 2.393162393162393 18.283760683760683 2.24 -1.8155856802968313 -0.017457554618238762 -0.4277100881468497 END 
START 3.2355555555555555 19.126153846153848 3.158974358974359 -0.9601655040031319 -0.008728777309119381 -0.21821943272798452 END 
START 3.695042735042735 19.011282051282052 2.91008547008547 -0.7157597393477892 0.04364388654559691 -0.09601655040031319 END 
START 4.1928205128205125 18.188034188034187 2.68034188034188 -0.40152375621949155 0.052372663854716284 -0.24440576465534267 END 
START 4.671452991452991 16.943589743589744 2.259145299145299 -0.2356769873462233 0.008728777309119381 -0.3142359831282977 END 
START 5.111794871794872 15.756581196581196 2.01025641025641 0.008728777309119381 -0.06110144116383567 -0.2356769873462233 END 
START 5.264957264957265 14.837606837606838 1.8570940170940171 0.27059209658270084 -0.24440576465534267 -0.1309316596367907 END 
START 5.016068376068376 13.88034188034188 2.1634188034188035 0.41898131083773027 -0.4713539746924466 -0.21821943272798452 END 
START 4.345982905982906 12.616752136752137 2.393162393162393 0.40152375621949155 -0.6895734074204312 -0.3229647604374171 END 
START 3.675897435897436 11.487179487179487 2.756923076923077 0.3753374242921334 -0.8379626216754605 -0.41898131083773027 END 
START 3.1015384615384614 10.625641025641025 3.063247863247863 0.3753374242921334 -0.8554201762936994 -0.3229647604374171 END 
START 2.776068376068376 10.127863247863248 3.1206837606837605 0.4102525335286109 -0.8641489536028187 -0.15711799156414885 END 
START 2.508034188034188 9.40034188034188 2.890940170940171 0.6284719662565954 -1.029995722476087 0.08728777309119382 END 
START 2.3357264957264956 8.615384615384615 2.5271794871794873 0.6022856343292373 -1.1521986048037582 0.1309316596367907 END 
START 1.9719658119658119 8.194188034188034 2.1825641025641027 0.4713539746924466 -1.2656727098223102 0.1309316596367907 END 
START 1.7422222222222221 7.9452991452991455 2.220854700854701 0.3142359831282977 -1.3616892602226234 0.1396604369459101 END 
START 1.6273504273504273 7.9452991452991455 2.1634188034188035 0.2618633192735814 -1.4315194786955785 0.21821943272798452 END 
START 1.4741880341880342 8.117606837606838 2.0485470085470086 0.12220288232767133 -1.5711799156414885 0.39279497891037213 END 
START 0.9955555555555555 8.423931623931624 2.0294017094017094 -0.052372663854716284 -1.7544842391329956 0.4102525335286109 END 
START 0.5169230769230769 8.596239316239316 2.125128205128205 -0.183304323491507 -1.7893993483694732 0.30550720581917834 END 
START 0.07658119658119658 8.825982905982906 2.0294017094017094 -0.3229647604374171 -1.7719417937512343 0.27059209658270084 END 
START -0.3829059829059829 9.323760683760684 1.9336752136752138 -0.4277100881468497 -1.7806705710603539 0.3316935377465365 END 
START -0.8998290598290598 9.85982905982906 1.837948717948718 -0.44516764276508847 -1.8854158987697864 0.3753374242921334 END 
START -1.5507692307692307 10.357606837606838 1.8762393162393163 -0.4626251973833272 -1.9814324491700996 0.44516764276508847 END 
START -3.388717948717949 12.09982905982906 2.0676923076923077 -0.5586417477836404 -1.8155856802968313 0.2618633192735814 END 
START -3.9439316239316238 12.808205128205127 1.9145299145299146 -0.6110144116383567 -1.6148238021870855 -0.017457554618238762 END 
START -3.9439316239316238 13.4208547008547 1.6273504273504273 -0.48008275200156597 -1.396604369459101 -0.026186331927358142 END 
START -4.135384615384615 14.205811965811966 1.4167521367521367 -0.3229647604374171 -1.213300045967594 -0.008728777309119381 END 
START -4.173675213675214 15.048205128205128 1.2061538461538461 -0.21821943272798452 -0.9950806132396095 -0.16584676887326824 END 
START -3.790769230769231 15.699145299145298 0.8806837606837606 -0.1396604369459101 -0.7244885166569086 -0.296778428510059 END 
START -3.158974358974359 16.503247863247864 0.4594871794871795 0.034915109236477525 -0.48881152931068533 -0.34042231505565584 END 
START -2.259145299145299 16.924444444444443 0.15316239316239316 0.27059209658270084 -0.3316935377465365 -0.3229647604374171 END 
START -1.4741880341880342 17.24991452991453 0.07658119658119658 0.5411841931654017 -0.17457554618238763 -0.10474532770943257 END 
START -0.5169230769230769 17.843418803418803 -0.019145299145299145 0.7419460712751474 -0.06983021847295505 -0.12220288232767133 END 
START 0.3829059829059829 17.92 0 1.0212669451669676 -0.026186331927358142 -0.1309316596367907 END 
START 0.7275213675213675 17.49880341880342 0.09572649572649572 1.352960482913504 -0.017457554618238762 -0.1396604369459101 END 
START 1.1487179487179486 15.699145299145298 0.8615384615384616 1.8155856802968313 0.008728777309119381 0.07855899578207443 END 
START 1.2827350427350428 15.392820512820514 0.9572649572649573 1.8854158987697864 0.026186331927358142 0.1309316596367907 END 
START 1.4741880341880342 15.105641025641026 0.8232478632478633 1.97270367186098 0.008728777309119381 -0.07855899578207443 END 
START 1.6847863247863248 14.09094017094017 0.8232478632478633 2.0774489995704126 -0.04364388654559691 -0.19203310080062638 END 
START 1.5316239316239315 13.363418803418803 0.8232478632478633 2.217109436516323 -0.07855899578207443 -0.10474532770943257 END 
START 1.3593162393162392 12.635897435897435 0.8232478632478633 2.2782108776801584 -0.08728777309119382 -0.11347410501855196 END 
START 1.2444444444444445 12.023247863247864 0.8423931623931624 2.295668432298397 -0.06983021847295505 -0.04364388654559691 END 
START 0.9381196581196581 11.544615384615385 0.8041025641025641 2.2869396549892778 -0.06110144116383567 -0.07855899578207443 END 
START 0.7466666666666667 10.931965811965812 0.6892307692307692 2.2782108776801584 -0.052372663854716284 -0.183304323491507 END 
START 0.7466666666666667 10.147008547008546 0.4211965811965812 2.2869396549892778 -0.017457554618238762 -0.16584676887326824 END 
START 0.5169230769230769 9.228034188034188 0.24888888888888888 2.3393123188439944 -0.034915109236477525 -0.10474532770943257 END 
START 0.13401709401709402 7.064615384615385 0.15316239316239316 2.1909231045889648 0.052372663854716284 -0.2356769873462233 END 
START 0.13401709401709402 5.667008547008547 -0.13401709401709402 2.0512626676430545 0.10474532770943257 -0.38406620160125277 END 
START 0.13401709401709402 3.963076923076923 -0.5552136752136753 1.8417720122241894 0.12220288232767133 -0.5411841931654017 END 
START 0.3446153846153846 2.393162393162393 -0.9381196581196581 1.6060950248779662 0.1483892142550295 -0.44516764276508847 END 
START 0.5935042735042735 1.2444444444444445 -1.5124786324786326 1.3180453736770266 0.21821943272798452 -0.17457554618238763 END 
START 1.0338461538461539 0.6317948717948718 -2.1634188034188035 1.0038093905487289 0.24440576465534267 0.017457554618238762 END 
START 1.2827350427350428 0.1723076923076923 -2.508034188034188 0.6372007435657149 0.21821943272798452 0.07855899578207443 END 
START 1.1678632478632478 0.36376068376068377 -2.871794871794872 0.2618633192735814 0.20949065541886513 0.19203310080062638 END 
