START 0.19145299145299144 4.173675213675214 -6.432820512820513 0.2793208738918202 0 -1.0212669451669676 END 
START -0.07658119658119658 3.3695726495726497 -5.667008547008547 0.40152375621949155 -0.1396604369459101 -0.549912970474521 END 
START -0.9955555555555555 2.8335042735042735 -5.303247863247863 0.3316935377465365 0 -0.10474532770943257 END 
START -1.8953846153846154 3.197264957264957 -4.8820512820512825 0.17457554618238763 0.17457554618238763 -0.07855899578207443 END 
START -2.5846153846153848 3.4461538461538463 -4.518290598290598 -0.04364388654559691 0.17457554618238763 -0.49754030661980475 END 
START -3.1015384615384614 3.2355555555555555 -3.6184615384615384 -0.15711799156414885 0.12220288232767133 -0.8816065082210575 END 
START -5.398974358974359 2.8526495726495726 -1.4933333333333334 -0.28804965120093956 0.5149978612380435 -1.1609273821128776 END 
START -6.164786324786324 2.220854700854701 -1.1104273504273505 -0.5848280797109986 0.8816065082210575 -1.2656727098223102 END 
START -6.164786324786324 1.6847863247863248 -0.7658119658119658 -0.7943187351298637 1.4751633652411755 -1.1434698274946389 END 
START -5.743589743589744 1.589059829059829 -0.47863247863247865 -1.056182054403445 1.946517339933622 -0.98635183593049 END 
START -5.092649572649573 1.6082051282051282 0.09572649572649572 -1.2831302644405491 2.3393123188439944 -0.7244885166569086 END 
START -3.8673504273504276 2.5654700854700856 1.1295726495726495 -1.8941446760789058 3.177274940519455 -0.40152375621949155 END 
START -3.3504273504273505 3.58017094017094 1.3784615384615384 -2.2869396549892778 3.52642603288423 -0.34915109236477526 END 
START -1.8570940170940171 5.781880341880342 0.9955555555555555 -2.6971921885178887 3.893034679867244 -0.48008275200156597 END 
START 0.4403418803418803 8.28991452991453 0.918974358974359 -3.0114281716461866 4.023966339504034 -0.7681324032025055 END 
START 2.374017094017094 10.75965811965812 0.7849572649572649 -3.116173499355619 3.9541361210310795 -1.029995722476087 END 
START 3.2164102564102564 12.597606837606838 0.6317948717948718 -3.0812583901191415 3.6573576925210207 -1.2918590417496685 END 
START 4.173675213675214 14.856752136752137 0.9381196581196581 -2.9241403985549925 3.3082066001562453 -1.3442317056043847 END 
START 6.451965811965812 17.651965811965812 0.019145299145299145 -2.8804965120093957 3.3780368186292007 -1.1696561594219972 END 
START 9.017435897435897 20.236581196581195 -0.7466666666666667 -2.6186331927358144 3.1685461632103356 -1.2220288232767134 END 
START 10.663931623931624 21.44273504273504 -0.8232478632478633 -2.2520245457528003 2.557531751571979 -1.4577058106229366 END 
START 11.563760683760684 21.825641025641026 -0.8998290598290598 -1.8243144576059507 1.946517339933622 -1.536264806405011 END 
START 12.387008547008547 21.78735042735043 -1.0721367521367522 -1.3442317056043847 1.510078474477653 -1.2307576005858327 END 
START 13.267692307692307 21.50017094017094 -0.9955555555555555 -0.8641489536028187 1.1434698274946389 -0.7419460712751474 END 
START 13.688888888888888 21.385299145299147 -0.8423931623931624 -0.48008275200156597 0.733217293966028 -0.5586417477836404 END 
START 13.918632478632478 20.81094017094017 -0.7275213675213675 -0.2618633192735814 0.2793208738918202 -0.7506748485842668 END 
START 14.11008547008547 19.796239316239316 -0.8041025641025641 0.017457554618238762 -0.16584676887326824 -0.733217293966028 END 
START 13.593162393162393 18.647521367521367 -0.7849572649572649 0.3753374242921334 -0.6284719662565954 -0.5062690839289241 END 
START 12.712478632478632 17.115897435897438 -0.6126495726495726 0.6983021847295505 -1.0910971636399227 -0.21821943272798452 END 
START 11.544615384615385 15.852307692307692 -0.4403418803418803 0.98635183593049 -1.5188072517867723 0.09601655040031319 END 
START 9.993846153846153 15.029059829059829 -0.09572649572649572 1.1260122728764002 -1.9203310080062639 -0.04364388654559691 END 
START 8.825982905982906 13.937777777777777 0.15316239316239316 1.1783849367311166 -2.3393123188439944 -0.4713539746924466 END 
START 7.734700854700855 13.114529914529914 0.5360683760683761 1.3616892602226234 -2.732107297754366 -0.6022856343292373 END 
START 6.451965811965812 12.329572649572649 1.1295726495726495 1.5624511383323691 -3.072529612810022 -0.6372007435657149 END 
START 4.977777777777778 11.314871794871795 1.703931623931624 1.7021115752782794 -3.3082066001562453 -0.6895734074204312 END 
START 3.7524786324786326 10.223589743589743 2.2974358974358973 1.7806705710603539 -3.4915109236477524 -0.663387075493073 END 
START 2.5463247863247864 9.610940170940172 2.488888888888889 1.7981281256785926 -3.6049850286663045 -0.7594036258933862 END 
START 1.703931623931624 8.883418803418804 2.776068376068376 1.7806705710603539 -3.709730356375737 -1.0212669451669676 END 
START 1.1678632478632478 8.098461538461539 2.7186324786324785 1.7195691298965181 -3.709730356375737 -1.0474532770943257 END 
START 0.7658119658119658 7.294358974358975 2.5654700854700856 1.763213016442115 -3.770831797539573 -0.8990640628392963 END 
START 0.03829059829059829 6.088205128205129 2.5654700854700856 1.7893993483694732 -3.8319332387034084 -0.48881152931068533 END 
START -2.776068376068376 4.5374358974358975 2.0676923076923077 1.4053331467682204 -3.8843059025581246 -0.1483892142550295 END 
START -3.7141880341880342 3.5993162393162392 1.7230769230769232 1.0038093905487289 -3.7882893521578116 -0.39279497891037213 END 
START -4.6523076923076925 3.273846153846154 1.3593162393162392 0.619743188947476 -3.6224425832845433 -0.38406620160125277 END 
START -5.571282051282052 3.8864957264957263 0.9381196581196581 0.3142359831282977 -3.456595814411275 -0.2793208738918202 END 
START -6.375384615384616 4.25025641025641 0.47863247863247865 0.09601655040031319 -3.2820202682288873 -0.10474532770943257 END 
START -7.351794871794872 4.7671794871794875 0.09572649572649572 -0.07855899578207443 -3.0812583901191415 0.12220288232767133 END 
START -8.50051282051282 5.513846153846154 -0.28717948717948716 -0.2618633192735814 -2.7844799616090827 0.2356769873462233 END 
START -9.534358974358975 6.317948717948718 -0.918974358974359 -0.5149978612380435 -2.426600091935188 0.25313454196446206 END 
START -10.338461538461539 7.6581196581196584 -1.8953846153846154 -0.6808446301113117 -2.042533890333935 0.20076187810974577 END 
START -11.2191452991453 9.189743589743589 -2.3357264957264956 -0.8379626216754605 -1.7893993483694732 -0.052372663854716284 END 
START -11.716923076923077 10.587350427350428 -3.1015384615384614 -0.8292338443663412 -1.4227907013864591 -0.1309316596367907 END 
START -11.965811965811966 11.774358974358975 -3.4461538461538463 -0.5848280797109986 -1.0038093905487289 0.41898131083773027 END 
START -12.99965811965812 14.741880341880341 -4.211965811965812 -0.20076187810974577 -0.12220288232767133 0.549912970474521 END 
START -12.750769230769231 15.105641025641026 -4.6523076923076925 -0.1483892142550295 0.24440576465534267 0 END 
START -12.042393162393163 15.067350427350428 -5.111794871794872 0 0.6022856343292373 -0.19203310080062638 END 
START -11.295726495726496 14.952478632478632 -5.15008547008547 0.20076187810974577 0.9339791720757737 -0.008728777309119381 END 
START -10.912820512820513 15.029059829059829 -5.092649572649573 0.4713539746924466 1.2918590417496685 0.20076187810974577 END 
START -10.472478632478632 14.856752136752137 -4.8246153846153845 0.6895734074204312 1.5886374702597275 0.25313454196446206 END 
START -9.85982905982906 14.837606837606838 -4.7671794871794875 0.8554201762936994 1.8854158987697864 0.22694821003710391 END 
START -8.96 14.818461538461538 -4.326837606837607 0.9950806132396095 2.147279218043368 0.15711799156414885 END 
START -7.926153846153846 14.818461538461538 -3.80991452991453 1.1609273821128776 2.4091425373169493 0.20949065541886513 END 
START -6.509401709401709 14.761025641025642 -3.6376068376068376 1.3704180375317427 2.6011756381175757 0.366608646983014 END 
START -5.207521367521368 14.627008547008547 -3.5035897435897434 1.5624511383323691 2.705920965827008 0.5149978612380435 END 
START -2.6420512820512823 14.58871794871795 -2.9483760683760685 1.8155856802968313 2.7844799616090827 0.19203310080062638 END 
START -0.7849572649572649 14.11008547008547 -2.776068376068376 1.8679583441515475 2.7582936296817246 -0.052372663854716284 END 
START 0.67008547008547 13.44 -2.91008547008547 2.059991444952174 2.6186331927358144 0.07855899578207443 END 
START 1.2444444444444445 12.942222222222222 -2.68034188034188 2.2782108776801584 2.3654986507713525 0.28804965120093956 END 
START 1.4167521367521367 12.157264957264957 -2.3165811965811964 2.452786423862546 2.1385504407342486 0.39279497891037213 END 
START 1.5507692307692307 11.142564102564103 -1.8953846153846154 2.557531751571979 1.9552461172427413 0.3229647604374171 END 
START 1.6273504273504273 10.012991452991454 -1.3593162393162392 2.583718083499337 1.8155856802968313 0.21821943272798452 END 
START 2.01025641025641 9.074871794871795 -1.0147008547008547 2.5051590877172623 1.7544842391329956 0.06110144116383567 END 
START 2.795213675213675 7.504957264957265 -1.1678632478632478 2.452786423862546 1.623552579496205 -0.08728777309119382 END 
START 3.273846153846154 5.82017094017094 -1.1678632478632478 2.374227428080472 1.3878755921499817 -0.09601655040031319 END 
START 3.388717948717949 4.556581196581196 -1.1295726495726495 2.2782108776801584 1.1958424913493553 -0.07855899578207443 END 
START 3.5035897435897434 3.1015384615384614 -1.0721367521367522 2.1210928861160094 1.0212669451669676 -0.06110144116383567 END 
START 3.695042735042735 0.5169230769230769 -1.5316239316239315 1.7195691298965181 1.0212669451669676 -0.09601655040031319 END 
START 4.02051282051282 -0.6126495726495726 -1.991111111111111 1.5188072517867723 0.9339791720757737 -0.2793208738918202 END 
