START -0.5169230769230769 1.5507692307692307 -3.6567521367521367 -0.296778428510059 0.026186331927358142 0.2356769873462233 END 
START -1.1104273504273505 1.435897435897436 -3.005811965811966 -0.4626251973833272 0.19203310080062638 0.3316935377465365 END 
START -2.01025641025641 1.4933333333333334 -2.776068376068376 -0.619743188947476 0.44516764276508847 0.24440576465534267 END 
START -2.661196581196581 1.435897435897436 -2.8526495726495726 -0.733217293966028 0.6284719662565954 0.04364388654559691 END 
START -2.9675213675213676 1.301880341880342 -2.374017094017094 -0.8292338443663412 0.8117762897481025 -0.008728777309119381 END 
START -3.1015384615384614 2.4314529914529914 -1.301880341880342 -1.0387244997852063 1.3355029282952653 0.026186331927358142 END 
START -3.3312820512820513 2.9675213675213676 -1.3593162393162392 -1.187113714040236 1.5973662475688468 -0.17457554618238763 END 
START -3.407863247863248 3.273846153846154 -1.4167521367521367 -1.2918590417496685 1.7893993483694732 -0.366608646983014 END 
START -3.6184615384615384 3.7141880341880342 -0.5552136752136753 -1.4140619240773398 1.8941446760789058 -0.49754030661980475 END 
START -3.695042735042735 4.384273504273504 0.9572649572649573 -1.6322813568053243 2.1036353314977707 -0.7244885166569086 END 
START -4.1928205128205125 4.977777777777778 1.9145299145299146 -1.8766871214606669 2.3305835415348746 -1.0387244997852063 END 
START -4.7671794871794875 5.36068376068376 3.005811965811966 -2.1560079953524873 2.5749893061902176 -1.3878755921499817 END 
START -4.135384615384615 4.977777777777778 3.5035897435897434 -2.496430310408143 2.9852418397188285 -1.2744014871314298 END 
START -1.9528205128205127 6.605128205128205 3.312136752136752 -2.8543101800820376 3.412951927865678 -0.7594036258933862 END 
START 0.26803418803418805 10.108717948717949 2.8335042735042735 -3.072529612810022 3.52642603288423 -0.6895734074204312 END 
START 2.105982905982906 13.688888888888888 2.393162393162393 -3.1860037178285743 3.299477822847126 -1.4140619240773398 END 
START 4.269401709401709 16.369230769230768 1.8188034188034188 -3.2383763816832905 3.0288857262644253 -2.042533890333935 END 
START 7.0837606837606835 18.704957264957265 1.4741880341880342 -3.1336310539738577 2.8543101800820376 -1.9377885626245026 END 
START 9.304615384615385 21.32786324786325 1.6273504273504273 -2.889225289318515 2.6273619700449338 -1.239486377894952 END 
START 11.88923076923077 25.46324786324786 1.455042735042735 -2.478972755789904 2.426600091935188 -0.4626251973833272 END 
START 14.703589743589744 30.058119658119658 0.7466666666666667 -1.9203310080062639 2.173465549970726 0 END 
START 16.273504273504273 33.312820512820515 -0.057435897435897436 -1.1434698274946389 1.7282979072056375 0.06110144116383567 END 
START 16.52239316239316 34.30837606837607 -0.5743589743589743 -0.24440576465534267 1.3442317056043847 0.3753374242921334 END 
START 16.273504273504273 33.88717948717949 -0.8806837606837606 0.6895734074204312 1.0823683863308033 1.0387244997852063 END 
START 16.12034188034188 32.64273504273504 -1.0147008547008547 1.6060950248779662 0.7768611805116249 1.5973662475688468 END 
START 15.392820512820514 29.981538461538463 -1.2444444444444445 2.4091425373169493 0.3142359831282977 1.8854158987697864 END 
START 13.478290598290599 26.88 -0.67008547008547 3.0550720581917834 -0.20949065541886513 1.8505007895333088 END 
START 11.065982905982906 23.52957264957265 0.5552136752136753 3.430409482483917 -0.6459295208748342 1.3180453736770266 END 
START 8.998290598290598 19.48991452991453 1.9719658119658119 3.683544024448379 -0.9514367266940126 0.9252503947666544 END 
START 4.211965811965812 12.846495726495727 3.8673504273504276 3.893034679867244 -1.3180453736770266 0.7681324032025055 END 
START 1.6464957264957265 9.591794871794871 4.575726495726496 3.7795605748486922 -1.3704180375317427 0.3142359831282977 END 
START -0.28717948717948716 6.279658119658119 5.0543589743589745 3.4391382597930362 -1.2656727098223102 -0.28804965120093956 END 
START -1.0338461538461539 2.9675213675213676 5.188376068376068 3.0114281716461866 -0.8728777309119381 -0.38406620160125277 END 
START -1.2444444444444445 0.6317948717948718 4.1928205128205125 2.6884634112087693 -0.5149978612380435 0.16584676887326824 END 
START -1.1487179487179486 -0.7658119658119658 3.4461538461538463 2.3916849826987105 -0.3578798696738946 0.7157597393477892 END 
START -0.6126495726495726 -1.7996581196581196 2.393162393162393 2.042533890333935 -0.27059209658270084 0.8030475124389831 END 
START 0.3829059829059829 -3.2164102564102564 1.6847863247863248 1.675925243350921 -0.3142359831282977 0.5237266385471628 END 
START 1.1678632478632478 -4.671452991452991 1.2635897435897436 1.2482151552040714 -0.25313454196446206 0.40152375621949155 END 
START 1.8762393162393163 -5.705299145299145 0.4594871794871795 0.7681324032025055 -0.1309316596367907 0.40152375621949155 END 
START 2.8526495726495726 -6.490256410256411 -0.3446153846153846 0.2618633192735814 -0.1309316596367907 0.3578798696738946 END 
START 3.80991452991453 -5.781880341880342 -0.8041025641025641 -0.619743188947476 -0.2793208738918202 0.4277100881468497 END 
START 4.499145299145299 -4.556581196581196 -0.36376068376068377 -1.3180453736770266 -0.549912970474521 0.1396604369459101 END 
START 4.862905982905983 -3.7716239316239317 -0.24888888888888888 -1.6846540206600407 -0.5673705250927598 0.08728777309119382 END 
START 5.532991452991453 -2.5654700854700856 -0.22974358974358974 -1.97270367186098 -0.619743188947476 0.026186331927358142 END 
START 6.203076923076923 -1.4167521367521367 -0.019145299145299145 -2.2258382138254422 -0.8030475124389831 -0.1309316596367907 END 
START 6.643418803418803 -0.47863247863247865 0.5169230769230769 -2.4440576465534267 -0.9950806132396095 -0.20949065541886513 END 
START 7.064615384615385 0.7275213675213675 1.34017094017094 -2.7146497431361274 -1.1434698274946389 -0.1483892142550295 END 
START 6.9688888888888885 1.8188034188034188 2.220854700854701 -2.9590555077914704 -1.4227907013864591 -0.16584676887326824 END 
START 5.858461538461539 2.220854700854701 3.2164102564102564 -3.1685461632103356 -1.7195691298965181 0.008728777309119381 END 
START 4.231111111111111 3.024957264957265 4.135384615384615 -3.5002397009568718 -1.8766871214606669 0.43643886545596905 END 
START 2.508034188034188 4.748034188034188 5.59042735042735 -3.9279497891037214 -1.8155856802968313 1.0387244997852063 END 
START -3.005811965811966 14.473846153846154 7.6006837606837605 -4.957945511579808 -1.466434587932056 0.1483892142550295 END 
START -4.690598290598291 20.81094017094017 7.3135042735042735 -5.1325210577621965 -1.1434698274946389 -1.1434698274946389 END 
START -5.111794871794872 25.76957264957265 5.858461538461539 -4.661167083069749 -0.9688942813122513 -1.7021115752782794 END 
START -4.25025641025641 28.392478632478632 4.365128205128205 -3.7621030202304535 -0.7157597393477892 -1.1958424913493553 END 
START -3.273846153846154 29.75179487179487 2.201709401709402 -2.7582936296817246 -0.49754030661980475 -0.43643886545596905 END 
START -2.7186324786324785 29.77094017094017 0.7275213675213675 -1.8854158987697864 -0.30550720581917834 -0.5237266385471628 END 
START -1.0147008547008547 27.875555555555554 -0.26803418803418805 -1.239486377894952 0 -0.9339791720757737 END 
START 1.2635897435897436 25.252649572649574 -1.2827350427350428 -0.6721158528021923 0.183304323491507 -0.7681324032025055 END 
START 2.890940170940171 23.07008547008547 -1.8188034188034188 -0.10474532770943257 0.15711799156414885 -0.3142359831282977 END 
START 3.790769230769231 21.05982905982906 -1.8188034188034188 0.38406620160125277 0 -0.008728777309119381 END 
