START 0.9955555555555555 9.323760683760684 -4.288547008547009 -0.30550720581917834 -0.3316935377465365 0.24440576465534267 END 
START 0.7275213675213675 9.323760683760684 -4.058803418803419 -0.24440576465534267 -0.43643886545596905 0.1309316596367907 END 
START 0.4211965811965812 9.323760683760684 -3.80991452991453 -0.24440576465534267 -0.4626251973833272 0.09601655040031319 END 
START 0.057435897435897436 9.381196581196582 -3.675897435897436 -0.27059209658270084 -0.38406620160125277 0.10474532770943257 END 
START -0.26803418803418805 9.515213675213674 -3.675897435897436 -0.30550720581917834 -0.296778428510059 0.16584676887326824 END 
START -0.7466666666666667 9.744957264957264 -3.6184615384615384 -0.34042231505565584 -0.2793208738918202 0.19203310080062638 END 
START -1.5507692307692307 10.223589743589743 -3.5035897435897434 -0.30550720581917834 -0.27059209658270084 0.06110144116383567 END 
START -2.125128205128205 10.453333333333333 -3.197264957264957 -0.3142359831282977 -0.19203310080062638 -0.12220288232767133 END 
START -3.0441025641025643 10.931965811965812 -3.1015384615384614 -0.2356769873462233 0.25313454196446206 -0.034915109236477525 END 
START -3.5993162393162392 11.295726495726496 -3.1206837606837605 -0.21821943272798452 0.38406620160125277 -0.15711799156414885 END 
START -3.9439316239316238 11.276581196581196 -2.9675213675213676 -0.12220288232767133 0.45389642007420783 -0.34915109236477526 END 
START -4.135384615384615 10.95111111111111 -2.756923076923077 0 0.5848280797109986 -0.41898131083773027 END 
START -4.365128205128205 10.95111111111111 -2.7377777777777776 0.052372663854716284 0.8117762897481025 -0.38406620160125277 END 
START -4.3076923076923075 11.487179487179487 -2.68034188034188 0.034915109236477525 1.1696561594219972 -0.48008275200156597 END 
START -3.8482051282051284 11.85094017094017 -2.871794871794872 0.04364388654559691 1.3878755921499817 -0.6721158528021923 END 
START -3.5035897435897434 11.65948717948718 -2.8143589743589743 0.09601655040031319 1.510078474477653 -0.8554201762936994 END 
START -3.158974358974359 11.41059829059829 -2.6994871794871793 0.1309316596367907 1.6671964660418017 -0.9776230586213707 END 
START -2.68034188034188 11.42974358974359 -2.6420512820512823 0.17457554618238763 1.7893993483694732 -0.9688942813122513 END 
START -2.01025641025641 11.908376068376068 -2.68034188034188 0.20949065541886513 1.9814324491700996 -0.9776230586213707 END 
START -1.2444444444444445 12.042393162393163 -2.8335042735042735 0.22694821003710391 2.1210928861160094 -1.1260122728764002 END 
START 0.7849572649572649 10.817094017094018 -3.312136752136752 0.34915109236477526 2.2258382138254422 -1.0212669451669676 END 
START 1.7230769230769232 10.510769230769231 -3.407863247863248 0.38406620160125277 2.1821943272798454 -0.8641489536028187 END 
START 2.6420512820512823 10.644786324786324 -3.5418803418803417 0.38406620160125277 2.1385504407342486 -0.7768611805116249 END 
START 3.292991452991453 10.472478632478632 -3.6567521367521367 0.366608646983014 1.97270367186098 -0.8379626216754605 END 
START 3.5227350427350426 9.993846153846153 -3.407863247863248 0.39279497891037213 1.7719417937512343 -0.8292338443663412 END 
START 3.6567521367521367 9.457777777777778 -3.1206837606837605 0.4102525335286109 1.6584676887326824 -0.7244885166569086 END 
START 3.8673504273504276 9.017435897435897 -3.063247863247863 0.39279497891037213 1.5537223610232498 -0.5673705250927598 END 
START 4.03965811965812 8.787692307692307 -3.178119658119658 0.34042231505565584 1.4227907013864591 -0.5062690839289241 END 
START 4.345982905982906 8.423931623931624 -3.158974358974359 0.2793208738918202 1.2656727098223102 -0.48008275200156597 END 
START 4.460854700854701 8.06017094017094 -3.158974358974359 0.20949065541886513 1.1085547182581614 -0.44516764276508847 END 
START 4.460854700854701 7.753846153846154 -3.158974358974359 0.1309316596367907 0.9688942813122513 -0.38406620160125277 END 
START 4.345982905982906 7.638974358974359 -3.1015384615384614 0.06110144116383567 0.8117762897481025 -0.34042231505565584 END 
START 4.173675213675214 7.332649572649573 -3.1206837606837605 -0.026186331927358142 0.549912970474521 -0.183304323491507 END 
START 3.8673504273504276 7.332649572649573 -3.1206837606837605 -0.10474532770943257 0.4277100881468497 -0.19203310080062638 END 
START 3.5418803418803417 7.102905982905983 -3.063247863247863 -0.20076187810974577 0.296778428510059 -0.2793208738918202 END 
START 3.005811965811966 6.854017094017094 -2.890940170940171 -0.24440576465534267 0.19203310080062638 -0.2793208738918202 END 
START 2.4505982905982906 6.260512820512821 -2.7186324786324785 -0.34042231505565584 0.08728777309119382 -0.3316935377465365 END 
START 1.9145299145299146 5.532991452991453 -2.4314529914529914 -0.41898131083773027 0.04364388654559691 -0.2356769873462233 END 
START 1.3784615384615384 5.226666666666667 -2.01025641025641 -0.5586417477836404 0 -0.183304323491507 END 
START 0.8806837606837606 4.786324786324786 -1.703931623931624 -0.733217293966028 0 -0.22694821003710391 END 
START 0.4594871794871795 4.4225641025641025 -1.34017094017094 -0.9252503947666544 -0.026186331927358142 -0.22694821003710391 END 
START 0.1723076923076923 4.173675213675214 -0.9764102564102564 -1.1172834955672808 0 -0.183304323491507 END 
START 0 3.982222222222222 -0.5935042735042735 -1.3180453736770266 0.034915109236477525 -0.04364388654559691 END 
START -0.24888888888888888 5.667008547008547 -0.3446153846153846 -1.7021115752782794 0.06110144116383567 -0.19203310080062638 END 
START -0.49777777777777776 6.030769230769231 -0.07658119658119658 -1.7893993483694732 -0.008728777309119381 -0.34915109236477526 END 
START -0.8806837606837606 5.954188034188034 0.2105982905982906 -1.9203310080062639 -0.04364388654559691 -0.45389642007420783 END 
START -1.0912820512820514 6.72 0.5552136752136753 -2.0774489995704126 0.04364388654559691 -0.19203310080062638 END 
START -0.9381196581196581 8.347350427350428 0.7466666666666667 -2.1036353314977707 0.20076187810974577 0.09601655040031319 END 
START -0.918974358974359 10.032136752136752 0.8806837606837606 -2.1647367726616067 0.20949065541886513 0.20076187810974577 END 
START -1.3976068376068376 11.295726495726496 0.8423931623931624 -2.2782108776801584 0.052372663854716284 -0.39279497891037213 END 
START -1.3593162393162392 11.755213675213675 1.0147008547008547 -2.478972755789904 -0.034915109236477525 -0.7943187351298637 END 
START -1.0338461538461539 13.401709401709402 1.0912820512820514 -2.452786423862546 0.10474532770943257 -0.5848280797109986 END 
START -0.6317948717948718 15.277948717948718 1.0721367521367522 -2.2520245457528003 0.1396604369459101 -0.366608646983014 END 
START -0.49777777777777776 16.732991452991453 1.0338461538461539 -1.8941446760789058 0.034915109236477525 -0.34042231505565584 END 
START -0.5935042735042735 17.46051282051282 1.0912820512820514 -1.579908692950608 -0.06110144116383567 -0.6110144116383567 END 
START 0.3829059829059829 17.23076923076923 1.2252991452991453 -1.1783849367311166 -0.1483892142550295 -0.7419460712751474 END 
START 0.8998290598290598 17.403076923076924 1.187008547008547 -0.9950806132396095 -0.1309316596367907 -0.3753374242921334 END 
START 1.6082051282051282 18.015726495726497 0.9572649572649573 -0.7768611805116249 -0.06110144116383567 -0.008728777309119381 END 
START 2.393162393162393 18.513504273504275 0.650940170940171 -0.5149978612380435 -0.07855899578207443 -0.026186331927358142 END 
START 3.197264957264957 17.977435897435896 0.49777777777777776 -0.2356769873462233 -0.2356769873462233 -0.15711799156414885 END 
START 3.7524786324786326 17.077606837606837 0.7083760683760684 0.008728777309119381 -0.4102525335286109 -0.1483892142550295 END 
START 3.963076923076923 16.101196581196582 0.8232478632478633 0.22694821003710391 -0.6022856343292373 -0.034915109236477525 END 
START 3.982222222222222 15.086495726495727 1.0721367521367522 0.3578798696738946 -0.8030475124389831 -0.04364388654559691 END 
START 3.982222222222222 13.995213675213675 1.34017094017094 0.41898131083773027 -0.9427079493848932 0 END 
START 3.7716239316239317 13.19111111111111 1.5699145299145298 0.49754030661980475 -1.0387244997852063 0.11347410501855196 END 
START 3.4844444444444442 12.655042735042736 1.7230769230769232 0.5673705250927598 -1.213300045967594 0.1483892142550295 END 
START 3.063247863247863 12.11897435897436 2.0676923076923077 0.6372007435657149 -1.4489770333138172 0.08728777309119382 END 
START 2.0485470085470086 10.912820512820513 2.795213675213675 0.6721158528021923 -1.6584676887326824 0.026186331927358142 END 
START 1.703931623931624 10.261880341880342 2.871794871794872 0.6372007435657149 -1.6410101341144436 0.10474532770943257 END 
START 1.3593162393162392 9.821538461538461 2.890940170940171 0.6110144116383567 -1.6584676887326824 0.19203310080062638 END 
START 1.1295726495726495 9.457777777777778 2.795213675213675 0.5324554158562822 -1.69338279796916 0.24440576465534267 END 
START 0.8806837606837606 9.342905982905982 2.5654700854700856 0.48881152931068533 -1.7981281256785926 0.27059209658270084 END 
START 0.6317948717948718 9.094017094017094 2.5654700854700856 0.41898131083773027 -1.8766871214606669 0.2356769873462233 END 
START 0.2105982905982906 8.73025641025641 2.4123076923076923 0.34042231505565584 -1.8941446760789058 0.28804965120093956 END 
START -0.36376068376068377 8.366495726495726 2.201709401709402 0.25313454196446206 -1.9028734533880252 0.3578798696738946 END 
START -1.1487179487179486 8.251623931623932 1.8762393162393163 0.1309316596367907 -1.9028734533880252 0.44516764276508847 END 
START -2.0485470085470086 8.385641025641025 1.6656410256410257 0 -1.9203310080062639 0.48881152931068533 END 
START -3.1398290598290597 8.74940170940171 1.6464957264957265 -0.08728777309119382 -1.9116022306971445 0.43643886545596905 END 
START -5.264957264957265 9.247179487179487 1.5124786324786326 -0.183304323491507 -1.6322813568053243 0.41898131083773027 END 
START -5.935042735042735 9.783247863247864 1.3210256410256411 -0.22694821003710391 -1.3791468148408623 0.366608646983014 END 
START -6.203076923076923 10.376752136752136 1.0721367521367522 -0.24440576465534267 -1.099825940949042 0.22694821003710391 END 
START -6.145641025641026 11.065982905982906 0.7466666666666667 -0.24440576465534267 -0.8816065082210575 -0.08728777309119382 END 
START -5.513846153846154 11.295726495726496 0.4211965811965812 -0.2356769873462233 -0.6808446301113117 -0.24440576465534267 END 
START -4.901196581196581 11.793504273504274 0.07658119658119658 -0.10474532770943257 -0.3753374242921334 -0.12220288232767133 END 
START -4.231111111111111 12.54017094017094 -0.22974358974358974 -0.017457554618238762 -0.12220288232767133 -0.052372663854716284 END 
START -3.4652991452991455 13.746324786324786 -0.5743589743589743 -0.026186331927358142 0.034915109236477525 -0.20076187810974577 END 
START -2.374017094017094 14.703589743589744 -0.9381196581196581 0 0.11347410501855196 -0.39279497891037213 END 
START -1.5124786324786326 15.545982905982905 -0.9955555555555555 0.24440576465534267 0.1483892142550295 -0.3316935377465365 END 
START -1.052991452991453 16.216068376068375 -0.8615384615384616 0.49754030661980475 0.2356769873462233 -0.17457554618238763 END 
START -0.5360683760683761 16.694700854700855 -0.8041025641025641 0.7244885166569086 0.296778428510059 -0.06983021847295505 END 
START 0.11487179487179487 16.752136752136753 -0.5935042735042735 1.0823683863308033 0.296778428510059 -0.19203310080062638 END 
START 0.4211965811965812 16.273504273504273 -0.4403418803418803 1.2656727098223102 0.30550720581917834 -0.20076187810974577 END 
START 0.5743589743589743 15.737435897435898 -0.4211965811965812 1.4577058106229366 0.3229647604374171 -0.052372663854716284 END 
START 0.8041025641025641 15.182222222222222 -0.4594871794871795 1.6060950248779662 0.366608646983014 0.12220288232767133 END 
START 0.8998290598290598 14.875897435897436 -0.47863247863247865 1.7195691298965181 0.3578798696738946 0.20949065541886513 END 
START 0.918974358974359 14.282393162393163 -0.5935042735042735 1.7719417937512343 0.27059209658270084 0.052372663854716284 END 
START 0.8998290598290598 13.554871794871795 -0.47863247863247865 1.8679583441515475 0.19203310080062638 0.008728777309119381 END 
START 0.7083760683760684 13.018803418803419 -0.36376068376068377 1.9290597853153832 0.1309316596367907 -0.052372663854716284 END 
START 0.6892307692307692 12.061538461538461 -0.28717948717948716 1.946517339933622 0.09601655040031319 -0.07855899578207443 END 
START 0.67008547008547 11.085128205128205 -0.3829059829059829 1.990161226479219 0.1309316596367907 0.052372663854716284 END 
START 0.5552136752136753 10.472478632478632 -0.49777777777777776 1.990161226479219 0.1309316596367907 0.16584676887326824 END 
START 0.5552136752136753 9.821538461538461 -0.5360683760683761 1.990161226479219 0.06110144116383567 0.08728777309119382 END 
START 0.28717948717948716 8.73025641025641 -0.5743589743589743 1.946517339933622 0 0.017457554618238762 END 
START 0.15316239316239316 7.581538461538462 -0.7083760683760684 1.8592295668424281 -0.04364388654559691 -0.09601655040031319 END 
START 0.22974358974358974 6.375384615384616 -0.8423931623931624 1.7108403525873987 -0.034915109236477525 -0.034915109236477525 END 
START 0.11487179487179487 5.341538461538462 -0.9955555555555555 1.5711799156414885 -0.026186331927358142 0.04364388654559691 END 
START 0.07658119658119658 4.671452991452991 -1.34017094017094 1.396604369459101 0.052372663854716284 0.24440576465534267 END 
START 0.09572649572649572 4.671452991452991 -1.6273504273504273 1.2045712686584746 0.1309316596367907 0.366608646983014 END 
START 0.19145299145299144 4.499145299145299 -1.7230769230769232 0.9688942813122513 0.1483892142550295 0.22694821003710391 END 
START 0.24888888888888888 3.9056410256410254 -1.8188034188034188 0.8205050670572218 0.2356769873462233 0.1309316596367907 END 
