START -3.9247863247863246 0.7466666666666667 -5.60957264957265 0.09601655040031319 -1.1609273821128776 0.98635183593049 END 
START -5.016068376068376 0.8806837606837606 -5.111794871794872 -0.3316935377465365 -1.1783849367311166 0.5760993024018791 END 
START -6.030769230769231 1.1104273504273505 -4.365128205128205 -0.8554201762936994 -1.1347410501855195 -0.008728777309119381 END 
START -7.045470085470085 1.3784615384615384 -3.8864957264957263 -1.3878755921499817 -0.9514367266940126 -0.5062690839289241 END 
START -7.447521367521367 1.455042735042735 -3.292991452991453 -1.7981281256785926 -0.7244885166569086 -0.7594036258933862 END 
START -7.983589743589744 1.9336752136752138 -2.6420512820512823 -2.0949065541886513 -0.3753374242921334 -0.7594036258933862 END 
START -8.902564102564103 3.197264957264957 -1.837948717948718 -2.4353288692443074 0.017457554618238762 -0.9427079493848932 END 
START -9.247179487179487 4.614017094017094 -0.9764102564102564 -2.8717677347002764 0.48881152931068533 -1.2656727098223102 END 
START -8.9408547008547 5.667008547008547 -0.019145299145299145 -3.2209188270650517 0.8903352855301769 -1.5973662475688468 END 
START -8.538803418803418 6.624273504273504 0.8806837606837606 -3.535154810193349 1.4577058106229366 -1.7457554618238762 END 
START -7.964444444444444 7.696410256410257 1.9145299145299146 -3.849390793321647 2.0250763357156965 -1.9028734533880252 END 
START -6.700854700854701 6.777435897435898 4.3076923076923075 -4.6960821923062275 2.583718083499337 -2.6011756381175757 END 
START -5.781880341880342 5.762735042735042 4.633162393162393 -4.416761318414407 3.456595814411275 -1.4926209198594143 END 
START -3.292991452991453 7.332649572649573 4.614017094017094 -3.94540734372196 4.617523196524153 0.12220288232767133 END 
START -0.6126495726495726 10.147008547008546 4.4225641025641025 -3.94540734372196 5.141249835071315 0.5324554158562822 END 
START 2.622905982905983 12.57846153846154 3.2164102564102564 -4.364388654559691 5.053962061980122 0.10474532770943257 END 
START 6.394529914529914 15.68 0.09572649572649572 -4.408032541105287 4.949216734270689 0.017457554618238762 END 
START 9.783247863247864 18.551794871794872 -3.8290598290598292 -3.9017634571763633 4.565150532669437 0.008728777309119381 END 
START 11.946666666666667 21.04068376068376 -6.471111111111111 -3.351850486701842 3.7795605748486922 -0.3142359831282977 END 
START 13.018803418803419 21.50017094017094 -7.6581196581196584 -2.8979540666276344 2.6710058565905306 -0.9950806132396095 END 
START 12.54017094017094 20.925811965811967 -7.1986324786324785 -2.4440576465534267 1.7544842391329956 -1.3180453736770266 END 
START 12.023247863247864 19.757948717948718 -6.222222222222222 -2.0250763357156965 1.2656727098223102 -1.187113714040236 END 
START 12.501880341880343 19.738803418803418 -6.030769230769231 -1.6060950248779662 1.0038093905487289 -0.733217293966028 END 
START 13.305982905982907 19.06871794871795 -5.456410256410257 -0.6808446301113117 0.296778428510059 -0.052372663854716284 END 
START 13.076239316239317 18.245470085470085 -5.035213675213675 -0.2618633192735814 -0.25313454196446206 0.15711799156414885 END 
START 12.425299145299146 16.943589743589744 -4.499145299145299 0.06983021847295505 -0.8903352855301769 0.16584676887326824 END 
START 11.2 15.23965811965812 -3.58017094017094 0.3316935377465365 -1.4053331467682204 0.19203310080062638 END 
START 9.610940170940172 13.612307692307692 -2.4505982905982906 0.45389642007420783 -1.8766871214606669 0.1483892142550295 END 
START 8.07931623931624 11.927521367521367 -1.1295726495726495 0.44516764276508847 -2.2345669911345616 0.1309316596367907 END 
START 6.854017094017094 10.75965811965812 -0.28717948717948716 0.48008275200156597 -2.5138878650263816 0.25313454196446206 END 
START 5.935042735042735 10.08957264957265 0.5360683760683761 0.5586417477836404 -2.810666293536441 0.38406620160125277 END 
START 4.8820512820512825 9.802393162393162 1.3976068376068376 0.549912970474521 -3.046343280882664 0.38406620160125277 END 
START 3.8673504273504276 9.40034188034188 1.991111111111111 0.4713539746924466 -3.2645627136106485 0.20076187810974577 END 
START 3.158974358974359 8.73025641025641 2.4314529914529914 0.39279497891037213 -3.456595814411275 0.06983021847295505 END 
START 2.1634188034188035 8.251623931623932 3.0441025641025643 0.24440576465534267 -3.5613411421207077 0.034915109236477525 END 
START 0.09572649572649572 6.72 3.9056410256410254 -0.052372663854716284 -3.4216807051747975 0.16584676887326824 END 
START -1.0338461538461539 6.107350427350427 3.8482051282051284 -0.20949065541886513 -3.4216807051747975 0.2793208738918202 END 
START -2.278290598290598 6.04991452991453 4.058803418803419 -0.366608646983014 -3.5787986967389465 0.34915109236477526 END 
START -3.58017094017094 5.973333333333334 4.499145299145299 -0.619743188947476 -3.456595814411275 0.4626251973833272 END 
START -4.786324786324786 6.279658119658119 4.269401709401709 -0.916521617457535 -3.1947324951376936 0.6372007435657149 END 
START -6.222222222222222 6.739145299145299 4.231111111111111 -1.2918590417496685 -2.976513062409709 0.44516764276508847 END 
START -7.351794871794872 7.504957264957265 3.7716239316239317 -1.6322813568053243 -2.67973463389965 0.296778428510059 END 
START -7.61982905982906 8.9408547008547 2.9292307692307693 -1.483892142550295 -2.4615152011716654 0.43643886545596905 END 
START -8.002735042735043 10.395897435897435 2.5463247863247864 -1.3005878190587878 -2.129821663425129 0.7594036258933862 END 
START -8.672820512820513 12.004102564102563 1.6273504273504273 -1.2744014871314298 -1.649738911423563 0.8117762897481025 END 
START -7.696410256410257 16.59897435897436 -2.603760683760684 -1.2831302644405491 -1.0649108317125644 -0.04364388654559691 END 
START -7.236923076923077 19.31760683760684 -3.790769230769231 -0.1396604369459101 -1.0474532770943257 -0.07855899578207443 END 
START -7.7155555555555555 19.91111111111111 -3.8290598290598292 0.2618633192735814 -0.7855899578207443 0.06983021847295505 END 
START -8.232478632478632 20.1791452991453 -3.6184615384615384 0.6459295208748342 -0.5324554158562822 -0.08728777309119382 END 
START -9.017435897435897 20.16 -3.2547008547008547 0.8728777309119381 -0.2793208738918202 -0.48881152931068533 END 
START -9.247179487179487 19.796239316239316 -2.9483760683760685 1.1434698274946389 -0.008728777309119381 -0.8554201762936994 END 
START -8.768547008547008 18.953846153846154 -2.986666666666667 1.5624511383323691 0.34042231505565584 -0.733217293966028 END 
START -8.155897435897437 18.226324786324785 -3.005811965811966 2.0949065541886513 0.7244885166569086 -0.22694821003710391 END 
START -7.8304273504273505 17.47965811965812 -2.4697435897435898 2.522616642335501 1.0038093905487289 0.06983021847295505 END 
START -7.753846153846154 16.80957264957265 -1.9145299145299146 2.7408360750634855 1.1696561594219972 -0.04364388654559691 END 
START -8.07931623931624 15.871452991452992 -0.9381196581196581 2.7495648523726053 1.239486377894952 -0.5237266385471628 END 
START -8.232478632478632 14.244102564102564 0.11487179487179487 2.6971921885178887 1.4402482560046979 -0.8641489536028187 END 
START -7.907008547008547 12.96136752136752 0.7658119658119658 2.810666293536441 1.8155856802968313 -0.6983021847295505 END 
START -5.513846153846154 12.233846153846153 1.6656410256410257 3.0550720581917834 2.6186331927358144 -0.296778428510059 END 
START -3.4461538461538463 11.314871794871795 1.455042735042735 2.976513062409709 2.8019375162273215 -0.619743188947476 END 
START -1.34017094017094 10.166153846153847 1.0147008547008547 2.9241403985549925 2.8543101800820376 -0.8816065082210575 END 
START 0.8423931623931624 8.557948717948719 0.8423931623931624 2.9415979531732313 2.810666293536441 -0.8903352855301769 END 
START 2.9675213675213676 7.524102564102564 0.3829059829059829 2.9415979531732313 2.7233785204452468 -0.5760993024018791 END 
START 4.441709401709402 6.739145299145299 -0.057435897435897436 2.8979540666276344 2.382956205389591 -0.7070309620386699 END 
START 5.724444444444444 5.016068376068376 -0.47863247863247865 2.7408360750634855 2.0512626676430545 -1.0212669451669676 END 
START 6.72 3.58017094017094 -1.0721367521367522 2.5749893061902176 1.8505007895333088 -1.0387244997852063 END 
