START -0.3829059829059829 9.898119658119658 -4.3076923076923075 -0.45389642007420783 -0.10474532770943257 0.16584676887326824 END 
START -0.3063247863247863 9.878974358974359 -4.231111111111111 -0.2793208738918202 -0.16584676887326824 0.28804965120093956 END 
START -0.4211965811965812 10.108717948717949 -4.001367521367522 -0.19203310080062638 -0.10474532770943257 0.24440576465534267 END 
START -0.6317948717948718 9.85982905982906 -4.001367521367522 -0.19203310080062638 -0.04364388654559691 0.09601655040031319 END 
START -0.9381196581196581 9.687521367521368 -4.001367521367522 -0.17457554618238763 0.026186331927358142 0.026186331927358142 END 
START -1.1678632478632478 9.802393162393162 -3.963076923076923 -0.1396604369459101 0.12220288232767133 0.06983021847295505 END 
START -1.1295726495726495 9.974700854700854 -3.963076923076923 -0.09601655040031319 0.21821943272798452 0.17457554618238763 END 
START -1.3210256410256411 10.338461538461539 -3.982222222222222 -0.017457554618238762 0.21821943272798452 0.12220288232767133 END 
START -1.6656410256410257 10.395897435897435 -3.80991452991453 0.017457554618238762 0.2356769873462233 -0.1309316596367907 END 
START -2.8335042735042735 9.898119658119658 -3.407863247863248 0.008728777309119381 0.38406620160125277 -0.27059209658270084 END 
START -3.312136752136752 9.955555555555556 -3.2355555555555555 0 0.5673705250927598 -0.2356769873462233 END 
START -3.4844444444444442 10.127863247863248 -3.005811965811966 -0.017457554618238762 0.7419460712751474 -0.296778428510059 END 
START -3.4844444444444442 10.185299145299146 -3.005811965811966 -0.017457554618238762 0.8641489536028187 -0.34042231505565584 END 
START -3.6184615384615384 10.663931623931624 -2.890940170940171 -0.017457554618238762 0.9776230586213707 -0.4102525335286109 END 
START -3.7333333333333334 11.008547008547009 -2.91008547008547 -0.034915109236477525 1.1172834955672808 -0.6983021847295505 END 
START -3.6184615384615384 10.644786324786324 -2.7377777777777776 0.008728777309119381 1.2656727098223102 -0.7943187351298637 END 
START -3.7524786324786326 10.702222222222222 -2.4123076923076923 0.11347410501855196 1.4227907013864591 -0.5324554158562822 END 
START -3.6376068376068376 12.521025641025641 -2.1825641025641027 0.183304323491507 1.675925243350921 -0.41898131083773027 END 
START -2.986666666666667 13.995213675213675 -2.0676923076923077 0.27059209658270084 1.9203310080062639 -0.9950806132396095 END 
START -1.9719658119658119 13.4591452991453 -2.086837606837607 0.3229647604374171 2.042533890333935 -1.7021115752782794 END 
START -0.7849572649572649 12.34871794871795 -2.24 0.40152375621949155 2.2345669911345616 -1.6846540206600407 END 
START 2.01025641025641 11.793504273504274 -3.063247863247863 0.549912970474521 2.3480410961531137 -1.1783849367311166 END 
START 3.273846153846154 11.468034188034189 -3.427008547008547 0.5237266385471628 2.2782108776801584 -1.2220288232767134 END 
START 4.058803418803419 10.644786324786324 -3.561025641025641 0.48881152931068533 2.0774489995704126 -1.352960482913504 END 
START 4.7671794871794875 9.381196581196582 -3.4844444444444442 0.4626251973833272 1.9116022306971445 -1.1347410501855195 END 
START 5.188376068376068 8.921709401709402 -3.2355555555555555 0.4277100881468497 1.7806705710603539 -0.733217293966028 END 
START 5.571282051282052 9.094017094017094 -3.158974358974359 0.3578798696738946 1.649738911423563 -0.48881152931068533 END 
START 5.973333333333334 8.9791452991453 -3.158974358974359 0.296778428510059 1.466434587932056 -0.5062690839289241 END 
START 6.394529914529914 8.51965811965812 -3.3504273504273505 0.27059209658270084 1.2482151552040714 -0.549912970474521 END 
START 6.509401709401709 7.792136752136752 -3.312136752136752 0.2618633192735814 0.98635183593049 -0.5149978612380435 END 
START 6.145641025641026 7.294358974358975 -3.0441025641025643 0.24440576465534267 0.7506748485842668 -0.41898131083773027 END 
START 5.705299145299145 6.758290598290598 -2.756923076923077 0.183304323491507 0.5324554158562822 -0.48008275200156597 END 
START 5.2841025641025645 6.030769230769231 -2.7186324786324785 0.08728777309119382 0.34042231505565584 -0.5149978612380435 END 
START 4.269401709401709 5.2841025641025645 -2.4314529914529914 -0.20076187810974577 0.183304323491507 -0.3142359831282977 END 
START 3.8482051282051284 5.111794871794872 -2.4123076923076923 -0.366608646983014 0.1396604369459101 -0.25313454196446206 END 
START 3.3695726495726497 4.862905982905983 -2.4314529914529914 -0.4713539746924466 0.034915109236477525 -0.25313454196446206 END 
START 2.8143589743589743 4.575726495726496 -2.4314529914529914 -0.5324554158562822 -0.1309316596367907 -0.22694821003710391 END 
START 2.1442735042735044 4.326837606837607 -2.201709401709402 -0.6372007435657149 -0.2356769873462233 -0.1483892142550295 END 
START 1.4933333333333334 4.556581196581196 -1.8762393162393163 -0.84669139898458 -0.24440576465534267 -0.15711799156414885 END 
START 0.8232478632478633 4.671452991452991 -1.5124786324786326 -1.029995722476087 -0.2618633192735814 -0.22694821003710391 END 
START 0.019145299145299145 4.728888888888889 -1.2635897435897436 -1.1085547182581614 -0.3578798696738946 -0.27059209658270084 END 
START -0.5552136752136753 4.6523076923076925 -0.7658119658119658 -1.187113714040236 -0.39279497891037213 -0.1483892142550295 END 
START -1.187008547008547 5.188376068376068 -0.09572649572649572 -1.3442317056043847 -0.2793208738918202 0.07855899578207443 END 
START -1.7422222222222221 6.317948717948718 0.3063247863247863 -1.6410101341144436 -0.1309316596367907 0.008728777309119381 END 
START -2.105982905982906 6.94974358974359 0.6126495726495726 -1.9552461172427413 -0.10474532770943257 -0.48881152931068533 END 
START -2.4314529914529914 6.892307692307693 0.6126495726495726 -2.016347558406577 -0.08728777309119382 -0.3142359831282977 END 
START -2.278290598290598 7.983589743589744 0.8615384615384616 -2.2083806592072035 0.07855899578207443 -0.008728777309119381 END 
START -1.8762393162393163 9.85982905982906 0.7275213675213675 -2.470243978480785 0.20076187810974577 -0.06110144116383567 END 
START -1.187008547008547 11.42974358974359 0.49777777777777776 -2.662277079281411 0.17457554618238763 -0.2618633192735814 END 
START -1.0721367521367522 12.827350427350428 0.4403418803418803 -2.609904415426695 0.034915109236477525 -0.2618633192735814 END 
START -0.9381196581196581 14.263247863247864 0.7083760683760684 -2.470243978480785 0 -0.15711799156414885 END 
START -0.6892307692307692 15.890598290598291 0.9955555555555555 -2.3305835415348746 -0.034915109236477525 -0.15711799156414885 END 
START -0.5360683760683761 17.269059829059827 1.34017094017094 -2.217109436516323 -0.10474532770943257 -0.40152375621949155 END 
START -0.07658119658119658 17.9391452991453 1.3210256410256411 -2.086177776879532 -0.09601655040031319 -0.5062690839289241 END 
START 0.47863247863247865 18.41777777777778 1.2635897435897436 -1.7806705710603539 -0.07855899578207443 -0.40152375621949155 END 
START 1.1104273504273505 18.551794871794872 1.0912820512820514 -1.4140619240773398 -0.07855899578207443 -0.2618633192735814 END 
START 2.3165811965811964 18.436923076923076 1.0147008547008547 -0.9077928401484157 -0.1309316596367907 -0.11347410501855196 END 
START 2.9675213675213676 18.14974358974359 0.8806837606837606 -0.6895734074204312 -0.19203310080062638 -0.1309316596367907 END 
START 3.2164102564102564 17.728547008547007 0.8998290598290598 -0.40152375621949155 -0.2793208738918202 -0.1309316596367907 END 
START 3.2164102564102564 17.05846153846154 0.9955555555555555 -0.1309316596367907 -0.366608646983014 -0.1396604369459101 END 
START 3.3312820512820513 16.292649572649573 1.2061538461538461 0.1396604369459101 -0.49754030661980475 -0.15711799156414885 END 
START 3.3695726495726497 15.373675213675213 1.435897435897436 0.40152375621949155 -0.5760993024018791 -0.034915109236477525 END 
START 3.2547008547008547 14.58871794871795 1.703931623931624 0.5411841931654017 -0.663387075493073 -0.008728777309119381 END 
START 3.063247863247863 13.765470085470085 1.9336752136752138 0.5760993024018791 -0.7419460712751474 -0.12220288232767133 END 
START 3.0441025641025643 12.616752136752137 2.1634188034188035 0.6022856343292373 -0.8379626216754605 -0.2356769873462233 END 
START 2.8335042735042735 11.602051282051281 2.3357264957264956 0.7070309620386699 -0.9252503947666544 -0.12220288232767133 END 
START 2.622905982905983 10.740512820512821 2.622905982905983 0.7768611805116249 -1.0125381678578482 0.008728777309119381 END 
START 2.125128205128205 9.706666666666667 2.795213675213675 0.8554201762936994 -1.2482151552040714 0.25313454196446206 END 
START 1.9336752136752138 9.362051282051283 2.986666666666667 0.7594036258933862 -1.3616892602226234 0.09601655040031319 END 
START 1.8570940170940171 8.921709401709402 3.005811965811966 0.619743188947476 -1.396604369459101 0.026186331927358142 END 
START 1.8762393162393163 8.672820512820513 2.91008547008547 0.5237266385471628 -1.4315194786955785 0.12220288232767133 END 
START 1.837948717948718 8.615384615384615 2.7377777777777776 0.4713539746924466 -1.4577058106229366 0.2618633192735814 END 
START 1.6082051282051282 8.557948717948719 2.622905982905983 0.43643886545596905 -1.5449935837141304 0.3578798696738946 END 
START 1.301880341880342 8.423931623931624 2.508034188034188 0.34042231505565584 -1.7108403525873987 0.2793208738918202 END 
START 0.9381196581196581 8.251623931623932 2.5271794871794873 0.21821943272798452 -1.806856902987712 0.27059209658270084 END 
START 0.47863247863247865 8.175042735042735 2.4314529914529914 0.11347410501855196 -1.8592295668424281 0.39279497891037213 END 
START -0.28717948717948716 8.175042735042735 2.3548717948717948 -0.008728777309119381 -1.9203310080062639 0.5237266385471628 END 
START -1.2252991452991453 8.557948717948719 2.1442735042735044 -0.1483892142550295 -1.9552461172427413 0.6459295208748342 END 
START -2.259145299145299 9.285470085470086 1.7805128205128204 -0.296778428510059 -1.9988900037883384 0.6022856343292373 END 
START -4.671452991452991 11.295726495726496 1.8188034188034188 -0.3753374242921334 -1.9552461172427413 0.5586417477836404 END 
START -5.475555555555555 12.367863247863248 1.703931623931624 -0.4102525335286109 -1.6846540206600407 0.39279497891037213 END 
START -5.743589743589744 13.037948717948717 1.435897435897436 -0.34042231505565584 -1.3355029282952653 0.3142359831282977 END 
START -5.896752136752137 13.803760683760684 1.0338461538461539 -0.21821943272798452 -1.0823683863308033 0.19203310080062638 END 
START -5.724444444444444 14.339829059829059 0.6126495726495726 -0.04364388654559691 -0.84669139898458 -0.017457554618238762 END 
START -5.15008547008547 14.569572649572649 0.24888888888888888 0.08728777309119382 -0.5673705250927598 -0.10474532770943257 END 
START -4.345982905982906 14.818461538461538 -0.2105982905982906 0.24440576465534267 -0.24440576465534267 -0.06110144116383567 END 
START -3.292991452991453 15.431111111111111 -0.6126495726495726 0.38406620160125277 0 0.017457554618238762 END 
START -2.278290598290598 16.273504273504273 -0.9572649572649573 0.5586417477836404 0.1483892142550295 0.008728777309119381 END 
START -1.3784615384615384 16.694700854700855 -1.0721367521367522 0.7855899578207443 0.15711799156414885 -0.052372663854716284 END 
START -0.650940170940171 16.752136752136753 -1.1295726495726495 1.056182054403445 0.16584676887326824 -0.026186331927358142 END 
START -0.15316239316239316 16.445811965811966 -0.8998290598290598 1.326774150986146 0.15711799156414885 0.06983021847295505 END 
START 0.11487179487179487 15.90974358974359 -0.5552136752136753 1.649738911423563 0.20076187810974577 0.20949065541886513 END 
START 0.22974358974358974 15.737435897435898 -0.4594871794871795 1.7719417937512343 0.183304323491507 0.017457554618238762 END 
START 0.5169230769230769 15.00991452991453 -0.3446153846153846 1.8854158987697864 0.1483892142550295 -0.08728777309119382 END 
START 0.5360683760683761 14.473846153846154 -0.3063247863247863 2.033805113024816 0.1396604369459101 -0.017457554618238762 END 
START 0.47863247863247865 13.918632478632478 -0.24888888888888888 2.147279218043368 0.1309316596367907 0 END 
START 0.5360683760683761 13.382564102564103 -0.3254700854700855 2.2258382138254422 0.1309316596367907 -0.026186331927358142 END 
START 0.6317948717948718 12.655042735042736 -0.3063247863247863 2.2782108776801584 0.1309316596367907 -0.09601655040031319 END 
START 0.7466666666666667 11.87008547008547 -0.36376068376068377 2.356769873462233 0.11347410501855196 -0.12220288232767133 END 
START 0.67008547008547 10.912820512820513 -0.3446153846153846 2.426600091935188 0.04364388654559691 -0.22694821003710391 END 
START 0.47863247863247865 9.649230769230769 -0.36376068376068377 2.4615152011716654 0 -0.3578798696738946 END 
START 0.36376068376068377 8.136752136752136 -0.36376068376068377 2.40041376000783 0.026186331927358142 -0.40152375621949155 END 
START 0.4403418803418803 6.796581196581196 -0.4211965811965812 2.2520245457528003 0.09601655040031319 -0.30550720581917834 END 
START 0.5360683760683761 4.25025641025641 -0.9381196581196581 1.9290597853153832 0.1483892142550295 -0.17457554618238763 END 
START 0.5169230769230769 2.9292307692307693 -1.187008547008547 1.6671964660418017 0.07855899578207443 -0.34042231505565584 END 
START 0.650940170940171 1.5316239316239315 -1.5699145299145298 1.352960482913504 0.06983021847295505 -0.3578798696738946 END 
START 0.8998290598290598 0.8806837606837606 -2.0485470085470086 1.0474532770943257 0.1483892142550295 -0.08728777309119382 END 
START 0.9764102564102564 0.9955555555555555 -2.3357264957264956 0.7506748485842668 0.20949065541886513 0.17457554618238763 END 
START 0.918974358974359 1.4933333333333334 -2.756923076923077 0.4102525335286109 0.2356769873462233 0.21821943272798452 END 
START 1.052991452991453 2.4123076923076923 -3.6567521367521367 0.17457554618238763 0.22694821003710391 0.15711799156414885 END 
