START -3.6184615384615384 0 -1.9719658119658119 -0.1396604369459101 -0.5062690839289241 0.7157597393477892 END 
START -3.7333333333333334 -0.24888888888888888 -2.7186324786324785 -0.39279497891037213 -0.21821943272798452 0 END 
START -3.7141880341880342 -0.918974358974359 -2.5654700854700856 -0.5324554158562822 0.026186331927358142 -0.1396604369459101 END 
START -4.001367521367522 -1.1678632478632478 -2.795213675213675 -0.733217293966028 0.40152375621949155 -0.24440576465534267 END 
START -4.460854700854701 -1.052991452991453 -2.6994871794871793 -0.916521617457535 0.7681324032025055 -0.3578798696738946 END 
START -5.130940170940171 -0.6892307692307692 -2.4314529914529914 -1.1260122728764002 1.099825940949042 -0.4713539746924466 END 
START -5.60957264957265 -0.1723076923076923 -1.6847863247863248 -1.2656727098223102 1.4227907013864591 -0.49754030661980475 END 
START -5.762735042735042 0.7658119658119658 -0.8615384615384616 -1.4315194786955785 1.8854158987697864 -0.3578798696738946 END 
START -5.552136752136752 2.1825641025641027 -0.1723076923076923 -1.579908692950608 2.2258382138254422 -0.4102525335286109 END 
START -5.418119658119658 3.6567521367521367 0.3446153846153846 -1.7806705710603539 2.522616642335501 -0.6284719662565954 END 
START -5.303247863247863 4.499145299145299 1.1487179487179486 -1.9988900037883384 2.8281238481546795 -0.8728777309119381 END 
START -4.48 5.37982905982906 2.3165811965811964 -2.1647367726616067 3.1947324951376936 -0.8816065082210575 END 
START -3.561025641025641 6.892307692307693 3.2355555555555555 -2.382956205389591 3.4478670371021556 -1.1172834955672808 END 
START -1.9145299145299146 9.534358974358975 3.695042735042735 -2.7582936296817246 3.8319332387034084 -1.6060950248779662 END 
START -0.22974358974358974 11.104273504273504 4.518290598290598 -2.8455814027729183 3.8843059025581246 -1.4053331467682204 END 
START 1.9528205128205127 14.224957264957265 5.667008547008547 -3.020156948955306 3.9715936756493186 -1.213300045967594 END 
START 4.977777777777778 19.31760683760684 4.8246153846153845 -3.1336310539738577 4.1374404445225865 -1.4402482560046979 END 
START 8.232478632478632 23.28068376068376 4.4225641025641025 -2.915411621245873 3.9279497891037214 -2.1560079953524873 END 
START 11.1808547008547 25.405811965811967 4.671452991452991 -2.40041376000783 3.4478670371021556 -1.8592295668424281 END 
START 13.88034188034188 29.0817094017094 4.5948717948717945 -1.675925243350921 3.177274940519455 -0.5411841931654017 END 
START 15.814017094017094 32.06837606837607 4.001367521367522 -0.8554201762936994 2.889225289318515 0.34042231505565584 END 
START 16.40752136752137 33.40854700854701 3.0441025641025643 -0.06110144116383567 2.5138878650263816 0.6546582981839536 END 
START 16.828717948717948 34.28923076923077 1.6464957264957265 0.6721158528021923 2.129821663425129 0.6459295208748342 END 
START 16.694700854700855 33.82974358974359 1.052991452991453 1.5013496971685336 1.6148238021870855 0.3753374242921334 END 
START 14.224957264957265 26.803418803418804 1.7422222222222221 3.1336310539738577 0.7070309620386699 0.916521617457535 END 
START 12.272136752136753 22.304273504273503 2.4123076923076923 3.692272801757498 0.3229647604374171 1.1783849367311166 END 
START 9.974700854700854 18.092307692307692 3.158974358974359 4.0152375621949155 -0.10474532770943257 0.9514367266940126 END 
START 8.07931623931624 13.88034188034188 3.8482051282051284 4.023966339504034 -0.4277100881468497 0.5237266385471628 END 
START 6.681709401709401 10.395897435897435 4.326837606837607 3.9628648983401993 -0.6022856343292373 0.49754030661980475 END 
START 5.475555555555555 7.811282051282051 4.614017094017094 3.849390793321647 -0.7244885166569086 0.6284719662565954 END 
START 4.805470085470086 5.60957264957265 4.441709401709402 3.6486289152119014 -0.7855899578207443 0.8030475124389831 END 
START 4.728888888888889 3.407863247863248 3.7141880341880342 3.4391382597930362 -0.8903352855301769 1.0823683863308033 END 
START 4.6523076923076925 1.9145299145299146 3.312136752136752 3.1336310539738577 -1.0038093905487289 1.1783849367311166 END 
START 4.441709401709402 0.8806837606837606 2.9292307692307693 2.7582936296817246 -1.073639609021684 1.099825940949042 END 
START 3.963076923076923 0.09572649572649572 2.9675213675213676 2.4440576465534267 -1.1521986048037582 0.9252503947666544 END 
START 3.407863247863248 -0.9764102564102564 2.9292307692307693 2.0774489995704126 -1.1434698274946389 0.6983021847295505 END 
START 2.7377777777777776 -3.963076923076923 2.201709401709402 1.4140619240773398 -1.0038093905487289 0.7594036258933862 END 
START 2.24 -4.9394871794871795 1.7613675213675213 0.9688942813122513 -0.8728777309119381 0.8641489536028187 END 
START 2.1825641025641027 -5.781880341880342 1.0721367521367522 0.40152375621949155 -0.6721158528021923 0.6022856343292373 END 
START 2.622905982905983 -6.566837606837606 0.4594871794871795 -0.20949065541886513 -0.5760993024018791 0.2356769873462233 END 
START 3.1015384615384614 -6.988034188034188 0.26803418803418805 -0.7594036258933862 -0.5586417477836404 0.22694821003710391 END 
START 3.2547008547008547 -6.988034188034188 0.15316239316239316 -1.2831302644405491 -0.5848280797109986 0.40152375621949155 END 
START 3.178119658119658 -6.605128205128205 0.4211965811965812 -1.7282979072056375 -0.663387075493073 0.663387075493073 END 
START 2.9483760683760685 -5.667008547008547 1.1295726495726495 -2.2083806592072035 -0.6372007435657149 0.7855899578207443 END 
START 3.3312820512820513 -4.403418803418804 1.9336752136752138 -2.7408360750634855 -0.549912970474521 0.6895734074204312 END 
START 4.135384615384615 -3.024957264957265 2.661196581196581 -3.2383763816832905 -0.5062690839289241 0.6110144116383567 END 
START 4.460854700854701 -1.3976068376068376 3.3312820512820513 -3.6049850286663045 -0.593556857020118 0.5324554158562822 END 
START 4.365128205128205 0.03829059829059829 4.02051282051282 -3.9017634571763633 -0.7681324032025055 0.4277100881468497 END 
START 4.173675213675214 3.1398290598290597 5.494700854700855 -4.687353414997108 -0.9252503947666544 0.3753374242921334 END 
START 4.001367521367522 6.279658119658119 5.743589743589744 -5.2634527173989865 -1.0212669451669676 0.22694821003710391 END 
START 3.7524786324786326 11.736068376068376 5.743589743589744 -5.743535469400553 -1.1783849367311166 -0.3142359831282977 END 
START 2.4314529914529914 18.551794871794872 6.490256410256411 -5.979212456746776 -1.579908692950608 -1.5275360290958917 END 
START 0.03829059829059829 24.084786324786325 7.236923076923077 -5.6911628055458365 -1.990161226479219 -2.3305835415348746 END 
START -1.8188034188034188 27.320341880341882 7.064615384615385 -4.765912410779182 -2.0250763357156965 -1.7981281256785926 END 
START -3.1398290598290597 28.813675213675214 6.260512820512821 -3.6486289152119014 -1.7457554618238762 -0.5586417477836404 END 
START -3.8864957264957263 29.1582905982906 4.958632478632478 -2.67973463389965 -1.2744014871314298 -0.09601655040031319 END 
START -3.695042735042735 27.703247863247864 3.6184615384615384 -1.9814324491700996 -0.7681324032025055 -0.5149978612380435 END 
START -1.9719658119658119 25.195213675213676 2.24 -1.396604369459101 -0.28804965120093956 -0.733217293966028 END 
START 0.3063247863247863 23.031794871794872 0.9572649572649573 -0.8554201762936994 0.017457554618238762 -0.4626251973833272 END 
START 3.3312820512820513 19.221880341880343 -0.36376068376068377 0 0.19203310080062638 0.22694821003710391 END 
START 3.8290598290598292 17.594529914529915 -0.4594871794871795 0.296778428510059 0.10474532770943257 0.1396604369459101 END 
START 3.9247863247863246 15.641709401709402 -0.22974358974358974 0.5149978612380435 0.017457554618238762 -0.20949065541886513 END 
START 3.8290598290598292 13.4208547008547 0.15316239316239316 0.6546582981839536 -0.052372663854716284 -0.39279497891037213 END 
START 3.427008547008547 11.65948717948718 0.49777777777777776 0.6895734074204312 -0.09601655040031319 -0.30550720581917834 END 
START 3.1015384615384614 10.434188034188034 0.6892307692307692 0.6721158528021923 -0.08728777309119382 -0.1396604369459101 END 
