START 2.5846153846153848 8.098461538461539 -5.475555555555555 -0.2793208738918202 0.183304323491507 -0.30550720581917834 END 
START 2.4697435897435898 7.1986324786324785 -5.667008547008547 -0.3229647604374171 0.06983021847295505 -0.27059209658270084 END 
START 2.201709401709402 6.585982905982906 -5.37982905982906 -0.34915109236477526 0.16584676887326824 -0.008728777309119381 END 
START 2.105982905982906 6.337094017094017 -5.303247863247863 -0.44516764276508847 0.3142359831282977 0.17457554618238763 END 
START 1.9145299145299146 6.662564102564103 -5.475555555555555 -0.5411841931654017 0.41898131083773027 0 END 
START 2.0676923076923077 6.471111111111111 -5.36068376068376 -0.48881152931068533 0.38406620160125277 -0.27059209658270084 END 
START 1.6273504273504273 5.858461538461539 -4.958632478632478 -0.40152375621949155 0.2356769873462233 -0.25313454196446206 END 
START 0.49777777777777776 5.111794871794872 -4.02051282051282 -0.30550720581917834 0.11347410501855196 -0.07855899578207443 END 
START -1.1678632478632478 4.499145299145299 -3.3312820512820513 -0.34042231505565584 0.21821943272798452 -0.06110144116383567 END 
START -2.4505982905982906 4.058803418803419 -2.8143589743589743 -0.4626251973833272 0.4713539746924466 -0.25313454196446206 END 
START -2.986666666666667 4.173675213675214 -2.4505982905982906 -0.6895734074204312 0.7943187351298637 -0.4277100881468497 END 
START -2.8143589743589743 4.403418803418804 -2.3357264957264956 -0.7594036258933862 1.1434698274946389 -0.5848280797109986 END 
START -2.6420512820512823 4.03965811965812 -1.7422222222222221 -0.7506748485842668 1.4577058106229366 -0.6284719662565954 END 
START -2.871794871794872 3.675897435897436 -1.5316239316239315 -0.8641489536028187 1.763213016442115 -0.45389642007420783 END 
START -2.508034188034188 3.8673504273504276 -0.8998290598290598 -1.0910971636399227 2.11236410880689 -0.28804965120093956 END 
START -1.7996581196581196 4.690598290598291 -0.3063247863247863 -1.3005878190587878 2.3916849826987105 -0.16584676887326824 END 
START -1.2444444444444445 5.82017094017094 0.3446153846153846 -1.4926209198594143 2.6011756381175757 -0.3316935377465365 END 
START -0.7658119658119658 6.413675213675214 1.0721367521367522 -1.6846540206600407 2.7408360750634855 -0.5411841931654017 END 
START 0.09572649572649572 7.294358974358975 1.5316239316239315 -1.8592295668424281 2.9590555077914704 -0.549912970474521 END 
START 1.1678632478632478 8.194188034188034 1.7805128205128204 -2.016347558406577 3.1249022766647383 -0.4713539746924466 END 
START 2.278290598290598 9.878974358974359 2.4697435897435898 -2.147279218043368 3.1860037178285743 -0.41898131083773027 END 
START 3.7141880341880342 12.501880341880343 2.5654700854700856 -2.2258382138254422 3.1249022766647383 -0.9427079493848932 END 
START 4.958632478632478 13.65059829059829 2.105982905982906 -2.173465549970726 2.810666293536441 -1.7282979072056375 END 
START 5.877606837606837 13.497435897435897 2.5846153846153848 -2.042533890333935 2.496430310408143 -1.8679583441515475 END 
START 7.294358974358975 15.986324786324786 3.695042735042735 -1.9377885626245026 2.1385504407342486 -1.099825940949042 END 
START 8.538803418803418 17.824273504273503 3.9247863247863246 -1.7719417937512343 1.9639748945518607 -1.1172834955672808 END 
START 9.783247863247864 19.04957264957265 4.058803418803419 -1.4402482560046979 1.6671964660418017 -1.3616892602226234 END 
START 10.319316239316239 19.183589743589742 4.326837606837607 -1.0910971636399227 1.2831302644405491 -1.5624511383323691 END 
START 10.453333333333333 18.283760683760683 4.4225641025641025 -0.7943187351298637 0.98635183593049 -1.4751633652411755 END 
START 11.065982905982906 17.47965811965812 4.441709401709402 -0.5760993024018791 0.8554201762936994 -0.9252503947666544 END 
START 12.08068376068376 17.44136752136752 4.25025641025641 -0.366608646983014 0.7244885166569086 -0.3142359831282977 END 
START 13.171965811965812 15.871452991452992 3.063247863247863 0.27059209658270084 -0.40152375621949155 -0.619743188947476 END 
START 12.31042735042735 14.12923076923077 2.9675213675213676 0.4626251973833272 -0.9427079493848932 -0.6110144116383567 END 
START 9.917264957264956 11.506324786324786 3.58017094017094 0.5673705250927598 -1.7021115752782794 -0.25313454196446206 END 
START 8.577094017094018 10.95111111111111 3.982222222222222 0.549912970474521 -1.9552461172427413 -0.20949065541886513 END 
START 7.447521367521367 10.30017094017094 4.4225641025641025 0.5237266385471628 -2.147279218043368 -0.3142359831282977 END 
START 6.203076923076923 9.63008547008547 4.614017094017094 0.5324554158562822 -2.313125986916636 -0.3316935377465365 END 
START 5.130940170940171 8.96 4.7671794871794875 0.5411841931654017 -2.4440576465534267 -0.2793208738918202 END 
START 4.135384615384615 8.328205128205129 4.728888888888889 0.5149978612380435 -2.5138878650263816 -0.12220288232767133 END 
START 3.178119658119658 8.27076923076923 4.7671794871794875 0.43643886545596905 -2.522616642335501 -0.11347410501855196 END 
START 2.4314529914529914 8.07931623931624 4.518290598290598 0.3142359831282977 -2.5138878650263816 -0.19203310080062638 END 
START 1.9336752136752138 7.8304273504273505 4.116239316239316 0.25313454196446206 -2.54007419695374 -0.24440576465534267 END 
START 1.435897435897436 7.466666666666667 3.8864957264957263 0.24440576465534267 -2.5662605288810982 -0.17457554618238763 END 
START 0.7275213675213675 7.102905982905983 3.7333333333333334 0.20949065541886513 -2.5662605288810982 -0.026186331927358142 END 
START -0.09572649572649572 6.911452991452991 3.5993162393162392 0.06983021847295505 -2.5313454196446203 0.052372663854716284 END 
START -1.2827350427350428 7.007179487179487 2.8143589743589743 -0.22694821003710391 -2.374227428080472 -0.07855899578207443 END 
START -1.6082051282051282 7.1986324786324785 2.4123076923076923 -0.2793208738918202 -2.3305835415348746 -0.09601655040031319 END 
START -2.220854700854701 7.4283760683760685 2.201709401709402 -0.34915109236477526 -2.3393123188439944 -0.12220288232767133 END 
START -2.776068376068376 7.504957264957265 1.9719658119658119 -0.34915109236477526 -2.269482100371039 -0.10474532770943257 END 
START -3.273846153846154 7.811282051282051 1.7613675213675213 -0.4277100881468497 -2.0774489995704126 -0.052372663854716284 END 
START -3.407863247863248 8.117606837606838 1.1487179487179486 -0.48881152931068533 -1.8592295668424281 -0.08728777309119382 END 
START -3.695042735042735 8.462222222222222 0.9381196581196581 -0.6022856343292373 -1.7806705710603539 -0.28804965120093956 END 
START -4.154529914529914 8.806837606837608 0.7849572649572649 -0.7506748485842668 -1.7021115752782794 -0.48881152931068533 END 
START -4.6523076923076925 9.764102564102565 0.5169230769230769 -0.8641489536028187 -1.510078474477653 -0.5673705250927598 END 
START -4.786324786324786 10.568205128205129 0.15316239316239316 -0.8990640628392963 -1.2569439325131908 -0.5062690839289241 END 
START -4.7671794871794875 11.544615384615385 -0.11487179487179487 -0.8903352855301769 -1.0649108317125644 -0.38406620160125277 END 
START -4.575726495726496 14.703589743589744 -0.40205128205128204 -0.84669139898458 -0.6372007435657149 -0.24440576465534267 END 
START -4.288547008547009 16.752136752136753 -0.7658119658119658 -0.7244885166569086 -0.4102525335286109 -0.27059209658270084 END 
START -4.097094017094017 18.07316239316239 -0.8232478632478633 -0.48881152931068533 -0.296778428510059 -0.39279497891037213 END 
START -4.135384615384615 18.743247863247863 -0.5552136752136753 -0.16584676887326824 -0.17457554618238763 -0.3316935377465365 END 
START -4.384273504273504 18.972991452991455 -0.19145299145299144 0.16584676887326824 -0.052372663854716284 -0.1483892142550295 END 
START -4.460854700854701 19.107008547008547 0.15316239316239316 0.48881152931068533 0.183304323491507 0 END 
START -4.154529914529914 18.934700854700854 0.36376068376068377 0.7855899578207443 0.48881152931068533 0.026186331927358142 END 
START -3.6184615384615384 18.322051282051284 0.26803418803418805 1.0474532770943257 0.6983021847295505 -0.017457554618238762 END 
START -2.9675213675213676 17.556239316239317 0.40205128205128204 1.3005878190587878 0.84669139898458 -0.017457554618238762 END 
START -2.1442735042735044 16.713846153846156 0.4211965811965812 1.510078474477653 0.9601655040031319 0.11347410501855196 END 
START -1.6082051282051282 15.928888888888888 0.40205128205128204 1.675925243350921 1.0038093905487289 0.3316935377465365 END 
START -1.589059829059829 15.411965811965812 0.6892307692307692 1.83304323491507 1.0125381678578482 0.45389642007420783 END 
START -1.6464957264957265 14.09094017094017 0.9764102564102564 1.9552461172427413 1.1696561594219972 0.25313454196446206 END 
START -1.1678632478632478 13.363418803418803 0.8806837606837606 1.9814324491700996 1.2569439325131908 0.2356769873462233 END 
START -0.650940170940171 13.114529914529914 0.8998290598290598 2.0512626676430545 1.2656727098223102 0.41898131083773027 END 
START -0.3829059829059829 13.171965811965812 0.9955555555555555 2.147279218043368 1.2307576005858327 0.5411841931654017 END 
START -0.40205128205128204 12.99965811965812 1.0338461538461539 2.2607533230619197 1.2482151552040714 0.5237266385471628 END 
START -0.4211965811965812 12.521025641025641 1.0912820512820514 2.356769873462233 1.3005878190587878 0.39279497891037213 END 
START -0.03829059829059829 11.85094017094017 1.052991452991453 2.40041376000783 1.4053331467682204 0.2618633192735814 END 
START 0.8041025641025641 11.602051282051281 1.0338461538461539 2.4440576465534267 1.5275360290958917 0.3316935377465365 END 
START 1.8570940170940171 11.468034188034189 0.7466666666666667 2.5313454196446203 1.5624511383323691 0.4102525335286109 END 
START 2.795213675213675 10.797948717948717 0.5169230769230769 2.7233785204452468 1.4577058106229366 0.3142359831282977 END 
START 3.5418803418803417 9.362051282051283 0.5169230769230769 2.81939507084556 1.3442317056043847 0.08728777309119382 END 
START 4.173675213675214 7.504957264957265 0.3063247863247863 2.7582936296817246 1.2569439325131908 -0.2356769873462233 END 
START 5.762735042735042 4.25025641025641 -0.6317948717948718 2.3393123188439944 1.0823683863308033 -0.5848280797109986 END 
START 6.451965811965812 2.776068376068376 -1.187008547008547 2.1210928861160094 0.9514367266940126 -0.366608646983014 END 
START 6.94974358974359 1.837948717948718 -1.8188034188034188 1.8679583441515475 0.7244885166569086 -0.10474532770943257 END 
START 7.3135042735042735 1.1678632478632478 -2.0676923076923077 1.5624511383323691 0.4713539746924466 0.017457554618238762 END 
START 7.4858119658119655 0.7849572649572649 -2.756923076923077 1.3355029282952653 0.22694821003710391 0.06983021847295505 END 
START 7.007179487179487 0.6892307692307692 -2.890940170940171 1.1521986048037582 0.008728777309119381 0 END 
START 6.203076923076923 0.650940170940171 -3.0441025641025643 0.9776230586213707 -0.1483892142550295 -0.1483892142550295 END 
