START 0.3063247863247863 4.211965811965812 -6.471111111111111 -0.052372663854716284 -0.11347410501855196 -0.008728777309119381 END 
START -0.09572649572649572 3.6567521367521367 -6.183931623931624 -0.09601655040031319 -0.034915109236477525 -0.10474532770943257 END 
START -0.6317948717948718 3.6567521367521367 -5.935042735042735 0 0.017457554618238762 0 END 
START -1.2252991452991453 3.8290598290598292 -5.647863247863248 0 0.10474532770943257 0.052372663854716284 END 
START -1.991111111111111 3.963076923076923 -5.303247863247863 -0.04364388654559691 0.296778428510059 0.034915109236477525 END 
START -2.756923076923077 4.1928205128205125 -4.8820512820512825 -0.12220288232767133 0.5848280797109986 -0.017457554618238762 END 
START -3.427008547008547 4.614017094017094 -4.48 -0.17457554618238763 0.8554201762936994 -0.12220288232767133 END 
START -3.790769230769231 4.786324786324786 -3.9056410256410254 -0.20076187810974577 1.029995722476087 -0.2793208738918202 END 
START -4.269401709401709 4.8246153846153845 -3.312136752136752 -0.3142359831282977 1.3442317056043847 -0.366608646983014 END 
START -4.7671794871794875 4.633162393162393 -2.986666666666667 -0.4713539746924466 1.7719417937512343 -0.5062690839289241 END 
START -4.633162393162393 3.8482051282051284 -2.5463247863247864 -0.593556857020118 2.2782108776801584 -0.48008275200156597 END 
START -3.9439316239316238 3.273846153846154 -2.259145299145299 -0.6459295208748342 2.7408360750634855 -0.2618633192735814 END 
START -2.1442735042735044 3.4461538461538463 -1.0912820512820514 -0.8379626216754605 3.4478670371021556 0.16584676887326824 END 
START -1.0147008547008547 4.345982905982906 -0.6317948717948718 -0.9950806132396095 3.7882893521578116 0.20949065541886513 END 
START -0.4594871794871795 4.996923076923077 -0.07658119658119658 -1.1085547182581614 3.9715936756493186 -0.017457554618238762 END 
START 0.22974358974358974 5.1692307692307695 0.6892307692307692 -1.239486377894952 4.154897999140825 -0.20949065541886513 END 
START 1.991111111111111 6.356239316239316 1.3593162393162392 -1.352960482913504 4.442947650341765 -0.19203310080062638 END 
START 3.7333333333333334 8.251623931623932 1.703931623931624 -1.4402482560046979 4.460405204960003 -0.5237266385471628 END 
START 4.977777777777778 9.20888888888889 1.8570940170940171 -1.4489770333138172 4.154897999140825 -1.0649108317125644 END 
START 5.322393162393162 9.553504273504274 1.991111111111111 -1.4402482560046979 3.875577125249005 -1.466434587932056 END 
START 6.203076923076923 10.108717948717949 2.6994871794871793 -1.483892142550295 3.8843059025581246 -1.6060950248779662 END 
START 8.251623931623932 11.621196581196582 3.5227350427350426 -1.5449935837141304 3.980322452958438 -1.483892142550295 END 
START 10.931965811965812 13.095384615384615 3.0441025641025643 -1.483892142550295 3.823204461394289 -1.4402482560046979 END 
START 13.057094017094018 13.89948717948718 2.6420512820512823 -1.2744014871314298 3.3343929320836034 -1.4402482560046979 END 
START 14.416410256410256 13.631452991452992 3.024957264957265 -0.9601655040031319 2.3393123188439944 -1.4402482560046979 END 
START 15.699145299145298 13.535726495726495 3.3695726495726497 -0.916521617457535 2.1210928861160094 -1.0212669451669676 END 
START 17.70940170940171 13.956923076923077 3.2164102564102564 -0.8117762897481025 1.9552461172427413 -0.43643886545596905 END 
START 19.470769230769232 14.071794871794872 2.91008547008547 -0.6459295208748342 1.6410101341144436 0.008728777309119381 END 
START 20.198290598290598 13.918632478632478 2.5463247863247864 -0.48008275200156597 1.1347410501855195 0.17457554618238763 END 
START 20.753504273504273 13.382564102564103 2.220854700854701 -0.366608646983014 0.5586417477836404 0.1483892142550295 END 
START 20.696068376068375 12.559316239316239 2.0294017094017094 -0.2356769873462233 -0.04364388654559691 0.08728777309119382 END 
START 20.006837606837607 11.582905982905983 2.0485470085470086 -0.1483892142550295 -0.6284719662565954 0.1396604369459101 END 
START 18.762393162393163 10.778803418803419 2.24 -0.052372663854716284 -1.1260122728764002 0.22694821003710391 END 
START 17.154188034188035 10.07042735042735 2.5271794871794873 -0.017457554618238762 -1.6322813568053243 0.16584676887326824 END 
START 15.373675213675213 9.381196581196582 3.0441025641025643 -0.008728777309119381 -2.11236410880689 0.06983021847295505 END 
START 11.563760683760684 8.423931623931624 4.173675213675214 -0.12220288232767133 -2.7495648523726053 -0.06110144116383567 END 
START 10.012991452991454 8.117606837606838 4.384273504273504 -0.15711799156414885 -2.950326730482351 -0.16584676887326824 END 
START 8.691965811965812 7.753846153846154 4.5374358974358975 -0.19203310080062638 -3.072529612810022 -0.21821943272798452 END 
START 7.4858119658119655 7.524102564102564 4.518290598290598 -0.20076187810974577 -3.151088608592097 -0.22694821003710391 END 
START 6.585982905982906 7.141196581196581 4.614017094017094 -0.21821943272798452 -3.159817385901216 -0.17457554618238763 END 
START 5.743589743589744 6.892307692307693 4.48 -0.24440576465534267 -3.089987167428261 -0.06110144116383567 END 
START 4.901196581196581 6.815726495726496 4.269401709401709 -0.2793208738918202 -3.0812583901191415 -0.034915109236477525 END 
START 4.1928205128205125 6.834871794871795 3.8864957264957263 -0.3753374242921334 -3.0638008355009028 -0.15711799156414885 END 
START 3.5993162393162392 6.834871794871795 3.561025641025641 -0.4626251973833272 -3.0288857262644253 -0.4277100881468497 END 
START 3.082393162393162 6.662564102564103 3.178119658119658 -0.5586417477836404 -2.993970617027948 -0.6459295208748342 END 
START 2.6994871794871793 6.375384615384616 2.8335042735042735 -0.6372007435657149 -2.9415979531732313 -0.6895734074204312 END 
START 2.278290598290598 6.183931623931624 2.488888888888889 -0.6459295208748342 -2.8979540666276344 -0.549912970474521 END 
START 1.1104273504273505 5.992478632478632 1.6464957264957265 -0.8030475124389831 -2.793208738918202 -0.34915109236477526 END 
START 0.47863247863247865 6.126495726495726 1.187008547008547 -0.9514367266940126 -2.7495648523726053 -0.38406620160125277 END 
START 0.03829059829059829 6.126495726495726 0.8615384615384616 -1.1347410501855195 -2.7146497431361274 -0.4277100881468497 END 
START -0.1723076923076923 6.490256410256411 0.67008547008547 -1.2918590417496685 -2.5662605288810982 -0.25313454196446206 END 
START -0.7275213675213675 7.294358974358975 0.1723076923076923 -1.4053331467682204 -2.4440576465534267 -0.08728777309119382 END 
START -1.5316239316239315 8.328205128205129 -0.1723076923076923 -1.510078474477653 -2.4091425373169493 -0.20949065541886513 END 
START -2.4314529914529914 9.266324786324786 -0.2105982905982906 -1.5886374702597275 -2.3916849826987105 -0.49754030661980475 END 
START -3.2547008547008547 9.85982905982906 0.03829059829059829 -1.5886374702597275 -2.1821943272798454 -0.366608646983014 END 
START -4.001367521367522 11.41059829059829 0.057435897435897436 -1.4751633652411755 -1.7021115752782794 0.19203310080062638 END 
START -4.4225641025641025 13.19111111111111 -0.5935042735042735 -1.326774150986146 -1.2482151552040714 0.49754030661980475 END 
START -4.25025641025641 14.473846153846154 -1.3593162393162392 -1.0823683863308033 -0.8205050670572218 0.44516764276508847 END 
START -3.58017094017094 15.201367521367521 -2.1442735042735044 -0.8990640628392963 -0.49754030661980475 0.17457554618238763 END 
START -2.0294017094017094 16.38837606837607 -3.4844444444444442 -0.5411841931654017 -0.11347410501855196 -0.40152375621949155 END 
START -1.435897435897436 16.675555555555555 -3.790769230769231 -0.30550720581917834 0.06110144116383567 -0.48881152931068533 END 
START -1.0721367521367522 16.962735042735044 -3.982222222222222 -0.034915109236477525 0.19203310080062638 -0.5149978612380435 END 
START -0.7658119658119658 16.943589743589744 -4.058803418803419 0.2356769873462233 0.2793208738918202 -0.5149978612380435 END 
START -0.3446153846153846 16.943589743589744 -3.80991452991453 0.4713539746924466 0.3753374242921334 -0.5149978612380435 END 
START 0.019145299145299145 16.924444444444443 -3.7333333333333334 0.6808446301113117 0.48008275200156597 -0.5149978612380435 END 
START 0.4211965811965812 16.924444444444443 -3.4844444444444442 0.9077928401484157 0.549912970474521 -0.5324554158562822 END 
START 0.5552136752136753 16.675555555555555 -3.2547008547008547 1.1347410501855195 0.6284719662565954 -0.5237266385471628 END 
START 0.8041025641025641 16.369230769230768 -2.986666666666667 1.3442317056043847 0.7070309620386699 -0.49754030661980475 END 
START 1.1104273504273505 16.005470085470087 -2.8526495726495726 1.5449935837141304 0.7681324032025055 -0.4713539746924466 END 
START 1.3593162393162392 15.699145299145298 -2.5846153846153848 1.7108403525873987 0.7681324032025055 -0.48881152931068533 END 
START 1.703931623931624 14.990769230769232 -1.8953846153846154 1.97270367186098 0.9077928401484157 -0.5149978612380435 END 
START 2.105982905982906 14.378119658119658 -1.7805128205128204 2.1036353314977707 1.0212669451669676 -0.366608646983014 END 
START 2.3357264957264956 13.89948717948718 -1.7230769230769232 2.2520245457528003 1.056182054403445 -0.15711799156414885 END 
START 2.5846153846153848 13.765470085470085 -1.6847863247863248 2.356769873462233 1.056182054403445 -0.10474532770943257 END 
START 3.2355555555555555 13.286837606837606 -1.6082051282051282 2.426600091935188 1.0649108317125644 -0.20076187810974577 END 
START 3.8864957264957263 12.57846153846154 -1.6464957264957265 2.478972755789904 1.056182054403445 -0.25313454196446206 END 
START 4.384273504273504 11.602051282051281 -1.4933333333333334 2.557531751571979 1.029995722476087 -0.1483892142550295 END 
START 4.786324786324786 10.855384615384615 -1.4741880341880342 2.653548301972292 1.0038093905487289 0.06110144116383567 END 
START 5.1692307692307695 10.127863247863248 -1.6273504273504273 2.6971921885178887 0.9252503947666544 0.1396604369459101 END 
START 5.398974358974359 9.151452991452992 -1.7805128205128204 2.6884634112087693 0.7855899578207443 0.10474532770943257 END 
START 5.437264957264957 8.27076923076923 -1.7613675213675213 2.653548301972292 0.6459295208748342 0 END 
START 5.494700854700855 7.256068376068376 -1.6656410256410257 2.6186331927358144 0.5673705250927598 -0.10474532770943257 END 
START 5.552136752136752 4.7671794871794875 -2.125128205128205 2.4615152011716654 0.3229647604374171 -0.16584676887326824 END 
START 5.245811965811966 3.5035897435897434 -2.3357264957264956 2.3393123188439944 0.20949065541886513 -0.11347410501855196 END 
START 4.9394871794871795 2.5271794871794873 -2.4314529914529914 2.173465549970726 0.1309316596367907 -0.08728777309119382 END 
START 4.8246153846153845 1.6273504273504273 -2.5846153846153848 1.9116022306971445 0.12220288232767133 -0.09601655040031319 END 
START 4.7671794871794875 0.8615384615384616 -2.8526495726495726 1.69338279796916 0.11347410501855196 -0.1396604369459101 END 
START 4.7097435897435895 0.13401709401709402 -3.3312820512820513 1.510078474477653 0 -0.22694821003710391 END 
