START 0.5169230769230769 9.572649572649572 -3.4844444444444442 -0.41898131083773027 -0.39279497891037213 0.296778428510059 END 
START -0.13401709401709402 9.936410256410257 -3.2355555555555555 -0.41898131083773027 -0.3578798696738946 0.20949065541886513 END 
START -1.052991452991453 10.415042735042736 -3.005811965811966 -0.34915109236477526 -0.3578798696738946 0.15711799156414885 END 
START -1.837948717948718 11.123418803418803 -2.7186324786324785 -0.24440576465534267 -0.2618633192735814 0.11347410501855196 END 
START -2.5271794871794873 11.65948717948718 -2.795213675213675 -0.1483892142550295 -0.10474532770943257 0 END 
START -3.063247863247863 11.831794871794871 -2.756923076923077 -0.08728777309119382 0.06983021847295505 -0.08728777309119382 END 
START -3.695042735042735 11.831794871794871 -2.8335042735042735 -0.10474532770943257 0.20076187810974577 -0.2618633192735814 END 
START -4.173675213675214 11.582905982905983 -2.795213675213675 -0.07855899578207443 0.34042231505565584 -0.28804965120093956 END 
START -4.748034188034188 11.697777777777778 -2.8143589743589743 0.017457554618238762 0.39279497891037213 -0.12220288232767133 END 
START -5.092649572649573 12.11897435897436 -2.622905982905983 0.1396604369459101 0.5673705250927598 -0.08728777309119382 END 
START -5.322393162393162 12.09982905982906 -2.5846153846153848 0.1309316596367907 0.7855899578207443 -0.28804965120093956 END 
START -5.37982905982906 11.793504273504274 -2.661196581196581 0.1483892142550295 1.0038093905487289 -0.38406620160125277 END 
START -4.7097435897435895 11.1808547008547 -2.1442735042735044 0.25313454196446206 1.3005878190587878 -0.3578798696738946 END 
START -4.02051282051282 11.736068376068376 -2.1634188034188035 0.3229647604374171 1.5711799156414885 -0.22694821003710391 END 
START -3.082393162393162 11.793504273504274 -2.0294017094017094 0.3578798696738946 1.7893993483694732 -0.44516764276508847 END 
START -2.0485470085470086 10.95111111111111 -1.9336752136752138 0.3753374242921334 1.8941446760789058 -0.7157597393477892 END 
START -1.1678632478632478 10.836239316239316 -2.01025641025641 0.28804965120093956 1.9116022306971445 -0.9339791720757737 END 
START 0.07658119658119658 10.740512820512821 -1.9528205128205127 0.28804965120093956 2.016347558406577 -0.9252503947666544 END 
START 1.2444444444444445 10.683076923076923 -1.8570940170940171 0.3316935377465365 2.0774489995704126 -0.7943187351298637 END 
START 2.1825641025641027 10.453333333333333 -1.7613675213675213 0.3753374242921334 2.0949065541886513 -0.6808446301113117 END 
START 3.388717948717949 10.108717948717949 -1.7613675213675213 0.3316935377465365 2.11236410880689 -0.6459295208748342 END 
START 4.862905982905983 9.936410256410257 -1.9336752136752138 0.30550720581917834 2.059991444952174 -0.5760993024018791 END 
START 6.183931623931624 9.725811965811966 -2.201709401709402 0.2356769873462233 1.8941446760789058 -0.6983021847295505 END 
START 7.16034188034188 9.074871794871795 -2.4123076923076923 0.19203310080062638 1.6584676887326824 -0.6546582981839536 END 
START 7.562393162393162 8.28991452991453 -2.5846153846153848 0.16584676887326824 1.1434698274946389 -0.17457554618238763 END 
START 7.141196581196581 8.175042735042735 -2.4505982905982906 0.12220288232767133 0.8990640628392963 -0.183304323491507 END 
START 6.566837606837606 7.638974358974359 -2.24 0.04364388654559691 0.6808446301113117 -0.27059209658270084 END 
START 5.896752136752137 7.026324786324786 -2.0676923076923077 0 0.5062690839289241 -0.2356769873462233 END 
START 4.211965811965812 6.069059829059829 -1.6273504273504273 -0.19203310080062638 0.3142359831282977 -0.2618633192735814 END 
START 3.292991452991453 5.456410256410257 -1.3210256410256411 -0.34915109236477526 0.25313454196446206 -0.3316935377465365 END 
START 2.756923076923077 4.901196581196581 -1.1487179487179486 -0.48881152931068533 0.2618633192735814 -0.24440576465534267 END 
START 2.220854700854701 4.671452991452991 -1.0912820512820514 -0.5760993024018791 0.2356769873462233 -0.12220288232767133 END 
START 1.5699145299145298 4.288547008547009 -0.918974358974359 -0.6808446301113117 0.20949065541886513 -0.06983021847295505 END 
START 0.9572649572649573 3.9247863247863246 -0.8041025641025641 -0.8728777309119381 0.22694821003710391 0 END 
START 0.22974358974358974 4.901196581196581 -0.5169230769230769 -1.3005878190587878 0.27059209658270084 -0.08728777309119382 END 
START -0.19145299145299144 5.437264957264957 -0.3063247863247863 -1.5188072517867723 0.27059209658270084 -0.28804965120093956 END 
START -0.6317948717948718 5.60957264957265 -0.22974358974358974 -1.69338279796916 0.28804965120093956 -0.34915109236477526 END 
START -0.7849572649572649 6.030769230769231 -0.2105982905982906 -1.8243144576059507 0.40152375621949155 -0.08728777309119382 END 
START -0.5935042735042735 7.6581196581196584 0.15316239316239316 -1.9988900037883384 0.5237266385471628 0.04364388654559691 END 
START -0.019145299145299145 9.40034188034188 0.26803418803418805 -2.199651881898084 0.5149978612380435 -0.2356769873462233 END 
START 0.2105982905982906 10.434188034188034 0.15316239316239316 -2.2520245457528003 0.41898131083773027 -0.48881152931068533 END 
START 0.3254700854700855 11.161709401709402 0.19145299145299144 -2.269482100371039 0.3578798696738946 -0.5237266385471628 END 
START 0.4594871794871795 12.406153846153845 0.47863247863247865 -2.2520245457528003 0.3578798696738946 -0.40152375621949155 END 
START 0.8806837606837606 14.033504273504274 0.918974358974359 -2.2345669911345616 0.3753374242921334 -0.3142359831282977 END 
START 1.301880341880342 15.526837606837606 1.052991452991453 -2.0687202222612933 0.2793208738918202 -0.2793208738918202 END 
START 1.3976068376068376 16.311794871794874 1.2827350427350428 -1.8505007895333088 0.1396604369459101 -0.34042231505565584 END 
START 1.8953846153846154 17.211623931623933 1.4933333333333334 -1.4227907013864591 0.09601655040031319 -0.04364388654559691 END 
START 2.374017094017094 17.69025641025641 1.8762393162393163 -1.2045712686584746 0.026186331927358142 -0.052372663854716284 END 
START 3.024957264957265 17.747692307692308 1.991111111111111 -0.9776230586213707 -0.008728777309119381 -0.10474532770943257 END 
START 3.7524786324786326 17.46051282051282 1.8953846153846154 -0.6895734074204312 -0.08728777309119382 -0.10474532770943257 END 
START 4.3076923076923075 16.445811965811966 1.7422222222222221 -0.39279497891037213 -0.21821943272798452 -0.10474532770943257 END 
START 4.901196581196581 15.258803418803419 1.7996581196581196 -0.21821943272798452 -0.34042231505565584 -0.12220288232767133 END 
START 5.59042735042735 14.58871794871795 1.8188034188034188 -0.1309316596367907 -0.43643886545596905 -0.06110144116383567 END 
START 6.222222222222222 14.454700854700855 1.7805128205128204 -0.017457554618238762 -0.6110144116383567 0 END 
START 6.394529914529914 14.052649572649573 1.8188034188034188 0.17457554618238763 -0.8816065082210575 -0.017457554618238762 END 
START 6.164786324786324 13.152820512820513 2.1825641025641027 0.3316935377465365 -1.1260122728764002 -0.09601655040031319 END 
START 5.686153846153847 11.88923076923077 2.5846153846153848 0.40152375621949155 -1.3093165963679072 -0.16584676887326824 END 
START 5.1692307692307695 10.740512820512821 3.063247863247863 0.39279497891037213 -1.4227907013864591 -0.07855899578207443 END 
START 4.6523076923076925 10.07042735042735 3.3695726495726497 0.34915109236477526 -1.4926209198594143 0 END 
START 4.173675213675214 9.572649572649572 3.5035897435897434 0.28804965120093956 -1.579908692950608 0.026186331927358142 END 
START 3.695042735042735 9.094017094017094 3.5035897435897434 0.22694821003710391 -1.7021115752782794 0.026186331927358142 END 
START 3.2355555555555555 8.845128205128205 3.5227350427350426 0.19203310080062638 -1.8155856802968313 0.07855899578207443 END 
START 2.6420512820512823 8.481367521367522 3.4652991452991455 0.1483892142550295 -1.8941446760789058 0.10474532770943257 END 
START 1.991111111111111 8.117606837606838 3.4844444444444442 0.08728777309119382 -1.97270367186098 0.17457554618238763 END 
START 1.2252991452991453 7.983589743589744 3.388717948717949 0 -2.033805113024816 0.30550720581917834 END 
START 0.5169230769230769 8.347350427350428 3.312136752136752 -0.10474532770943257 -2.0949065541886513 0.4102525335286109 END 
START -0.19145299145299144 8.883418803418804 3.273846153846154 -0.1396604369459101 -2.129821663425129 0.4713539746924466 END 
START -1.1487179487179486 9.323760683760684 3.3695726495726497 -0.20076187810974577 -2.1560079953524873 0.4713539746924466 END 
START -2.2974358974358973 9.610940170940172 3.3695726495726497 -0.27059209658270084 -2.147279218043368 0.4277100881468497 END 
START -3.4652991452991455 10.281025641025641 3.2355555555555555 -0.3753374242921334 -2.0076187810974577 0.3753374242921334 END 
START -4.977777777777778 11.908376068376068 2.6994871794871793 -0.38406620160125277 -1.579908692950608 0.11347410501855196 END 
START -5.686153846153847 12.616752136752137 2.5654700854700856 -0.28804965120093956 -1.3442317056043847 -0.017457554618238762 END 
START -6.04991452991453 13.21025641025641 2.24 -0.21821943272798452 -1.0212669451669676 -0.24440576465534267 END 
START -5.858461538461539 13.382564102564103 1.6847863247863248 -0.11347410501855196 -0.663387075493073 -0.38406620160125277 END 
START -5.245811965811966 13.593162393162393 1.0912820512820514 0.026186331927358142 -0.3578798696738946 -0.34915109236477526 END 
START -4.4225641025641025 14.55042735042735 0.5169230769230769 0.11347410501855196 -0.06983021847295505 -0.34042231505565584 END 
START -3.063247863247863 16.254358974358976 -0.2105982905982906 0.20076187810974577 0.183304323491507 -0.48008275200156597 END 
START -1.5699145299145298 17.173333333333332 -0.9955555555555555 0.49754030661980475 0.20949065541886513 -0.6808446301113117 END 
START -0.5743589743589743 17.00102564102564 -0.9572649572649573 0.8641489536028187 0.07855899578207443 -0.6284719662565954 END 
START -0.15316239316239316 16.57982905982906 -0.5552136752136753 1.1434698274946389 0.11347410501855196 -0.3753374242921334 END 
START 0.3446153846153846 16.52239316239316 -0.22974358974358974 1.3005878190587878 0.15711799156414885 -0.25313454196446206 END 
START 0.67008547008547 16.35008547008547 0.03829059829059829 1.3878755921499817 0.1396604369459101 -0.38406620160125277 END 
START 1.0147008547008547 15.928888888888888 0.2105982905982906 1.483892142550295 0.1483892142550295 -0.43643886545596905 END 
START 1.7422222222222221 14.799316239316239 0.40205128205128204 1.806856902987712 0.034915109236477525 -0.25313454196446206 END 
START 1.589059829059829 13.88034188034188 0.5169230769230769 1.9290597853153832 -0.008728777309119381 -0.07855899578207443 END 
START 1.4167521367521367 13.65059829059829 0.5743589743589743 1.9552461172427413 -0.04364388654559691 -0.08728777309119382 END 
START 1.3210256410256411 13.057094017094018 0.650940170940171 1.9552461172427413 -0.07855899578207443 -0.25313454196446206 END 
START 1.2061538461538461 12.138119658119658 0.650940170940171 2.0076187810974577 -0.09601655040031319 -0.20076187810974577 END 
START 0.9381196581196581 11.238290598290599 0.7275213675213675 2.0687202222612933 -0.10474532770943257 -0.09601655040031319 END 
START 0.7083760683760684 10.204444444444444 0.7466666666666667 2.0949065541886513 -0.10474532770943257 -0.017457554618238762 END 
START 0.47863247863247865 8.9408547008547 0.5935042735042735 2.0687202222612933 -0.09601655040031319 0.008728777309119381 END 
START 0.1723076923076923 7.792136752136752 0.4594871794871795 1.9814324491700996 -0.06110144116383567 0 END 
START 0.11487179487179487 6.700854700854701 0.19145299145299144 1.8417720122241894 0 -0.017457554618238762 END 
START 0.28717948717948716 5.532991452991453 -0.28717948717948716 1.6846540206600407 0.04364388654559691 -0.008728777309119381 END 
START 0.3063247863247863 3.292991452991453 -0.8806837606837606 1.3093165963679072 0 0.10474532770943257 END 
START 0.057435897435897436 2.393162393162393 -1.0912820512820514 1.0038093905487289 0.09601655040031319 0.10474532770943257 END 
START 0.13401709401709402 1.7996581196581196 -1.435897435897436 0.6895734074204312 0.22694821003710391 0.20076187810974577 END 
