START -0.918974358974359 1.2827350427350428 -7.16034188034188 0.7594036258933862 -1.5013496971685336 -0.22694821003710391 END 
START -1.3784615384615384 0.650940170940171 -6.183931623931624 0.34915109236477526 -1.4577058106229366 -0.296778428510059 END 
START -2.0294017094017094 0 -5.398974358974359 0.06110144116383567 -1.4053331467682204 -0.5237266385471628 END 
START -3.5993162393162392 -0.1723076923076923 -3.082393162393162 -0.663387075493073 -1.2656727098223102 -0.9427079493848932 END 
START -4.5948717948717945 -0.3829059829059829 -1.8953846153846154 -0.8292338443663412 -1.0474532770943257 -0.9252503947666544 END 
START -5.724444444444444 -0.1723076923076923 -0.7658119658119658 -1.056182054403445 -0.6372007435657149 -0.7594036258933862 END 
START -6.873162393162393 0.3254700854700855 -0.07658119658119658 -1.4140619240773398 -0.17457554618238763 -0.7681324032025055 END 
START -7.734700854700855 0.5935042735042735 0.4403418803418803 -1.8854158987697864 0.41898131083773027 -0.7594036258933862 END 
START -8.04102564102564 1.1295726495726495 0.8615384615384616 -2.3043972096075165 1.1609273821128776 -0.6721158528021923 END 
START -7.8304273504273505 1.6464957264957265 1.1678632478632478 -2.6710058565905306 1.83304323491507 -0.5848280797109986 END 
START -7.4858119658119655 2.68034188034188 1.3593162393162392 -2.9241403985549925 2.4178713146260686 -0.4713539746924466 END 
START -6.815726495726496 4.097094017094017 1.6082051282051282 -3.1947324951376936 2.9241403985549925 -0.5760993024018791 END 
START -5.456410256410257 4.9394871794871795 1.7230769230769232 -3.5002397009568718 3.38676559593832 -0.619743188947476 END 
START -3.7333333333333334 6.203076923076923 1.4741880341880342 -3.735916688303095 3.8406620160125278 -0.34042231505565584 END 
START -2.5463247863247864 7.7729914529914526 0.9955555555555555 -3.7621030202304535 3.9977800075766767 -0.12220288232767133 END 
START 1.1104273504273505 11.1808547008547 -0.8423931623931624 -3.770831797539573 4.3818462091779296 0.052372663854716284 END 
START 3.963076923076923 13.66974358974359 -2.4505982905982906 -3.7795605748486922 4.259643326850258 -0.25313454196446206 END 
START 7.026324786324786 16.043760683760684 -4.288547008547009 -3.7446454656122143 3.8406620160125278 -0.6721158528021923 END 
START 9.151452991452992 18.092307692307692 -5.839316239316239 -3.535154810193349 3.203461272446813 -1.099825940949042 END 
START 9.725811965811966 18.85811965811966 -6.451965811965812 -3.1685461632103356 2.496430310408143 -1.396604369459101 END 
START 9.151452991452992 18.743247863247863 -5.896752136752137 -2.6971921885178887 2.0774489995704126 -1.2831302644405491 END 
START 9.457777777777778 19.183589743589742 -5.60957264957265 -2.2520245457528003 1.9639748945518607 -0.9339791720757737 END 
START 10.970256410256411 20.025982905982907 -5.896752136752137 -1.8243144576059507 1.8854158987697864 -0.6721158528021923 END 
START 12.023247863247864 20.255726495726496 -5.858461538461539 -1.396604369459101 1.6671964660418017 -0.48881152931068533 END 
START 12.061538461538461 20.025982905982907 -5.475555555555555 -1.0474532770943257 1.396604369459101 -0.4626251973833272 END 
START 12.061538461538461 19.04957264957265 -4.690598290598291 -0.6895734074204312 1.1609273821128776 -0.3753374242921334 END 
START 11.908376068376068 17.67111111111111 -4.077948717948718 -0.2356769873462233 1.0474532770943257 0 END 
START 11.295726495726496 15.354529914529914 -3.3312820512820513 0.44516764276508847 0.7157597393477892 0.84669139898458 END 
START 10.817094017094018 14.224957264957265 -2.890940170940171 0.6721158528021923 0.10474532770943257 1.0474532770943257 END 
START 9.783247863247864 12.923076923076923 -2.1442735042735044 0.733217293966028 -0.3578798696738946 0.9950806132396095 END 
START 8.615384615384615 11.506324786324786 -1.4167521367521367 0.7855899578207443 -0.663387075493073 0.98635183593049 END 
START 7.466666666666667 10.415042735042736 -0.7658119658119658 0.7855899578207443 -0.8903352855301769 1.0649108317125644 END 
START 6.605128205128205 9.591794871794871 -0.650940170940171 0.7244885166569086 -1.213300045967594 1.0212669451669676 END 
START 6.145641025641026 8.825982905982906 -0.3829059829059829 0.6721158528021923 -1.69338279796916 0.8990640628392963 END 
START 5.437264957264957 8.136752136752136 -0.13401709401709402 0.43643886545596905 -2.1647367726616067 0.6546582981839536 END 
START 4.7671794871794875 7.3135042735042735 0.3254700854700855 0.34042231505565584 -2.557531751571979 0.48008275200156597 END 
START 4.48 6.777435897435898 0.5743589743589743 0.2356769873462233 -2.8281238481546795 0.49754030661980475 END 
START 4.231111111111111 6.585982905982906 0.6126495726495726 0.20076187810974577 -3.142359831282977 0.4713539746924466 END 
START 3.4844444444444442 5.896752136752137 0.918974358974359 -0.08728777309119382 -4.09379655797699 -0.1483892142550295 END 
START 3.2164102564102564 5.686153846153847 0.9381196581196581 -0.25313454196446206 -4.547692978051198 -0.48881152931068533 END 
START 2.795213675213675 5.801025641025641 1.3784615384615384 -0.39279497891037213 -5.036504507361883 -0.8379626216754605 END 
START 1.991111111111111 5.724444444444444 1.8570940170940171 -0.5324554158562822 -5.516587259363449 -1.0823683863308033 END 
START -0.057435897435897436 5.992478632478632 2.220854700854701 -0.6110144116383567 -6.0665002298379695 -1.5537223610232498 END 
START -2.7186324786324785 5.398974358974359 2.9675213675213676 -0.7681324032025055 -6.406922544893626 -1.9639748945518607 END 
START -5.571282051282052 5.073504273504273 3.388717948717949 -0.8379626216754605 -6.214889444092999 -1.7981281256785926 END 
START -8.577094017094018 5.456410256410257 3.5035897435897434 -0.8903352855301769 -5.78717935594615 -1.352960482913504 END 
START -11.2191452991453 6.183931623931624 3.4844444444444442 -1.1347410501855195 -5.228537608162509 -1.2656727098223102 END 
START -12.980512820512821 6.681709401709401 2.8143589743589743 -1.3791468148408623 -4.37311743186881 -1.1085547182581614 END 
START -13.842051282051282 8.06017094017094 1.8953846153846154 -1.4577058106229366 -3.5438835875024686 -0.916521617457535 END 
START -14.58871794871795 9.993846153846153 0.3446153846153846 -1.3093165963679072 -2.0687202222612933 -0.017457554618238762 END 
START -14.646153846153846 11.755213675213675 -0.8423931623931624 -1.1260122728764002 -1.2744014871314298 0.40152375621949155 END 
START -14.492991452991452 13.133675213675213 -1.8188034188034188 -1.0474532770943257 -0.6284719662565954 0.5586417477836404 END 
START -14.186666666666667 14.914188034188035 -2.661196581196581 -0.9776230586213707 -0.026186331927358142 0.3753374242921334 END 
START -12.980512820512821 15.986324786324786 -3.4844444444444442 -0.7943187351298637 0.3578798696738946 0.017457554618238762 END 
START -11.716923076923077 16.40752136752137 -3.8673504273504276 -0.39279497891037213 0.6983021847295505 0.16584676887326824 END 
START -11.104273504273504 17.613675213675215 -4.269401709401709 0.04364388654559691 1.0125381678578482 0.27059209658270084 END 
START -10.587350427350428 17.728547008547007 -4.077948717948718 0.38406620160125277 1.1696561594219972 0 END 
START -10.568205128205129 17.556239316239317 -3.8864957264957263 0.6983021847295505 1.3616892602226234 -0.19203310080062638 END 
START -10.587350427350428 17.49880341880342 -3.388717948717949 0.9776230586213707 1.5537223610232498 -0.44516764276508847 END 
START -9.936410256410257 17.05846153846154 -2.8335042735042735 1.2656727098223102 1.8592295668424281 -0.48881152931068533 END 
START -8.998290598290598 16.752136752136753 -2.5846153846153848 1.6148238021870855 2.217109436516323 -0.15711799156414885 END 
START -7.447521367521367 17.211623931623933 -1.8570940170940171 2.0774489995704126 2.5662605288810982 -0.3316935377465365 END 
START -6.662564102564103 16.254358974358976 -1.435897435897436 2.313125986916636 2.6448195246631725 -0.49754030661980475 END 
START -5.896752136752137 15.45025641025641 -0.9764102564102564 2.6186331927358144 2.8455814027729183 -0.2793208738918202 END 
START -4.9394871794871795 14.875897435897436 -0.5169230769230769 2.932869175864112 3.0288857262644253 0 END 
START -3.6567521367521367 14.244102564102564 -0.11487179487179487 3.1685461632103356 3.142359831282977 0.10474532770943257 END 
START -2.5271794871794873 13.593162393162393 0.3063247863247863 3.229647604374171 3.151088608592097 -0.06110144116383567 END 
START -0.918974358974359 12.272136752136753 0.5169230769230769 3.273291490919768 3.089987167428261 -0.4626251973833272 END 
START 0.5935042735042735 10.52991452991453 0.4211965811965812 3.4653245917203943 2.96778428510059 -0.49754030661980475 END 
START 2.01025641025641 8.615384615384615 0.6126495726495726 3.7446454656122143 2.8455814027729183 -0.3316935377465365 END 
START 2.986666666666667 6.777435897435898 0.5360683760683761 3.4653245917203943 2.7233785204452468 0.15711799156414885 END 
START 3.6567521367521367 5.667008547008547 0.019145299145299145 3.325664154774484 2.5138878650263816 -0.06110144116383567 END 
