START 0.918974358974359 4.556581196581196 -7.983589743589744 0.09601655040031319 -0.44516764276508847 -0.034915109236477525 END 
START -0.07658119658119658 4.8820512820512825 -8.04102564102564 -0.08728777309119382 -0.4626251973833272 0 END 
START -0.8232478632478633 4.365128205128205 -7.907008547008547 -0.3316935377465365 -0.48008275200156597 -0.19203310080062638 END 
START -1.2635897435897436 4.1928205128205125 -7.007179487179487 -0.3753374242921334 -0.2356769873462233 -0.17457554618238763 END 
START -1.703931623931624 4.365128205128205 -6.892307692307693 -0.40152375621949155 0.07855899578207443 -0.06983021847295505 END 
START -2.6994871794871793 4.958632478632478 -5.896752136752137 -0.296778428510059 0.49754030661980475 0.052372663854716284 END 
START -3.3504273504273505 5.111794871794872 -5.073504273504273 -0.24440576465534267 0.6284719662565954 0.06110144116383567 END 
START -3.963076923076923 5.092649572649573 -4.499145299145299 -0.20949065541886513 0.8379626216754605 -0.11347410501855196 END 
START -4.269401709401709 4.7097435897435895 -3.9247863247863246 -0.21821943272798452 1.2220288232767134 -0.27059209658270084 END 
START -4.556581196581196 4.173675213675214 -3.6567521367521367 -0.2793208738918202 1.5711799156414885 -0.34915109236477526 END 
START -4.5374358974358975 3.4461538461538463 -3.5035897435897434 -0.30550720581917834 1.8243144576059507 -0.3578798696738946 END 
START -4.154529914529914 2.661196581196581 -3.158974358974359 -0.27059209658270084 2.1647367726616067 -0.10474532770943257 END 
START -3.5993162393162392 2.8143589743589743 -2.5463247863247864 -0.366608646983014 2.5924468608084563 0.16584676887326824 END 
START -3.1398290598290597 3.273846153846154 -2.2974358974358973 -0.5586417477836404 2.976513062409709 0.026186331927358142 END 
START -2.4314529914529914 3.273846153846154 -1.8953846153846154 -0.7943187351298637 3.255833936301529 -0.30550720581917834 END 
START -1.5699145299145298 3.273846153846154 -1.455042735042735 -1.0823683863308033 3.4653245917203943 -0.6022856343292373 END 
START 0.03829059829059829 3.7141880341880342 -1.2061538461538461 -1.3355029282952653 3.7010015790666175 -0.6721158528021923 END 
START 2.24 6.04991452991453 -1.4167521367521367 -1.3878755921499817 3.66608646983014 -0.7506748485842668 END 
START 2.795213675213675 6.892307692307693 -0.8615384615384616 -1.4577058106229366 3.6311713605936626 -0.916521617457535 END 
START 3.5418803418803417 8.232478632478632 -0.19145299145299144 -1.649738911423563 3.6311713605936626 -1.2045712686584746 END 
START 4.958632478632478 9.802393162393162 -0.24888888888888888 -1.8766871214606669 3.6748152471392594 -1.6148238021870855 END 
START 5.877606837606837 10.797948717948717 -0.7658119658119658 -1.9203310080062639 3.4478670371021556 -1.9552461172427413 END 
START 6.394529914529914 11.085128205128205 -0.40205128205128204 -1.806856902987712 3.159817385901216 -1.9203310080062639 END 
START 6.777435897435898 11.697777777777778 0.5552136752136753 -1.7544842391329956 2.9852418397188285 -1.6846540206600407 END 
START 7.907008547008547 12.96136752136752 1.0912820512820514 -1.7893993483694732 2.950326730482351 -1.5449935837141304 END 
START 8.96 13.956923076923077 1.1104273504273505 -1.7719417937512343 2.8281238481546795 -1.536264806405011 END 
START 9.515213675213674 14.607863247863248 1.1487179487179486 -1.7021115752782794 2.54007419695374 -1.675925243350921 END 
START 10.415042735042736 15.067350427350428 1.7230769230769232 -1.623552579496205 2.40041376000783 -1.5973662475688468 END 
START 13.171965811965812 16.79042735042735 1.6847863247863248 -1.2831302644405491 2.0687202222612933 -1.0910971636399227 END 
START 14.224957264957265 17.03931623931624 1.5124786324786326 -1.029995722476087 1.7195691298965181 -0.9688942813122513 END 
START 15.316239316239317 16.713846153846156 1.301880341880342 -0.7943187351298637 1.483892142550295 -0.7855899578207443 END 
START 16.656410256410258 16.33094017094017 0.9572649572649573 -0.5062690839289241 1.239486377894952 -0.3753374242921334 END 
START 17.805128205128206 15.718290598290599 0.5360683760683761 -0.16584676887326824 0.8816065082210575 0.10474532770943257 END 
START 18.054017094017095 15.048205128205128 0.26803418803418805 0.11347410501855196 0.38406620160125277 0.366608646983014 END 
START 17.42222222222222 14.052649572649573 0.11487179487179487 0.296778428510059 -0.183304323491507 0.2356769873462233 END 
START 16.40752136752137 12.501880341880343 0.28717948717948716 0.3753374242921334 -0.7681324032025055 -0.026186331927358142 END 
START 15.086495726495727 10.98940170940171 0.7275213675213675 0.40152375621949155 -1.2220288232767134 -0.06110144116383567 END 
START 13.66974358974359 9.993846153846153 1.1295726495726495 0.4102525335286109 -1.6060950248779662 0.06110144116383567 END 
START 12.31042735042735 9.438632478632478 1.5699145299145298 0.40152375621949155 -1.9639748945518607 0.16584676887326824 END 
START 10.95111111111111 9.074871794871795 2.105982905982906 0.34042231505565584 -2.269482100371039 0.1396604369459101 END 
START 8.691965811965812 8.366495726495726 2.9675213675213676 0.22694821003710391 -2.705920965827008 0.008728777309119381 END 
START 7.734700854700855 8.117606837606838 3.2355555555555555 0.183304323491507 -2.810666293536441 0.04364388654559691 END 
START 6.854017094017094 7.811282051282051 3.3312820512820513 0.1309316596367907 -2.906682843936754 0.06983021847295505 END 
START 6.069059829059829 7.504957264957265 3.3504273504273505 0.09601655040031319 -3.0026993943370672 0.06110144116383567 END 
START 5.2841025641025645 7.39008547008547 3.388717948717949 0.034915109236477525 -3.0550720581917834 0 END 
START 4.48 7.16034188034188 3.3504273504273505 -0.026186331927358142 -3.089987167428261 -0.1396604369459101 END 
START 3.9247863247863246 6.911452991452991 3.1398290598290597 -0.09601655040031319 -3.0550720581917834 -0.183304323491507 END 
START 3.4844444444444442 6.739145299145299 2.8143589743589743 -0.16584676887326824 -3.0376145035735447 -0.16584676887326824 END 
START 3.3695726495726497 6.356239316239316 2.393162393162393 -0.20949065541886513 -3.020156948955306 0.04364388654559691 END 
START 2.9483760683760685 6.356239316239316 1.9336752136752138 -0.20076187810974577 -3.020156948955306 0.39279497891037213 END 
START 2.2974358974358973 6.643418803418803 1.7805128205128204 -0.296778428510059 -3.0288857262644253 0.43643886545596905 END 
START 0.9764102564102564 6.796581196581196 0.9955555555555555 -0.8292338443663412 -3.0376145035735447 -0.2618633192735814 END 
START 0.47863247863247865 6.854017094017094 0.7849572649572649 -0.9514367266940126 -3.0550720581917834 -0.28804965120093956 END 
START -0.3254700854700855 7.102905982905983 0.5935042735042735 -0.98635183593049 -2.9852418397188285 0.034915109236477525 END 
START -1.187008547008547 7.7155555555555555 0.3446153846153846 -1.0038093905487289 -2.8543101800820376 0.4277100881468497 END 
START -1.9528205128205127 8.328205128205129 0.26803418803418805 -1.0474532770943257 -2.6884634112087693 0.6284719662565954 END 
START -2.795213675213675 9.247179487179487 0.2105982905982906 -1.2045712686584746 -2.4353288692443074 0.5586417477836404 END 
START -3.4652991452991455 10.147008547008546 -0.09572649572649572 -1.3704180375317427 -2.11236410880689 0.21821943272798452 END 
START -3.7716239316239317 10.855384615384615 -0.4211965811965812 -1.4751633652411755 -1.83304323491507 -0.09601655040031319 END 
START -3.58017094017094 11.544615384615385 -0.9764102564102564 -1.3878755921499817 -1.5537223610232498 -0.07855899578207443 END 
START -3.561025641025641 12.09982905982906 -1.4933333333333334 -1.2307576005858327 -1.3005878190587878 0.11347410501855196 END 
START -4.154529914529914 12.903931623931625 -1.7422222222222221 -1.1347410501855195 -1.073639609021684 0.1396604369459101 END 
START -4.5948717948717945 13.497435897435897 -1.9528205128205127 -1.0212669451669676 -0.7768611805116249 0.008728777309119381 END 
START -3.695042735042735 14.224957264957265 -3.005811965811966 -0.7768611805116249 -0.06110144116383567 -0.1483892142550295 END 
START -3.0441025641025643 14.397264957264957 -3.4844444444444442 -0.5324554158562822 0.09601655040031319 -0.017457554618238762 END 
START -2.8526495726495726 14.875897435897436 -3.6567521367521367 -0.2793208738918202 0.16584676887326824 0.017457554618238762 END 
START -2.6420512820512823 15.048205128205128 -3.695042735042735 -0.11347410501855196 0.28804965120093956 -0.10474532770943257 END 
START -2.105982905982906 15.029059829059829 -3.9056410256410254 0.026186331927358142 0.45389642007420783 -0.2356769873462233 END 
START -1.5699145299145298 15.029059829059829 -4.001367521367522 0.17457554618238763 0.6110144116383567 -0.2618633192735814 END 
START -1.187008547008547 15.258803418803419 -3.7333333333333334 0.3578798696738946 0.7244885166569086 -0.16584676887326824 END 
START -0.8615384615384616 15.737435897435898 -3.5418803418803417 0.5324554158562822 0.8292338443663412 -0.08728777309119382 END 
START -0.3254700854700855 16.08205128205128 -3.695042735042735 0.7157597393477892 0.8816065082210575 -0.15711799156414885 END 
START 0.47863247863247865 16.13948717948718 -3.790769230769231 0.8990640628392963 0.9077928401484157 -0.2356769873462233 END 
START 1.1295726495726495 16.06290598290598 -3.58017094017094 1.1347410501855195 0.9776230586213707 -0.25313454196446206 END 
START 1.6273504273504273 16.005470085470087 -3.3312820512820513 1.3616892602226234 1.0125381678578482 -0.21821943272798452 END 
START 2.7186324786324785 15.507692307692308 -3.2164102564102564 1.7457554618238762 0.9776230586213707 -0.21821943272798452 END 
START 3.2547008547008547 15.00991452991453 -3.292991452991453 1.8854158987697864 0.8903352855301769 -0.22694821003710391 END 
START 3.3695726495726497 14.58871794871795 -3.063247863247863 2.016347558406577 0.84669139898458 -0.19203310080062638 END 
START 3.388717948717949 14.167521367521367 -2.795213675213675 2.147279218043368 0.84669139898458 -0.1309316596367907 END 
START 3.4844444444444442 13.918632478632478 -2.7377777777777776 2.2258382138254422 0.8117762897481025 -0.17457554618238763 END 
START 3.7333333333333334 13.325128205128205 -2.622905982905983 2.313125986916636 0.7681324032025055 -0.15711799156414885 END 
START 3.8290598290598292 12.655042735042736 -2.5463247863247864 2.4178713146260686 0.7594036258933862 0.026186331927358142 END 
START 4.058803418803419 12.08068376068376 -2.5463247863247864 2.522616642335501 0.7681324032025055 0.25313454196446206 END 
START 4.001367521367522 11.831794871794871 -2.5654700854700856 2.583718083499337 0.7419460712751474 0.296778428510059 END 
START 4.077948717948718 11.257435897435897 -2.5463247863247864 2.5749893061902176 0.6546582981839536 0.09601655040031319 END 
START 4.269401709401709 10.281025641025641 -2.508034188034188 2.609904415426695 0.6459295208748342 0.08728777309119382 END 
START 4.518290598290598 8.998290598290598 -2.4123076923076923 2.67973463389965 0.549912970474521 0.24440576465534267 END 
START 4.460854700854701 8.155897435897437 -2.508034188034188 2.7146497431361274 0.48881152931068533 0.2793208738918202 END 
START 4.211965811965812 7.17948717948718 -2.603760683760684 2.7233785204452468 0.41898131083773027 0.2618633192735814 END 
START 4.135384615384615 6.164786324786324 -2.6420512820512823 2.6710058565905306 0.3578798696738946 0.19203310080062638 END 
START 4.326837606837607 5.073504273504273 -2.6994871794871793 2.583718083499337 0.34042231505565584 0.2356769873462233 END 
START 4.499145299145299 4.231111111111111 -2.8526495726495726 2.5051590877172623 0.28804965120093956 0.296778428510059 END 
START 4.48 3.4461538461538463 -3.063247863247863 2.3916849826987105 0.16584676887326824 0.2356769873462233 END 
START 4.345982905982906 2.3165811965811964 -3.2164102564102564 2.199651881898084 0.017457554618238762 0.07855899578207443 END 
START 4.097094017094017 1.187008547008547 -3.005811965811966 1.9290597853153832 -0.026186331927358142 -0.017457554618238762 END 
START 4.03965811965812 0.3063247863247863 -2.91008547008547 1.5537223610232498 0.034915109236477525 -0.06110144116383567 END 
START 3.9247863247863246 -0.4403418803418803 -3.2164102564102564 1.239486377894952 0.052372663854716284 -0.21821943272798452 END 
